imageID;text densities;Histogram of windows with text densitites b/w 0:0.1:1;threshold;windows greater than threshold;largest connected window (no. of windows);largest connected window in pixels;The average size of connected regions;
306OACM7G04QOX49OC3VEMIMU7KA8L.png;0.2264,0.1704,0.0000,0.2537,0.1521,0.0348,0.0257,0.0366,0.0157,0.0176,0.0352,0.0131,0.0131,0.0370,0.0241,0.0000,0.0000,;10,2,2,0,0,0,0,0,0,0,0,;0.0754;4;2;546400;4.00;
30E2X49V611K26Z0IIHLB47CQY53NF.png;0.0000,0.0000,0.1787,0.2446,0.0872,0.0157,0.1218,0.0000,0.0000,0.0000,0.0000,0.0000,0.0000,0.0000,0.0000,0.0000,0.0128,;3,2,1,0,0,0,0,0,0,0,0,;0.1101;3;2;546400;1.50;
30E2X49V611K26Z0IIHLB47CQY63NG.png;0.0776,0.0000,0.0712,0.1239,0.0693,0.1130,0.0000,0.0430,0.1330,0.0234,0.0354,0.0005,0.1221,0.0000,0.0000,0.0000,0.0000,;6,4,0,0,0,0,0,0,0,0,0,;0.0739;5;1;273200;5.00;
30GUUI0R316PRKEN69AJEXY15MMBCT.png;0.0577,0.0494,0.0468,0.1072,0.1495,0.0793,0.0255,0.0277,0.0792,0.0068,0.0845,0.1069,0.1557,0.0568,0.0000,0.0477,0.0597,;13,2,0,0,0,0,0,0,0,0,0,;0.0713;7;3;819600;3.50;
319N3DB42B6LKGW48RIT1IUY6MJEPG.png;0.0619,0.1364,0.1192,0.0690,0.0738,0.0461,0.0000,0.0000,0.0000,0.0607,0.0614,0.0862,0.0512,0.0612,0.0678,0.0659,0.0211,;12,2,0,0,0,0,0,0,0,0,0,;0.0701;4;2;546400;2.00;
31H4HIBP9AWNGDF6JZY7J01Z8LG5HP.png;0.0000,0.1948,0.3279,0.5135,0.1894,0.0000,0.0936,0.2176,0.0140,0.1787,0.0000,0.0914,0.0989,0.0143,0.1785,0.0000,0.0000,;5,4,1,1,0,1,0,0,0,0,0,;0.1761;7;4;1092800;3.50;
31QBDMKNDPO96CGOU6OI3UH1N96L85.png;0.0000,0.0000,0.0000,0.0000,0.0000,0.0000,0.0000,0.0000,0.0212,0.0727,0.0211,0.0000,0.0000,0.0540,0.0619,0.0000,0.0000,;5,0,0,0,0,0,0,0,0,0,0,;0.0462;3;2;546400;1.50;
31QOF9ABLNAV27TO4PXO0GLATWO1L1.png;0.0000,0.1658,0.2269,0.0781,0.0427,0.1763,0.1908,0.1597,0.1627,0.1284,0.3392,0.0485,0.0337,0.0000,0.0000,0.0000,0.0408,;5,6,1,1,0,0,0,0,0,0,0,;0.1380;7;4;1092800;2.33;
31R9JPCYP6DVE0AQVNO2QFRENFMWRA.png;0.0093,0.4728,0.3838,0.3341,0.1568,0.0017,0.0778,0.0242,0.0514,0.0000,0.0000,0.0000,0.0000,0.0000,0.0000,0.0000,0.0000,;3,1,0,2,1,0,0,0,0,0,0,;0.1680;3;3;819600;3.00;
31TTIPZ8XM69HILWQZWMCQMN1KS3GE.png;0.0719,0.0958,0.0053,0.0000,0.0000,0.0000,0.0000,0.0000,0.0000,0.0000,0.0000,0.0000,0.0000,0.0433,0.1229,0.2018,0.2593,;3,2,1,0,0,0,0,0,0,0,0,;0.1143;3;3;819600;3.00;
31ZZN31VRB1J1I6XNAS9X9DBA59QRV.png;0.1377,0.1284,0.0499,0.0139,0.0538,0.0179,0.0197,0.0485,0.0180,0.0197,0.0136,0.0396,0.0084,0.0247,0.0301,0.0445,0.0800,;14,2,0,0,0,0,0,0,0,0,0,;0.0440;7;3;819600;2.33;
3203J2GC2PK4HSXGZ2GG107218V84Q.png;0.1477,0.3343,0.1339,0.1121,0.0416,0.0620,0.0179,0.0184,0.0974,0.0195,0.0045,0.0139,0.0000,0.0000,0.0699,0.0000,0.0138,;9,3,0,1,0,0,0,0,0,0,0,;0.0776;5;4;1092800;2.50;
3203J2GC2PK4HSXGZ2GG1073Z7V84O.png;0.1490,0.2713,0.0797,0.0000,0.0000,0.0000,0.0000,0.0000,0.0000,0.0013,0.0963,0.1110,0.0338,0.0052,0.0700,0.0701,0.0000,;5,2,1,0,0,0,0,0,0,0,0,;0.0888;4;2;546400;4.00;
3203J2GC2PK4HSXGZ2GG1074VAS84P.png;0.2374,0.0553,0.0656,0.0000,0.0000,0.0000,0.0000,0.0000,0.0000,0.0000,0.0000,0.0000,0.0000,0.0000,0.0000,0.0000,0.0000,;2,0,1,0,0,0,0,0,0,0,0,;0.1194;1;1;273200;1.00;
320GLP60AN5TS9K5PU8IGRVPKUZ14P.png;0.0000,0.0000,0.0352,0.0957,0.1169,0.0494,0.0631,0.0686,0.0229,0.0582,0.0920,0.0613,0.1493,0.0326,0.2046,0.0867,0.0326,;12,3,0,0,0,0,0,0,0,0,0,;0.0779;6;2;546400;3.00;
320GLP60AN6FM9FGZXIOL5AG38941T.png;0.0319,0.0007,0.2464,0.2356,0.1172,0.2311,0.2200,0.1424,0.2075,0.0039,0.0097,0.0098,0.0076,0.0015,0.1397,0.0023,0.0171,;2,4,4,0,0,0,0,0,0,0,0,;0.0955;8;7;1912400;4.00;
323KIQYDLQ7S9UIT4NE6QLFONB14CB.png;0.0661,0.1555,0.0000,0.0000,0.0000,0.0000,0.0000,0.0000,0.0023,0.0330,0.0827,0.0583,0.0390,0.0186,0.0000,0.0000,0.0000,;6,1,0,0,0,0,0,0,0,0,0,;0.0570;4;2;546400;4.00;
3244QHISJ1ITNE98CFK36E7RG91L0N.png;0.0723,0.0000,0.1087,0.0152,0.0000,0.0000,0.0000,0.0000,0.0000,0.1037,0.0170,0.0000,0.0000,0.0000,0.0000,0.0000,0.0000,;5,0,0,0,0,0,0,0,0,0,0,;0.0634;3;1;273200;3.00;
3244QHISK2XKVEPCAXDY38M44I9L04.png;0.1486,0.1384,0.0443,0.0151,0.0043,0.0070,0.0463,0.0000,0.0224,0.0000,0.0223,0.0000,0.0223,0.0000,0.0252,0.0430,0.0418,;9,2,0,0,0,0,0,0,0,0,0,;0.0447;3;2;546400;1.50;
329GGY5YRI5WHTWS4FZ9QWPAMFRT4W.png;0.0846,0.0129,0.1020,0.0271,0.0110,0.0408,0.0178,0.0185,0.0668,0.0000,0.0000,0.0000,0.0000,0.0000,0.0000,0.0000,0.0000,;9,0,0,0,0,0,0,0,0,0,0,;0.0424;3;1;273200;3.00;
32GVUSPLEYOYH9SP841K39EVOUOK3Z.png;0.0533,0.2075,0.1223,0.1236,0.0441,0.0908,0.0000,0.0831,0.0209,0.2173,0.0774,0.1511,0.0817,0.2153,0.0490,0.0463,0.0000,;9,4,2,0,0,0,0,0,0,0,0,;0.1056;6;3;819600;3.00;
32GVUSPLFZ61Q5EOZV799O813X5K3C.png;0.0687,0.2377,0.0944,0.0787,0.0380,0.0239,0.0160,0.0303,0.0205,0.0200,0.0241,0.0236,0.0105,0.0290,0.0236,0.0105,0.0254,;16,0,1,0,0,0,0,0,0,0,0,;0.0456;4;4;1092800;4.00;
32JEHGQ0QIPYH7JPSF8OLMHJ8AAU81.png;0.0583,0.0864,0.0218,0.0000,0.0051,0.0000,0.0139,0.0094,0.0056,0.0000,0.0000,0.0000,0.0054,0.0055,0.0000,0.0051,0.0364,;5,0,0,0,0,0,0,0,0,0,0,;0.0230;3;2;546400;1.50;
32JRJ3GOYGFHSVM6IWA88RJNYD8U1D.png;0.2150,0.1791,0.4139,0.1089,0.0898,0.0894,0.2132,0.1173,0.1887,0.2290,0.0139,0.1624,0.0821,0.1393,0.0621,0.0446,0.0810,;8,5,3,0,1,0,0,0,0,0,0,;0.1429;7;3;819600;2.33;
32SOQFN7RN4Q5SNOXDF8KS0W4TRIPM.png;0.2392,0.4642,0.0000,0.0257,0.0000,0.0000,0.0000,0.0000,0.0000,0.0205,0.0430,0.0171,0.1277,0.0698,0.1675,0.0000,0.0000,;5,2,1,0,1,0,0,0,0,0,0,;0.1305;3;2;546400;1.50;
32WAV7G60PNC75TK9C1M3A29EH0D36.png;0.0409,0.0338,0.0393,0.0604,0.0881,0.0994,0.0289,0.0000,0.0000,0.0000,0.0000,0.0208,0.0884,0.0000,0.0000,0.0000,0.0000,;9,0,0,0,0,0,0,0,0,0,0,;0.0556;4;3;819600;2.00;
32WAV7G6ZOBEE25MHO1EVKD7PUBD3N.png;0.0686,0.0463,0.0009,0.0000,0.0000,0.0000,0.0000,0.0000,0.0000,0.0061,0.0266,0.0240,0.0159,0.0149,0.0182,0.0234,0.0000,;8,0,0,0,0,0,0,0,0,0,0,;0.0245;3;2;546400;1.50;
330XZFCZ7R2IEZH3T3I3O6ANM0DXTM.png;0.0409,0.0195,0.0100,0.0197,0.0081,0.0566,0.0000,0.0000,0.0000,0.0000,0.0000,0.0000,0.0000,0.0000,0.0000,0.0000,0.0000,;5,0,0,0,0,0,0,0,0,0,0,;0.0258;2;1;273200;2.00;
330XZFCZ7RB627L6HWI9543W690TXG.png;0.0679,0.3627,0.0945,0.0977,0.1242,0.0862,0.1557,0.1362,0.1218,0.2400,0.1133,0.0958,0.0661,0.0648,0.0811,0.1166,0.0239,;9,6,1,1,0,0,0,0,0,0,0,;0.1205;6;4;1092800;3.00;
33EWWXEH81XUPFZ4BLANE2SZQMJ40X.png;0.0409,0.0224,0.0318,0.0184,0.0146,0.0175,0.0203,0.0183,0.0152,0.0143,0.0141,0.0357,0.0273,0.0000,0.0000,0.0000,0.0000,;13,0,0,0,0,0,0,0,0,0,0,;0.0224;5;3;819600;2.50;
33FLRCV01N0NF725EJLGLLU8UGYORG.png;0.0393,0.0276,0.0389,0.0428,0.0514,0.0519,0.0026,0.0000,0.0000,0.0000,0.0000,0.0000,0.0000,0.0000,0.0000,0.0535,0.0000,;7,0,0,0,0,0,0,0,0,0,0,;0.0385;6;4;1092800;3.00;
33QM7VBL79CAH7ME53S2DMVHTOZ3QX.png;0.1346,0.3268,0.1770,0.1890,0.0494,0.1294,0.1396,0.1735,0.1442,0.0972,0.1117,0.0673,0.0908,0.1022,0.1275,0.0571,0.0425,;7,9,0,1,0,0,0,0,0,0,0,;0.1270;9;4;1092800;4.50;
33RX46D1RXVH625SCIG7UWSYT80X1J.png;0.0000,0.0661,0.1099,0.0910,0.1181,0.0867,0.0640,0.0085,0.0482,0.1792,0.0228,0.1462,0.0144,0.1725,0.0777,0.0938,0.0461,;11,4,0,0,0,0,0,0,0,0,0,;0.0841;8;4;1092800;4.00;
33XMDKLTFSU7YK1SQJZ2MPHPZ4ZZCZ.png;0.0511,0.0748,0.2953,0.2640,0.1104,0.0784,0.0842,0.1372,0.1084,0.0976,0.1258,0.1377,0.0855,0.1256,0.0724,0.0687,0.0683,;10,5,2,0,0,0,0,0,0,0,0,;0.1168;6;2;546400;3.00;
344RGS4J7S874QSQIPH3B5TQWFPMPU.png;0.0000,0.2937,0.2523,0.0449,0.0000,0.0000,0.0000,0.0000,0.0000,0.0000,0.0000,0.0000,0.0000,0.0000,0.1562,0.0000,0.0566,;2,1,2,0,0,0,0,0,0,0,0,;0.1607;2;2;546400;2.00;
34B3PHKY7L0QRWI1JO5S4NCKMT3NE1.png;0.0000,0.0215,0.1343,0.2116,0.0404,0.0931,0.0310,0.0205,0.0000,0.0000,0.0000,0.0000,0.0000,0.0000,0.0000,0.0000,0.0000,;5,1,1,0,0,0,0,0,0,0,0,;0.0789;3;2;546400;1.50;
34KQN2TBKTGWLIK008X22C5QD2JSAJ.png;0.0000,0.0000,0.0000,0.0000,0.0000,0.0000,0.0000,0.0000,0.0000,0.0000,0.0000,0.0000,0.0000,0.0000,0.0000,0.0000,0.0000,;0,0,0,0,0,0,0,0,0,0,0,;NaN;0;
34RF8KPUOTU14SPS6MXYXNPWVK1SBB.png;0.0000,0.0065,0.0000,0.0065,0.0212,0.0151,0.0000,0.0143,0.0227,0.0116,0.0062,0.0094,0.0174,0.0066,0.0000,0.0187,0.0076,;7,0,0,0,0,0,0,0,0,0,0,;0.0126;6;2;546400;3.00;
34RF8KPUOTU14SPS6MXYXNPWVK1SBB_1.png;0.0278,0.0713,0.0391,0.1333,0.0472,0.0442,0.0000,0.0307,0.0000,0.0447,0.0224,0.0180,0.0355,0.0000,0.0314,0.0169,0.0711,;13,1,0,0,0,0,0,0,0,0,0,;0.0453;4;2;546400;2.00;
34RF8KPUOTU14SPS6MXYXNPWVK1SBB_2.png;0.0490,0.1030,0.0295,0.0282,0.0282,0.0290,0.0202,0.0170,0.0179,0.0177,0.0196,0.0206,0.0225,0.0205,0.0197,0.0280,0.0243,;17,0,0,0,0,0,0,0,0,0,0,;0.0291;3;3;819600;3.00;
34RF8KPUOTU14SPS6MXYXNPWVK7SBH.png;0.0207,0.0121,0.0066,0.0031,0.0453,0.0031,0.0103,0.0038,0.0346,0.0333,0.0037,0.0062,0.0031,0.0031,0.0000,0.0000,0.0147,;7,0,0,0,0,0,0,0,0,0,0,;0.0136;5;2;546400;2.50;
34YKDDZP3UMABNHOK8ECJ4FCOZJWHB.png;0.0000,0.1909,0.5121,0.1359,0.4453,0.1783,0.1757,0.1514,0.3123,0.2316,0.2054,0.3239,0.1716,0.1303,0.0859,0.0067,0.0000,;1,8,1,2,1,1,0,0,0,0,0,;0.2172;5;2;546400;2.50;
3568B45QGKRG3Y1LZDHA1JA6BSCO3E.png;0.4337,0.1413,0.0000,0.0000,0.0000,0.0000,0.0000,0.0000,0.0000,0.0000,0.0000,0.0134,0.0113,0.0625,0.0263,0.0221,0.0000,;5,1,0,0,1,0,0,0,0,0,0,;0.1015;2;2;546400;2.00;
3589VT1T2BGMXIVHZGNGS492OQIJN8.png;0.1924,0.1241,0.0000,0.0000,0.0000,0.0000,0.0000,0.0000,0.0000,0.0083,0.0000,0.0306,0.0567,0.0885,0.1423,0.0253,0.0802,;5,3,0,0,0,0,0,0,0,0,0,;0.0832;4;2;546400;4.00;
35DAEVU8JHJ10FFZ10EN4CRDQ8F870.png;0.0743,0.0989,0.0538,0.0169,0.0000,0.1002,0.0000,0.0000,0.2159,0.0000,0.0000,0.0000,0.0000,0.0000,0.0764,0.1440,0.0000,;6,1,1,0,0,0,0,0,0,0,0,;0.0976;4;1;273200;4.00;
35GRDJC92I6VOWRC3MF6JHNHWWLC7I.png;0.0099,0.0080,0.0045,0.0933,0.0355,0.0000,0.0000,0.0000,0.0000,0.0000,0.0000,0.0000,0.0000,0.0000,0.0000,0.0000,0.0000,;2,0,0,0,0,0,0,0,0,0,0,;0.0302;2;2;546400;2.00;
35HIM1LU2HRMGPBVQO0P66HG1MBI5I.png;0.0722,0.0000,0.0000,0.0000,0.0000,0.0657,0.0716,0.2293,0.1502,0.1100,0.1991,0.2546,0.3018,0.0267,0.1012,0.0343,0.2413,;6,3,4,0,0,0,0,0,0,0,0,;0.1429;6;3;819600;2.00;
35QUA2ABY634ZYN782PTB2BL5I8EGJ.png;0.0000,0.0954,0.2276,0.0000,0.0000,0.0000,0.0000,0.0000,0.0000,0.0000,0.0000,0.0000,0.0000,0.0000,0.0000,0.0000,0.0355,;2,0,1,0,0,0,0,0,0,0,0,;0.1195;1;1;273200;1.00;
35QUA2ABZ7MBAB0HZGYJHQ28USWGE7.png;0.0212,0.2841,0.1718,0.0000,0.0000,0.0000,0.0000,0.0000,0.0000,0.0000,0.0000,0.0000,0.0000,0.0000,0.0000,0.0000,0.0000,;1,1,1,0,0,0,0,0,0,0,0,;0.1590;2;2;546400;2.00;
361LJMRMCQ5CDYJ025B6700NV8CUR4.png;0.0000,0.1956,0.0000,0.0000,0.0440,0.0826,0.0020,0.0909,0.0525,0.0000,0.0469,0.4352,0.3277,0.0265,0.0153,0.0157,0.0000,;8,1,0,1,1,0,0,0,0,0,0,;0.1112;3;2;546400;1.50;
369VX4MEOJAKM0DV8XRK62EAJWKGI1.png;0.0768,0.1252,0.1318,0.2690,0.0442,0.0000,0.0000,0.0000,0.0079,0.0000,0.0052,0.0058,0.0027,0.0296,0.0110,0.0000,0.0686,;5,2,1,0,0,0,0,0,0,0,0,;0.0648;5;4;1092800;2.50;
36ARV8EEH67U95XPYN59VTZKFJ2VA1.png;0.0784,0.0245,0.0936,0.0212,0.0664,0.0093,0.0869,0.0093,0.0420,0.0000,0.0000,0.0702,0.0343,0.0000,0.0000,0.0000,0.0000,;9,0,0,0,0,0,0,0,0,0,0,;0.0487;5;1;273200;5.00;
36FIWAXJH5YZ4NF13JA9L63DO7Z3AS.png;0.1224,0.2637,0.1032,0.0932,0.1819,0.0771,0.3052,0.1716,0.3035,0.3411,0.0786,0.1461,0.1882,0.0828,0.1596,0.0430,0.0382,;7,6,3,1,0,0,0,0,0,0,0,;0.1588;8;4;1092800;4.00;
36HGGQAXL6KTNEA2DMTHLEEUZ4CVBW.png;0.2360,0.3508,0.1191,0.2406,0.2579,0.2887,0.2550,0.1296,0.0825,0.0645,0.0634,0.0681,0.0679,0.0575,0.0869,0.0712,0.0630,;9,2,5,1,0,0,0,0,0,0,0,;0.1472;6;4;1092800;3.00;
36HGGQAXL6L87J29O35QD9YQWSFBVG.png;0.0000,0.0000,0.1042,0.0000,0.0249,0.1102,0.1213,0.0335,0.1617,0.0224,0.0673,0.0073,0.0001,0.0000,0.0000,0.0000,0.0000,;5,3,0,0,0,0,0,0,0,0,0,;0.0653;5;2;546400;2.50;
36IAL8HYOXSPP9QYVLXZPMFW48E4R6.png;0.0000,0.0000,0.0000,0.0000,0.0000,0.0000,0.0000,0.0000,0.0000,0.0000,0.0125,0.0609,0.0631,0.1018,0.0571,0.0000,0.0000,;5,0,0,0,0,0,0,0,0,0,0,;0.0591;3;3;819600;3.00;
36MWL0IRGCO0L6PQ7W22BBNT0ICOHL.png;0.0000,0.0000,0.0650,0.3476,0.5024,0.0534,0.0000,0.0000,0.0000,0.0000,0.0182,0.0281,0.0152,0.0000,0.1888,0.0000,0.0000,;5,1,0,1,1,0,0,0,0,0,0,;0.1523;3;2;546400;1.50;
36QDS77QN9NG5USZQM0XMAC2L97HFT.png;0.1990,0.1193,0.2888,0.0293,0.0060,0.0000,0.0000,0.0000,0.0000,0.0998,0.1446,0.1250,0.2438,0.2350,0.1747,0.1888,0.2901,;2,6,4,0,0,0,0,0,0,0,0,;0.1649;7;5;1366000;3.50;
36QDS77QN9Y3AP81GU3ZJ983H37HFJ.png;0.0887,0.0000,0.0380,0.0779,0.0000,0.0000,0.0000,0.0000,0.0000,0.0340,0.0124,0.0398,0.0810,0.0000,0.0000,0.0000,0.0000,;7,0,0,0,0,0,0,0,0,0,0,;0.0531;3;1;273200;3.00;
36R3RQSDPTXRSZ6X7FR6HZHDYAF078.png;0.0409,0.0000,0.0000,0.0227,0.0092,0.0107,0.0000,0.0000,0.0000,0.0330,0.0168,0.0157,0.0182,0.0384,0.0000,0.0000,0.0000,;8,0,0,0,0,0,0,0,0,0,0,;0.0229;3;1;273200;3.00;
375FCEJV4GX4B1VR293XJCDD0I7CCJ.png;0.1092,0.0864,0.1861,0.3183,0.1347,0.1012,0.2068,0.1259,0.1400,0.1065,0.0708,0.2282,0.0936,0.1230,0.1163,0.1110,0.1993,;6,9,1,1,0,0,0,0,0,0,0,;0.1445;5;2;546400;2.50;
375MF9UHMRPR2XWE6NL8JC3TL1HSX9.png;0.0000,0.0395,0.1395,0.2972,0.0036,0.0693,0.0597,0.0000,0.0000,0.0000,0.0000,0.0000,0.0000,0.0000,0.0000,0.0000,0.0000,;3,1,1,0,0,0,0,0,0,0,0,;0.1015;2;2;546400;2.00;
37672WDDC2JA93V4O46FCCJ2VAJNM9.png;0.0000,0.0000,0.1175,0.0000,0.0868,0.1790,0.0110,0.0000,0.0000,0.0000,0.0000,0.0000,0.0000,0.0000,0.0000,0.0000,0.0000,;2,2,0,0,0,0,0,0,0,0,0,;0.0986;2;1;273200;2.00;
378UBY8FQ61LFCJMHZWZTRZI59A8TB.png;0.1476,0.2464,0.2081,0.2212,0.3137,0.3545,0.2100,0.3246,0.0894,0.0000,0.1497,0.0351,0.0381,0.0329,0.0000,0.0054,0.0046,;4,4,2,3,0,0,0,0,0,0,0,;0.1587;7;7;1912400;7.00;
378UBY8FR7AABMKBM232FCEFT60T8E.png;0.1145,0.2141,0.3265,0.1895,0.2877,0.1622,0.0869,0.0282,0.0899,0.0411,0.0289,0.0551,0.0980,0.0077,0.0000,0.0000,0.0000,;7,3,2,1,0,0,0,0,0,0,0,;0.1236;5;5;1366000;5.00;
379R4POZ46ZM5D7FMP5TH9FBQ7PRXR.png;0.0846,0.0129,0.0110,0.0000,0.0302,0.0105,0.0011,0.0228,0.0000,0.0000,0.0000,0.0000,0.0108,0.0000,0.0000,0.0000,0.0000,;7,0,0,0,0,0,0,0,0,0,0,;0.0230;2;1;273200;2.00;
37CCG24EIZSNBY0O0RYFBPCKLTQZRW.png;0.0183,0.0109,0.0000,0.0093,0.0000,0.0023,0.0093,0.0023,0.0093,0.0115,0.0000,0.0085,0.0000,0.0110,0.0000,0.0090,0.0000,;4,0,0,0,0,0,0,0,0,0,0,;0.0092;7;2;546400;3.50;
37CCG24EIZSNBY0O0RYFBPCKLTQZRW_1.png;0.0365,0.0146,0.0146,0.0133,0.0246,0.0026,0.0000,0.0000,0.0000,0.0000,0.0000,0.0249,0.0000,0.0000,0.0000,0.0000,0.0048,;6,0,0,0,0,0,0,0,0,0,0,;0.0170;3;1;273200;3.00;
37CCG24EIZSNBY0O0RYFBPCKLTQZRW_2.png;0.0276,0.0178,0.0111,0.0159,0.0000,0.0000,0.0037,0.0156,0.0000,0.0000,0.0033,0.0155,0.0000,0.0000,0.0030,0.0162,0.0000,;7,0,0,0,0,0,0,0,0,0,0,;0.0130;6;2;546400;3.00;
37FXVUXR5NUGX6LAN3N06Z6PNZ6EWN.png;0.0000,0.0377,0.0010,0.0000,0.0000,0.0000,0.0000,0.0000,0.0000,0.0000,0.0000,0.0000,0.0000,0.0000,0.0000,0.0000,0.0000,;1,0,0,0,0,0,0,0,0,0,0,;0.0194;1;1;273200;1.00;
37NNZ8MO7S6VRHEMSEGUVBLX898EQM.png;0.3440,0.0960,0.0975,0.0000,0.0515,0.0000,0.0129,0.0019,0.0000,0.0054,0.0089,0.0000,0.0034,0.0092,0.0019,0.0010,0.0109,;5,0,0,1,0,0,0,0,0,0,0,;0.0496;4;3;819600;2.00;
37QHTW84X0Z4WRFH6C4VHQ7JNTDJDT.png;0.0000,0.1121,0.2794,0.0456,0.0063,0.0043,0.0000,0.0000,0.0176,0.0000,0.0000,0.0234,0.0000,0.0000,0.0000,0.0566,0.0000,;4,1,1,0,0,0,0,0,0,0,0,;0.0682;2;2;546400;2.00;
37ZHE2JT1D250TKIB56TICN73UM88S.png;0.1537,0.2230,0.1321,0.0783,0.0000,0.0000,0.0000,0.0000,0.0000,0.0000,0.0000,0.0631,0.0090,0.0098,0.0103,0.0612,0.0000,;4,2,1,0,0,0,0,0,0,0,0,;0.0823;3;3;819600;3.00;
37ZHE2JT1D250TKIB56TICN73UQ88W.png;0.1850,0.1252,0.1890,0.1262,0.3230,0.2587,0.1101,0.1867,0.0000,0.0000,0.0000,0.0000,0.0000,0.0000,0.0000,0.0000,0.0000,;0,6,1,1,0,0,0,0,0,0,0,;0.1880;3;2;546400;1.50;
37ZUGP9H9BONPT0XCKXE3200JPH817.png;0.1623,0.2698,0.1408,0.0803,0.0532,0.0828,0.1199,0.1040,0.1362,0.0754,0.1075,0.1421,0.1008,0.1326,0.1379,0.0773,0.1582,;8,8,1,0,0,0,0,0,0,0,0,;0.1224;8;3;819600;2.67;
37ZUGP9H9BONPT0XCKXE3201JQL81F.png;0.1955,0.0490,0.0459,0.0000,0.0000,0.0000,0.0000,0.0000,0.0000,0.0000,0.0000,0.0000,0.0000,0.0000,0.0000,0.0000,0.0000,;2,1,0,0,0,0,0,0,0,0,0,;0.0968;1;1;273200;1.00;
38464Y8J3VK9Y56OSLPV9KDIFIGV4J.png;0.0590,0.0182,0.0059,0.0435,0.0258,0.0293,0.0374,0.0003,0.0362,0.0000,0.0307,0.0000,0.0358,0.0000,0.0000,0.0483,0.0682,;11,0,0,0,0,0,0,0,0,0,0,;0.0337;7;2;546400;3.50;
389X50RO4VDYCDHURIYQ7760LL5343.png;0.1045,0.0081,0.0638,0.0851,0.1257,0.0796,0.0186,0.0000,0.0449,0.0000,0.0453,0.0000,0.0000,0.0000,0.0000,0.0000,0.0000,;7,1,0,0,0,0,0,0,0,0,0,;0.0639;4;3;819600;2.00;
38DNTK7MFN2OC2PZPWU81IIJXME01H.png;0.0223,0.0206,0.0192,0.0225,0.0505,0.0375,0.0241,0.0407,0.0633,0.0237,0.0389,0.0359,0.0321,0.0154,0.0158,0.0449,0.0233,;17,0,0,0,0,0,0,0,0,0,0,;0.0312;8;3;819600;2.67;
38DNTK7MFN34LCW85JTSAD2CXFQ01S.png;0.2365,0.5366,0.0420,0.1153,0.0000,0.1092,0.0248,0.0461,0.0681,0.0166,0.0910,0.0000,0.0000,0.0000,0.0000,0.0000,0.0000,;7,1,1,0,0,1,0,0,0,0,0,;0.1286;2;2;546400;2.00;
38DNTK7MFN3UAZX8DF8S385AB3E10K.png;0.1434,0.2648,0.1224,0.0559,0.0598,0.0146,0.0144,0.1349,0.0114,0.0314,0.0142,0.0239,0.0391,0.0095,0.0097,0.1312,0.0470,;10,4,1,0,0,0,0,0,0,0,0,;0.0663;5;3;819600;2.50;
38FWZZ3ILTDK8ICQRL4PWREV0HIYN7.png;0.0461,0.1104,0.0142,0.1105,0.0987,0.0052,0.0316,0.0529,0.0508,0.0536,0.0332,0.0274,0.0298,0.0302,0.0388,0.0549,0.0545,;14,2,0,0,0,0,0,0,0,0,0,;0.0496;8;3;819600;2.67;
38GRQLZZQQCOARQX7FK2NWOBS4K0CN.png;0.0000,0.0000,0.0000,0.0000,0.0000,0.0000,0.0000,0.0000,0.0000,0.0000,0.0000,0.0000,0.0000,0.0000,0.0000,0.0000,0.0000,;0,0,0,0,0,0,0,0,0,0,0,;NaN;0;
38IOEK81UIQHG7BFV93TAAEQ3W496W.png;0.0354,0.0197,0.0000,0.0052,0.2950,0.2710,0.1758,0.0000,0.0000,0.0000,0.0000,0.0000,0.0000,0.0000,0.0000,0.0000,0.0000,;2,1,2,0,0,0,0,0,0,0,0,;0.1337;3;3;819600;3.00;
38LYNH3Q4ODLGFNEHSAP2J87XNZMGY.png;0.0676,0.0566,0.0450,0.1639,0.0000,0.0000,0.0078,0.0507,0.0623,0.0172,0.0245,0.0063,0.0000,0.1079,0.0000,0.0000,0.0000,;8,1,0,0,0,0,0,0,0,0,0,;0.0554;5;2;546400;2.50;
38LYNH3Q5PUFYTLC9WG1VAJL0LTGM5.png;0.0255,0.0952,0.1394,0.1490,0.0329,0.0573,0.1526,0.2283,0.2527,0.1688,0.1056,0.1845,0.1651,0.0165,0.0645,0.0055,0.0000,;7,6,2,0,0,0,0,0,0,0,0,;0.1152;8;4;1092800;4.00;
38MNOT6KWIG21RX6PKH1YJB8VKDT05.png;0.1098,0.0803,0.0000,0.0000,0.0000,0.0000,0.0000,0.0000,0.0000,0.0000,0.0000,0.0000,0.0000,0.0000,0.0000,0.0000,0.0000,;2,0,0,0,0,0,0,0,0,0,0,;0.0950;1;1;273200;1.00;
38MNOT6KWIG21RX6PKH1YJB8VKDT05_1.png;0.0916,0.2998,0.2128,0.2800,0.0000,0.0000,0.0000,0.0000,0.0000,0.0000,0.0000,0.0000,0.0000,0.0000,0.0000,0.0000,0.0000,;1,0,3,0,0,0,0,0,0,0,0,;0.2210;2;1;273200;2.00;
38MNOT6KWIG21RX6PKH1YJB8VKDT05_2.png;0.1356,0.1868,0.1178,0.0000,0.0000,0.0000,0.0000,0.0000,0.0000,0.0000,0.0000,0.0000,0.0000,0.0000,0.0000,0.0000,0.0000,;0,3,0,0,0,0,0,0,0,0,0,;0.1467;1;1;273200;1.00;
38NH2CI7ROPJ1MAJ3F139HJ5CPPVU5.png;0.0812,0.0176,0.0918,0.0161,0.2370,0.2451,0.0980,0.1782,0.0165,0.0191,0.0000,0.0000,0.0000,0.0000,0.2214,0.0592,0.0000,;8,1,3,0,0,0,0,0,0,0,0,;0.1068;4;2;546400;2.00;
38NH2CI7SPCMWUJ4T62C2GD654VVUY.png;0.1310,0.0296,0.0018,0.0273,0.0278,0.0273,0.0238,0.0193,0.0301,0.0263,0.0222,0.0184,0.0269,0.0293,0.0265,0.0265,0.0283,;15,1,0,0,0,0,0,0,0,0,0,;0.0307;1;1;273200;1.00;
38VQ1AW9T5WCGLEK2ZAP9I6I4O826I.png;0.0817,0.0000,0.1600,0.0442,0.0634,0.0000,0.0013,0.0053,0.0613,0.0949,0.0538,0.0248,0.0551,0.0437,0.0481,0.0422,0.0357,;12,1,0,0,0,0,0,0,0,0,0,;0.0544;6;2;546400;3.00;
390EOHYPK4Q05K2TRHZ1W9N0LW8X3W.png;0.0409,0.0638,0.1089,0.0399,0.0000,0.0000,0.0019,0.0094,0.0000,0.0000,0.0000,0.0000,0.0000,0.0232,0.0333,0.0000,0.0000,;6,0,0,0,0,0,0,0,0,0,0,;0.0402;3;3;819600;3.00;
39393HGTI5QMIY6JHIT1M5IIGWJEOF.png;0.3595,0.3244,0.1634,0.0757,0.0693,0.0986,0.0880,0.1045,0.1284,0.1417,0.1161,0.1139,0.1221,0.1169,0.1204,0.0000,0.0000,;5,8,0,2,0,0,0,0,0,0,0,;0.1429;3;3;819600;3.00;
394TEHR260P29GUZO0UUQSDZ63O65J.png;0.1065,0.0851,0.0000,0.0000,0.0000,0.0000,0.0000,0.0000,0.0000,0.0000,0.0000,0.0000,0.0000,0.0000,0.0000,0.0000,0.0000,;2,0,0,0,0,0,0,0,0,0,0,;0.0958;1;1;273200;1.00;
39PLFW4P2L2RPNN40J9QB1XCZ2O4HT.png;0.1204,0.1171,0.0426,0.0198,0.0355,0.0169,0.0115,0.0383,0.0223,0.0160,0.0310,0.0092,0.0203,0.0068,0.0228,0.0055,0.0184,;12,2,0,0,0,0,0,0,0,0,0,;0.0326;5;3;819600;2.50;
39UNKKTVDF8Y9H8JFO9U930XMBHYGJ.png;0.0159,0.0000,0.0000,0.0000,0.0000,0.0000,0.0000,0.0000,0.0000,0.0000,0.0000,0.0000,0.0000,0.0000,0.0000,0.0000,0.0000,;1,0,0,0,0,0,0,0,0,0,0,;0.0159;1;1;273200;1.00;
39UNKKTVDFFX9VEX2EW7RYBUQ2JGYD.png;0.0000,0.0300,0.1711,0.1694,0.1771,0.0276,0.0499,0.0000,0.0058,0.0963,0.0490,0.1236,0.0302,0.0383,0.0221,0.0271,0.0196,;10,4,0,0,0,0,0,0,0,0,0,;0.0691;5;3;819600;2.50;
39VNNFFKK59EW3XI1HP5P046ZAXXVP.png;0.0187,0.0474,0.0472,0.0154,0.0217,0.0000,0.0000,0.0561,0.0433,0.0427,0.0000,0.0889,0.0061,0.0441,0.0271,0.0335,0.0161,;13,0,0,0,0,0,0,0,0,0,0,;0.0363;7;3;819600;2.33;
39Y8ZSVZWWM1XMK47AFGQNZOPQQVZE.png;0.0636,0.0709,0.0666,0.0793,0.1000,0.0664,0.0000,0.0495,0.1035,0.0000,0.0478,0.0926,0.0713,0.1522,0.0885,0.0885,0.0533,;14,1,0,0,0,0,0,0,0,0,0,;0.0796;6;3;819600;3.00;
39Y8ZSVZXXM4Z9DMIL8I9OJZBK9VZ6.png;0.0000,0.1375,0.3884,0.1819,0.0980,0.2019,0.0000,0.0408,0.0841,0.0000,0.0000,0.0000,0.0000,0.0000,0.0000,0.0000,0.0138,;4,3,0,1,0,0,0,0,0,0,0,;0.1433;3;2;546400;1.50;
3AA189Q6B51983MEFLORU493K7KMWE.png;0.0086,0.0633,0.2304,0.1439,0.0117,0.0750,0.0000,0.0000,0.0000,0.0102,0.0157,0.0327,0.0254,0.0094,0.0071,0.0000,0.0036,;7,1,1,0,0,0,0,0,0,0,0,;0.0490;4;3;819600;2.00;
3AA189Q6B52Z6L7EV3NS06BHCKRWMY.png;0.0000,0.3010,0.1814,0.2354,0.0000,0.0717,0.2015,0.1227,0.0656,0.0094,0.0010,0.0000,0.0498,0.0000,0.0029,0.0099,0.0000,;3,3,2,0,0,0,0,0,0,0,0,;0.1044;5;3;819600;2.50;
3AA189Q6C6N6C9XRHK508ZBLMH8WM3.png;0.0830,0.1142,0.1414,0.0048,0.0315,0.0000,0.0000,0.0000,0.0000,0.0370,0.0000,0.0000,0.0000,0.0000,0.0000,0.0089,0.0177,;4,2,0,0,0,0,0,0,0,0,0,;0.0548;3;3;819600;3.00;
3AA189Q6C6TLNJILLV2LOGYDJT7MWV.png;0.0263,0.2072,0.0744,0.1401,0.1178,0.1129,0.1219,0.0666,0.0849,0.0508,0.0183,0.0000,0.0556,0.0000,0.0000,0.0000,0.0000,;7,5,0,0,0,0,0,0,0,0,0,;0.0897;5;4;1092800;2.50;
3AJ89545NQHYX91N7X3ADUYHKVTBEA.png;0.0858,0.0634,0.1129,0.0992,0.0410,0.1056,0.0095,0.0000,0.1259,0.1233,0.1082,0.0836,0.1363,0.0606,0.1849,0.1647,0.1211,;8,7,0,0,0,0,0,0,0,0,0,;0.1016;9;3;819600;4.50;
3AJ89545NQRFJUS6JU65GFBBEJ7BEW.png;0.0212,0.2857,0.1731,0.0000,0.0000,0.0000,0.0000,0.0065,0.0773,0.0460,0.0081,0.0000,0.0000,0.0000,0.0000,0.0000,0.0000,;3,1,1,0,0,0,0,0,0,0,0,;0.0883;2;2;546400;2.00;
3AMAQJSW8I20H10ADEKNBNOAVRROI5.png;0.1027,0.0000,0.0000,0.0766,0.0000,0.0000,0.0000,0.0000,0.0000,0.0000,0.0000,0.0000,0.0000,0.0000,0.0000,0.0000,0.0000,;2,0,0,0,0,0,0,0,0,0,0,;0.0897;1;1;273200;1.00;
3B9PUZPHFHW5PZT5Q7OV88NG9W6JA5.png;0.0000,0.1121,0.2794,0.0456,0.0294,0.0128,0.0359,0.1136,0.0000,0.0000,0.0556,0.0000,0.0000,0.0000,0.0000,0.0000,0.0000,;5,2,1,0,0,0,0,0,0,0,0,;0.0855;3;2;546400;1.50;
3BGEFHL0JHEL8I3UU0A0G1OJRYOJBS.png;0.1502,0.0583,0.0102,0.0450,0.1617,0.2528,0.0946,0.0699,0.1582,0.0528,0.1769,0.1442,0.0842,0.2624,0.0229,0.0660,0.0013,;9,5,2,0,0,0,0,0,0,0,0,;0.1066;7;2;546400;3.50;
3BHOG8KFNLAK9AB1ZQLEP6Q0T3RR81.png;0.0000,0.1378,0.3191,0.2984,0.1346,0.1132,0.1492,0.1391,0.0603,0.0286,0.1183,0.3856,0.2801,0.0832,0.0878,0.2552,0.3014,;4,6,4,2,0,0,0,0,0,0,0,;0.1807;6;2;546400;6.00;
3BK5FW2G6MZ18ENS8D29GOXE9AHRCA.png;0.0000,0.0651,0.1053,0.0655,0.3756,0.0105,0.0000,0.0000,0.0000,0.0000,0.0000,0.0000,0.0000,0.0000,0.0000,0.0000,0.0000,;4,0,0,1,0,0,0,0,0,0,0,;0.1244;1;1;273200;1.00;
3BRG9Q58M1LAH7AQ01RWX47CRWFYQ2.png;0.0000,0.0000,0.1794,0.0794,0.0000,0.0000,0.1286,0.0027,0.0461,0.0589,0.0063,0.0714,0.0259,0.0368,0.0305,0.0073,0.0000,;7,2,0,0,0,0,0,0,0,0,0,;0.0561;5;2;546400;2.50;
3BZN229KV5TWHZF32GLR8LCC1TX6DS.png;0.0997,0.0169,0.1613,0.0000,0.0458,0.1657,0.0632,0.0599,0.0125,0.0000,0.0000,0.0000,0.0000,0.0000,0.0281,0.0000,0.0123,;8,2,0,0,0,0,0,0,0,0,0,;0.0665;3;1;273200;3.00;
3C2UN3Y7UJLGZT23JF159R7GHEFMFI.png;0.0710,0.2229,0.1973,0.1053,0.2222,0.1585,0.2323,0.1633,0.1586,0.2449,0.1581,0.1789,0.1049,0.1379,0.1941,0.1887,0.2240,;3,9,5,0,0,0,0,0,0,0,0,;0.1743;9;3;819600;3.00;
3CF7EZI55RWEYNZ9U956QWWUG93IL2.png;0.0959,0.0342,0.0927,0.2079,0.0747,0.0167,0.0356,0.0840,0.0449,0.0588,0.0230,0.0158,0.0136,0.0731,0.0281,0.0233,0.0000,;15,1,0,0,0,0,0,0,0,0,0,;0.0577;7;3;819600;3.50;
3CP9VRCFS74RV9VXRUIMMBYWTQDUEZ.png;0.0000,0.0141,0.0831,0.0271,0.2699,0.0883,0.0000,0.0000,0.0000,0.0000,0.0000,0.0000,0.0000,0.0000,0.0000,0.0000,0.0000,;4,0,1,0,0,0,0,0,0,0,0,;0.0965;1;1;273200;1.00;
3CTCX9NXB5M1LSUM0XPXZV8QE2WLJA.png;0.1583,0.1187,0.1675,0.0695,0.0000,0.0019,0.0074,0.2793,0.4084,0.2306,0.1149,0.0205,0.1942,0.2246,0.2460,0.2405,0.0590,;3,5,5,1,0,0,0,0,0,0,0,;0.1588;8;4;1092800;2.67;
3CTCX9NXC67QIV0KKFDEFSMCFTJJLN.png;0.0000,0.0165,0.3718,0.4405,0.3279,0.4636,0.4168,0.3606,0.2876,0.0092,0.0500,0.0422,0.0000,0.0000,0.0000,0.0000,0.0071,;3,0,1,3,3,0,0,0,0,0,0,;0.2328;7;7;1912400;7.00;
3CVHT3IKUYKSX9WRAWTF52715RU0R4.png;0.0000,0.3453,0.0374,0.2518,0.0910,0.0000,0.1441,0.0168,0.1251,0.0358,0.1097,0.0613,0.0000,0.0000,0.1051,0.0170,0.0000,;8,2,1,1,0,0,0,0,0,0,0,;0.1117;4;1;273200;4.00;
3CYDGW98NMPSZAAQ0W8MOBJZSSBOM6.png;0.0544,0.1746,0.1454,0.1704,0.0759,0.0000,0.0000,0.0754,0.0983,0.1798,0.0664,0.1281,0.1401,0.0238,0.0000,0.1851,0.0000,;6,7,0,0,0,0,0,0,0,0,0,;0.1167;7;3;819600;2.33;
3D00S7P7YG22I1NWJE5APKC40DIEZA.png;0.0846,0.0129,0.1581,0.2983,0.0000,0.0230,0.0452,0.0331,0.0156,0.0000,0.0000,0.0000,0.0000,0.0000,0.0000,0.0000,0.0000,;6,1,1,0,0,0,0,0,0,0,0,;0.0839;3;2;546400;1.50;
3D3KZYB02J3NX4IAX3WJJNSJTAYV8O.png;0.0000,0.0069,0.1666,0.6373,0.4034,0.0020,0.0000,0.0000,0.0000,0.0000,0.0000,0.2137,0.0000,0.0000,0.0000,0.0000,0.0000,;0,1,1,1,0,0,1,0,0,0,0,;0.2383;2;2;546400;2.00;
3D3KZYB03KLUXQ4AWC4FKH86OYE8VD.png;0.0146,0.3410,0.1393,0.1128,0.0000,0.0000,0.0000,0.0000,0.0000,0.0000,0.0000,0.0000,0.0000,0.0000,0.0000,0.0000,0.0000,;1,2,0,1,0,0,0,0,0,0,0,;0.1519;1;1;273200;1.00;
3D3X1L1OBIRB9XRZKHJ79UYYYTK1VU.png;0.1072,0.0264,0.1254,0.0256,0.1064,0.0527,0.0620,0.1148,0.0137,0.1078,0.0345,0.0743,0.0742,0.0457,0.0818,0.0242,0.1239,;14,3,0,0,0,0,0,0,0,0,0,;0.0706;9;2;546400;4.50;
3D3X1L1OBIRB9XRZKHJ79UYYYTK1VU_1.png;0.0781,0.0073,0.1104,0.0458,0.1055,0.0740,0.0000,0.0000,0.0000,0.0000,0.0423,0.0252,0.0000,0.0000,0.0000,0.0000,0.0000,;6,1,0,0,0,0,0,0,0,0,0,;0.0611;4;2;546400;2.00;
3D3X1L1OBIRB9XRZKHJ79UYYYTK1VU_2.png;0.0546,0.1529,0.0396,0.0004,0.1019,0.1251,0.0163,0.0336,0.1577,0.0163,0.0052,0.1376,0.0541,0.0000,0.1168,0.0919,0.0165,;9,5,0,0,0,0,0,0,0,0,0,;0.0700;7;2;546400;3.50;
3D7N1211O74L32LV8ZFDVQWGH61MAZ.png;0.0000,0.0000,0.0000,0.0356,0.0604,0.0151,0.0000,0.0272,0.0966,0.1605,0.0261,0.0192,0.0583,0.0692,0.0268,0.0000,0.0000,;10,1,0,0,0,0,0,0,0,0,0,;0.0541;5;2;546400;2.50;
3D7N1211P8PBU1MJEXLJFBT15KWAMH.png;0.1408,0.0939,0.0234,0.0118,0.0227,0.0366,0.0257,0.0321,0.0492,0.0245,0.0335,0.0484,0.0134,0.0360,0.0463,0.0130,0.0350,;16,1,0,0,0,0,0,0,0,0,0,;0.0404;5;2;546400;2.50;
3D8B00U52IVJZWECZOBXRVFXL2U83O.png;0.1352,0.2715,0.1147,0.1430,0.1038,0.0365,0.0071,0.0287,0.0233,0.0974,0.0000,0.0000,0.0000,0.0000,0.0000,0.0000,0.0000,;5,3,1,0,0,0,0,0,0,0,0,;0.0961;6;5;1366000;3.00;
3D8B00U52IVJZWECZOBXRVFYHAV833.png;0.1405,0.0385,0.0067,0.0000,0.0000,0.0000,0.0010,0.0000,0.0000,0.0000,0.0000,0.0000,0.0000,0.1304,0.0215,0.0073,0.0163,;3,2,0,0,0,0,0,0,0,0,0,;0.0453;2;1;273200;2.00;
3DBJK6OC3AF4JLMP40JUKZIT4XNYF3.png;0.2705,0.3403,0.5521,0.3649,0.0391,0.0000,0.1170,0.0830,0.1136,0.0000,0.2622,0.1575,0.0000,0.0000,0.0408,0.0598,0.0801,;5,3,2,2,0,1,0,0,0,0,0,;0.1908;5;4;1092800;2.50;
3DCXWU0MSDB2RCYGDPZ82R371ZGTVX.png;0.0000,0.0000,0.1266,0.1824,0.0717,0.1168,0.1596,0.0101,0.0000,0.1063,0.0678,0.0850,0.0054,0.0000,0.0000,0.0000,0.0000,;5,4,0,0,0,0,0,0,0,0,0,;0.0932;5;2;546400;2.50;
3DECMKXKT815JCLN1RI1KKDJDFAMBB.png;0.1352,0.4370,0.1725,0.0671,0.0845,0.1293,0.1357,0.1921,0.0213,0.0498,0.1425,0.1746,0.1016,0.0749,0.2788,0.2899,0.2810,;6,7,3,0,1,0,0,0,0,0,0,;0.1628;7;3;819600;2.33;
3DHOXWJRSC3OAPE5AL86OV64DJCT3O.png;0.1145,0.2141,0.3265,0.1895,0.2877,0.1622,0.0869,0.0282,0.0899,0.0411,0.0289,0.0551,0.0980,0.0077,0.0000,0.0000,0.0000,;7,3,2,1,0,0,0,0,0,0,0,;0.1236;5;5;1366000;5.00;
3DPZKFEUURUGTQUQB4SOUUG5ZFPI4V.png;0.0743,0.0707,0.2604,0.0283,0.1274,0.0694,0.1350,0.1740,0.1190,0.1464,0.0256,0.0529,0.0201,0.0000,0.0000,0.0013,0.0764,;8,5,1,0,0,0,0,0,0,0,0,;0.0921;6;4;1092800;3.00;
3DPZKFEUVSIPT2ERNEAT4GS1UAKI44.png;0.0000,0.0000,0.5511,0.0605,0.0836,0.3444,0.2103,0.0388,0.0360,0.1023,0.2049,0.0229,0.3804,0.0815,0.0000,0.0000,0.0409,;8,1,1,2,0,1,0,0,0,0,0,;0.1660;5;2;546400;2.50;
3DXFGU9SKN7P79WJOTN6EK4MLG3EXS.png;0.0818,0.1032,0.1727,0.1462,0.1450,0.1311,0.0354,0.0601,0.0151,0.0000,0.0226,0.0456,0.0000,0.0331,0.0480,0.0000,0.0058,;9,4,0,0,0,0,0,0,0,0,0,;0.0747;6;6;1639200;6.00;
3DXFGU9SKNVTS8DGXQ8KL6UJIRCXE8.png;0.0740,0.1106,0.1905,0.0618,0.0072,0.0000,0.0000,0.0000,0.0000,0.0000,0.1120,0.0000,0.1464,0.1482,0.1785,0.1815,0.0058,;2,7,0,0,0,0,0,0,0,0,0,;0.1106;7;4;1092800;2.33;
3DXFGU9SLODY46WA7XIQCVBUTMKEXQ.png;0.0000,0.5139,0.1502,0.3763,0.0757,0.1816,0.1898,0.0773,0.0276,0.0139,0.0000,0.0126,0.0060,0.0000,0.0136,0.0000,0.0000,;6,3,0,1,0,1,0,0,0,0,0,;0.1365;5;3;819600;2.50;
3E9JM64F23SDM8DQUQW3OKIR1A0NP8.png;0.0000,0.3870,0.2580,0.0000,0.0000,0.0000,0.0000,0.0000,0.0000,0.0000,0.0000,0.0000,0.0000,0.1046,0.1110,0.1845,0.0000,;1,2,1,1,0,0,0,0,0,0,0,;0.2090;2;2;546400;2.00;
3EGCY5R6XYZQLTGPWNN8D6V7K3JYA2.png;0.0487,0.3536,0.1532,0.0059,0.1317,0.2287,0.2286,0.2330,0.1500,0.1634,0.0831,0.1381,0.1603,0.2047,0.1628,0.0924,0.0000,;3,8,3,1,0,0,0,0,0,0,0,;0.1586;8;3;819600;4.00;
3EJ1F91ANSU6O8N3S3NGZ4GVCA2IZW.png;0.0000,0.0000,0.0000,0.3902,0.2928,0.0000,0.0000,0.0000,0.0000,0.0000,0.0087,0.0003,0.0084,0.0087,0.0000,0.0000,0.0000,;0,0,1,1,0,0,0,0,0,0,0,;0.1182;2;2;546400;2.00;
3EOZAW7619J5YKCNUIDNV84T8098HV.png;0.1786,0.3772,0.1477,0.0945,0.0000,0.1758,0.2263,0.0000,0.0000,0.1305,0.1674,0.1765,0.1581,0.3256,0.4114,0.7855,0.1159,;1,8,1,2,1,0,0,1,0,0,0,;0.2479;4;3;819600;2.00;
3EOZAW762AHX3MFSNYKKE4EQ4INH8Q.png;0.0290,0.2443,0.1969,0.0048,0.0484,0.0478,0.2727,0.2293,0.2303,0.1300,0.0000,0.0257,0.0255,0.0000,0.0254,0.0261,0.0000,;7,2,4,0,0,0,0,0,0,0,0,;0.1097;6;4;1092800;3.00;
3ERG9KP7KAETHL286FNRQ00RYLWCHM.png;0.3383,0.1497,0.0400,0.0000,0.0000,0.1270,0.0000,0.0642,0.1652,0.0000,0.0000,0.0362,0.0782,0.0000,0.0783,0.0416,0.0152,;7,3,0,1,0,0,0,0,0,0,0,;0.1031;4;2;546400;2.00;
3EULM6QNGEDGI0DDZ62WA3R8YV4JXB.png;0.0331,0.0575,0.0518,0.0426,0.0000,0.0000,0.0000,0.0000,0.0000,0.0556,0.0000,0.0000,0.0000,0.0000,0.0000,0.0000,0.0000,;5,0,0,0,0,0,0,0,0,0,0,;0.0481;3;2;546400;1.50;
3EX6YJ62T6GKTDIQJCCYD4JMD62ZJG.png;0.1629,0.0473,0.2073,0.1696,0.0723,0.0000,0.0000,0.0000,0.0000,0.0000,0.0085,0.0584,0.0675,0.0556,0.0400,0.1467,0.4069,;6,4,0,1,0,0,0,0,0,0,0,;0.1203;5;2;546400;2.50;
3EXC7SWSR38EV80UNYXZTOBA3ESHT8.png;0.0887,0.0000,0.0611,0.0304,0.0377,0.0141,0.0242,0.0179,0.0043,0.1207,0.0000,0.0000,0.0000,0.0000,0.0000,0.0000,0.0000,;7,1,0,0,0,0,0,0,0,0,0,;0.0444;3;1;273200;3.00;
3F0Z1FPMUNUP6TOTMH2XGS6T5GJLYU.png;0.0270,0.0208,0.0000,0.0000,0.0061,0.0775,0.0000,0.0000,0.3139,0.0530,0.2351,0.0623,0.2247,0.1471,0.0000,0.0000,0.1054,;6,1,2,1,0,0,0,0,0,0,0,;0.1157;4;2;546400;2.00;
3F0Z1FPMUNWB7D1EFV5M6IVBAHELYR.png;0.0000,0.0398,0.2041,0.1397,0.1051,0.0722,0.0847,0.0000,0.1200,0.1602,0.0520,0.0284,0.0038,0.0245,0.0278,0.0000,0.0000,;8,4,0,0,0,0,0,0,0,0,0,;0.0817;6;3;819600;2.00;
3F12ASV6AWHSTTB7IFZKMVGLLVZM46.png;0.0100,0.1378,0.3191,0.1423,0.0541,0.3005,0.0354,0.2917,0.0227,0.0517,0.0223,0.0278,0.0227,0.0812,0.0240,0.0317,0.0203,;11,2,2,1,0,0,0,0,0,0,0,;0.0938;5;3;819600;2.50;
3F2SNR5B8MKSI92Q9DG0FV11BKO0HL.png;0.0983,0.0000,0.0000,0.0303,0.0000,0.0451,0.0000,0.0184,0.0050,0.0000,0.0276,0.0000,0.0374,0.0000,0.0000,0.0251,0.0000,;7,0,0,0,0,0,0,0,0,0,0,;0.0359;3;1;273200;3.00;
3FKD865UZQBJZ4661LLBINGEMFPMUJ.png;0.1247,0.2723,0.1060,0.1581,0.2025,0.2651,0.2306,0.0797,0.0000,0.0000,0.0000,0.0000,0.0000,0.0000,0.0000,0.0000,0.0000,;2,3,3,0,0,0,0,0,0,0,0,;0.1799;4;3;819600;2.00;
3FKD865UZQBJZ4661LLBINGENHPMUO.png;0.1018,0.1788,0.0633,0.0871,0.2073,0.1520,0.1978,0.0000,0.0000,0.0000,0.0000,0.0000,0.0000,0.0000,0.0000,0.0000,0.0000,;3,4,0,0,0,0,0,0,0,0,0,;0.1411;4;3;819600;2.00;
3FKD865UZQG0HB1FDHAJVT0FL3FMUG.png;0.0887,0.0000,0.0915,0.0885,0.0602,0.0456,0.0524,0.0474,0.0150,0.0234,0.0334,0.0000,0.0000,0.0000,0.0000,0.0000,0.0000,;10,0,0,0,0,0,0,0,0,0,0,;0.0546;4;3;819600;2.00;
3FOA7RUSUPLLDDXZNITMB1EHL6FPGL.png;0.2752,0.0209,0.2257,0.4368,0.1483,0.1002,0.2060,0.1045,0.0173,0.0000,0.1241,0.0000,0.0000,0.0274,0.0742,0.1468,0.2467,;6,4,3,0,1,0,0,0,0,0,0,;0.1539;5;2;546400;2.50;
3FQJF6D1R1SUSJ130G368H5I02G92S.png;0.3559,0.1135,0.1728,0.1296,0.1515,0.0228,0.1978,0.0058,0.0013,0.0157,0.0000,0.0000,0.0000,0.0000,0.0000,0.0000,0.0000,;2,5,0,1,0,0,0,0,0,0,0,;0.1167;5;3;819600;2.50;
3FQJF6D1S2STVEIP11IICRPWDI892M.png;0.2983,0.2634,0.1626,0.0801,0.0000,0.0000,0.0000,0.0000,0.0000,0.0000,0.0000,0.0000,0.0000,0.0000,0.0000,0.0000,0.0000,;1,1,2,0,0,0,0,0,0,0,0,;0.2011;2;2;546400;2.00;
3G2I6FODBC43UCDM72LBPP8Z9I0L60.png;0.0770,0.0226,0.0808,0.0000,0.0000,0.0000,0.0000,0.0000,0.0000,0.0000,0.0000,0.0000,0.0000,0.0000,0.0000,0.0000,0.0000,;3,0,0,0,0,0,0,0,0,0,0,;0.0601;2;1;273200;2.00;
3GAR7VLBJNDRH4HH5ZWWCFRBGXZ4Y9.png;0.0932,0.1854,0.2739,0.1709,0.2326,0.1034,0.0339,0.1198,0.1852,0.1948,0.1656,0.2226,0.2025,0.0131,0.0747,0.0276,0.0832,;7,7,3,0,0,0,0,0,0,0,0,;0.1401;9;5;1366000;4.50;
3GAR7VLBJNEKQVA3XEJQ66MZFEXY4T.png;0.3376,0.0609,0.0641,0.0890,0.0310,0.0071,0.0134,0.0127,0.0064,0.0128,0.0109,0.0028,0.0136,0.0073,0.0152,0.0140,0.0160,;12,0,0,1,0,0,0,0,0,0,0,;0.0421;4;4;1092800;4.00;
3GBCJUK5C2GRHG97MHYVG9NBQMOPK9.png;0.0000,0.0127,0.2597,0.1844,0.0396,0.2341,0.0240,0.1018,0.1106,0.0000,0.0000,0.0000,0.0000,0.0000,0.0597,0.0815,0.0071,;6,2,2,0,0,0,0,0,0,0,0,;0.1014;5;2;546400;2.50;
3GBCJUK5C2NMDEDWS686X6QI2G8KP3.png;0.0000,0.0000,0.0000,0.0000,0.0000,0.0000,0.0000,0.0000,0.0000,0.0000,0.0000,0.0000,0.0000,0.0000,0.0000,0.0000,0.0000,;0,0,0,0,0,0,0,0,0,0,0,;NaN;0;
3GC8IVJ10EOCB71QWZ4YFX98VOS9NN.png;0.0415,0.1762,0.0000,0.0000,0.0000,0.0000,0.0000,0.1133,0.1609,0.1261,0.1143,0.1520,0.3175,0.0969,0.0714,0.1446,0.0000,;3,7,0,1,0,0,0,0,0,0,0,;0.1377;5;2;546400;2.50;
3GRRK9BQWRDBESRD36S5634M392PD9.png;0.0000,0.0000,0.0000,0.0000,0.0000,0.0000,0.0000,0.0000,0.0212,0.0727,0.0211,0.0000,0.0000,0.0540,0.0619,0.0000,0.0000,;5,0,0,0,0,0,0,0,0,0,0,;0.0462;3;2;546400;1.50;
3GRRK9BQWRPD54OGKFA4YQ8537VPDJ.png;0.2029,0.1709,0.0833,0.0226,0.0000,0.0000,0.0221,0.0000,0.0000,0.0227,0.0000,0.0017,0.0204,0.0000,0.0000,0.0000,0.0000,;5,2,0,0,0,0,0,0,0,0,0,;0.0683;3;3;819600;3.00;
3GZMSD8U5X9MRGKQIZ546O8UKB695Q.png;0.1766,0.0846,0.0000,0.0000,0.0533,0.1285,0.0774,0.0949,0.1482,0.1029,0.1343,0.0533,0.0489,0.0595,0.0000,0.0699,0.1642,;9,5,0,0,0,0,0,0,0,0,0,;0.0998;6;3;819600;3.00;
3GZMSD8U5X9MRGKQIZ546O8UKC795T.png;0.2062,0.0710,0.0161,0.0269,0.0695,0.1166,0.0288,0.0418,0.0172,0.0000,0.0110,0.0411,0.1041,0.0866,0.1909,0.0647,0.1161,;12,4,0,0,0,0,0,0,0,0,0,;0.0755;6;3;819600;3.00;
3GZMSD8U6Y8M82W4VRHXFG1G1IS95R.png;0.0000,0.0000,0.0473,0.2481,0.0773,0.0000,0.1042,0.0367,0.1147,0.0000,0.0000,0.0000,0.0000,0.0000,0.0000,0.0000,0.0000,;4,1,1,0,0,0,0,0,0,0,0,;0.1047;2;1;273200;2.00;
3H41Q6XMRNJ731MM548PSMBGOYMG2I.png;0.0000,0.2683,0.2348,0.1513,0.0838,0.0673,0.0276,0.0268,0.0371,0.0210,0.0383,0.0112,0.0307,0.0374,0.0232,0.0303,0.0109,;13,1,2,0,0,0,0,0,0,0,0,;0.0687;4;4;1092800;4.00;
3H41Q6XMRNUCK2PCFPR6Y35LJFT2GW.png;0.0000,0.0000,0.0000,0.0000,0.0000,0.2013,0.0000,0.0000,0.0000,0.0000,0.0553,0.0000,0.0000,0.0000,0.0000,0.0000,0.0304,;2,1,0,0,0,0,0,0,0,0,0,;0.0957;1;1;273200;1.00;
3H5CSD5832HNKRNN8SDJ6TWED17E80.png;0.0285,0.0056,0.1620,0.0622,0.1536,0.2299,0.0490,0.1366,0.0009,0.1897,0.2669,0.3142,0.1767,0.0161,0.0291,0.0000,0.0000,;5,5,2,1,0,0,0,0,0,0,0,;0.1214;8;4;1092800;2.67;
3H5CSD5832HNKRNN8SDJ6TWL583E8G.png;0.0277,0.0000,0.3157,0.0292,0.0000,0.0000,0.0446,0.0000,0.0334,0.0000,0.0000,0.0000,0.0000,0.0000,0.0000,0.0000,0.0171,;5,0,0,1,0,0,0,0,0,0,0,;0.0780;1;1;273200;1.00;
3HBZ8AD97D3GZ7VEBIN9M1728BDNN9.png;0.0637,0.0773,0.0402,0.0000,0.0000,0.0000,0.0000,0.0000,0.2103,0.0699,0.0000,0.0000,0.0000,0.0000,0.0732,0.1601,0.0201,;6,1,1,0,0,0,0,0,0,0,0,;0.0894;2;1;273200;2.00;
3HBZ8AD97D3GZ7VEBIN9M18U9EHNN5.png;0.0631,0.0228,0.0571,0.0617,0.0478,0.0570,0.0608,0.0613,0.0276,0.0657,0.0412,0.0406,0.0549,0.0324,0.0714,0.0482,0.0287,;17,0,0,0,0,0,0,0,0,0,0,;0.0495;9;3;819600;3.00;
3HL3WX653BXN6QCFW6M6ATC7KPGPQT.png;0.1395,0.4822,0.3297,0.0035,0.0000,0.0000,0.0291,0.2366,0.0178,0.0000,0.0000,0.1614,0.0894,0.0818,0.0305,0.1014,0.0756,;7,2,1,1,1,0,0,0,0,0,0,;0.1368;5;3;819600;2.50;
3HQI26VRPRS5H4RSBPY2KOCMRQ13R0.png;0.0544,0.0090,0.0936,0.1019,0.0553,0.0294,0.0261,0.0360,0.0172,0.0442,0.0330,0.0258,0.0253,0.0909,0.0000,0.0000,0.0000,;13,0,0,0,0,0,0,0,0,0,0,;0.0459;5;3;819600;2.50;
3HVLA9UQN4GKVQOHDHMDH1A7KETU66.png;0.1232,0.0245,0.0735,0.1466,0.0503,0.1131,0.0621,0.1058,0.0926,0.0275,0.0209,0.0302,0.0261,0.0470,0.1434,0.0320,0.0000,;12,4,0,0,0,0,0,0,0,0,0,;0.0699;7;2;546400;3.50;
3HYDIS22CWMMEZBE3G64NG7ZMZON5V.png;0.6401,0.1274,0.2294,0.1523,0.0051,0.1253,0.0000,0.0000,0.0000,0.0000,0.0380,0.0000,0.0000,0.0000,0.0000,0.0227,0.0000,;2,3,1,0,0,0,1,0,0,0,0,;0.1675;2;1;273200;2.00;
3HYDIS22DXJRRCQBI3AE9ELUHK15NC.png;0.0886,0.0104,0.1155,0.0000,0.0000,0.0617,0.0642,0.0000,0.0000,0.1041,0.0570,0.0174,0.0422,0.0697,0.0000,0.0000,0.0000,;9,1,0,0,0,0,0,0,0,0,0,;0.0631;5;1;273200;5.00;
3I21NMEA63DY0BA82BXKKSLPMBYSHT.png;0.1159,0.1457,0.1022,0.0000,0.1535,0.0558,0.1651,0.0531,0.0581,0.0347,0.0633,0.1084,0.0500,0.0388,0.0336,0.0706,0.0186,;12,4,0,0,0,0,0,0,0,0,0,;0.0792;6;3;819600;3.00;
3I21NMEA63DY0BA82BXKKSLPMBYSHT_1.png;0.0874,0.1143,0.1399,0.1661,0.1537,0.0000,0.0000,0.1625,0.1838,0.0844,0.0499,0.3260,0.1065,0.1454,0.0542,0.1209,0.0142,;6,8,0,1,0,0,0,0,0,0,0,;0.1273;7;3;819600;2.33;
3I21NMEA63DY0BA82BXKKSLPMBYSHT_2.png;0.1002,0.1057,0.2028,0.0350,0.0000,0.1834,0.0840,0.0640,0.2108,0.0339,0.0489,0.0431,0.0271,0.1084,0.0943,0.0765,0.0884,;13,2,1,0,0,0,0,0,0,0,0,;0.0942;7;3;819600;2.33;
3I3RVCR3FK2XEB4GMX9G7IJ2RLH6XI.png;0.0423,0.0728,0.0389,0.0145,0.0136,0.0000,0.0000,0.0000,0.0000,0.0000,0.0000,0.0075,0.0558,0.0144,0.0074,0.0149,0.0000,;8,0,0,0,0,0,0,0,0,0,0,;0.0282;4;3;819600;2.00;
3I5ZXD44IULX7AZS354F5V5W46GJCA.png;0.0277,0.0000,0.2909,0.0076,0.0000,0.0000,0.0000,0.0000,0.0000,0.0284,0.0000,0.0340,0.0557,0.0215,0.0000,0.0135,0.0023,;6,0,1,0,0,0,0,0,0,0,0,;0.0535;2;1;273200;2.00;
3I5ZXD44JV69M8DWVE4I5ER80XVCJX.png;0.1376,0.0167,0.0398,0.0234,0.0367,0.0332,0.0368,0.0236,0.0375,0.0378,0.0188,0.0391,0.0346,0.0337,0.0195,0.0385,0.0292,;16,1,0,0,0,0,0,0,0,0,0,;0.0374;6;2;546400;3.00;
3I5ZXD44JV69M8DWVE4I5ER80XVCJX_1.png;0.1074,0.2342,0.0574,0.0000,0.0000,0.0153,0.0237,0.0406,0.0246,0.0323,0.0284,0.0138,0.0385,0.0814,0.0000,0.0387,0.0201,;13,0,1,0,0,0,0,0,0,0,0,;0.0540;4;3;819600;2.00;
3I5ZXD44JV69M8DWVE4I5ER80XVCJX_2.png;0.1695,0.0536,0.0131,0.0194,0.0430,0.0189,0.0567,0.0274,0.0156,0.0440,0.0283,0.0411,0.0295,0.0419,0.0245,0.0476,0.0196,;16,1,0,0,0,0,0,0,0,0,0,;0.0408;8;2;546400;4.00;
3I5ZXD44JVHG9J4AOHWFS96B5XBJCP.png;0.0000,0.1918,0.1046,0.0487,0.0000,0.0357,0.0000,0.0000,0.0644,0.0504,0.0460,0.0000,0.0644,0.0094,0.0242,0.0577,0.0162,;10,1,0,0,0,0,0,0,0,0,0,;0.0595;4;2;546400;2.00;
3ID43DSF5JBJ2SZGW2H8HR9RGRT5G5.png;0.0492,0.0139,0.0000,0.0000,0.0000,0.0135,0.0328,0.0251,0.0894,0.0000,0.0000,0.0000,0.0000,0.0000,0.0000,0.0000,0.0123,;7,0,0,0,0,0,0,0,0,0,0,;0.0338;2;1;273200;2.00;
3IE95L92ROOBGIB0W5PPNWUUL5E7M3.png;0.0887,0.0000,0.0522,0.0000,0.0000,0.0000,0.1207,0.0000,0.0000,0.0000,0.0000,0.0000,0.0000,0.0000,0.0000,0.0000,0.0000,;2,1,0,0,0,0,0,0,0,0,0,;0.0872;2;1;273200;2.00;
3IOQH27Z2E4FFLJVR8TNNB4HIMC1IN.png;0.0945,0.1984,0.4262,0.0259,0.0000,0.0000,0.0000,0.0165,0.0484,0.0118,0.0000,0.0089,0.0710,0.1095,0.0993,0.0994,0.0488,;10,1,0,0,1,0,0,0,0,0,0,;0.0968;5;3;819600;2.50;
3IR329NZ7YGB0BGT612CO4BTUIW2K0.png;0.0000,0.0000,0.0000,0.0000,0.0000,0.0000,0.0000,0.0000,0.0000,0.0000,0.0000,0.0000,0.0000,0.0000,0.0000,0.0000,0.0000,;0,0,0,0,0,0,0,0,0,0,0,;NaN;0;
3IRUE3ZCDH3J5468JOOGJ1Y2ZWZIC5.png;0.0197,0.2191,0.2182,0.0308,0.1130,0.1158,0.2092,0.1413,0.1656,0.0149,0.0041,0.0134,0.0620,0.1432,0.1775,0.0942,0.0624,;7,7,2,0,0,0,0,0,0,0,0,;0.1062;9;5;1366000;4.50;
3IXQCB6XI8S61DI53P5ICGI2I9BTIR.png;0.0488,0.2263,0.2815,0.0383,0.1994,0.4542,0.1787,0.1440,0.0708,0.1797,0.1272,0.1325,0.0756,0.1875,0.0923,0.0083,0.0109,;6,7,2,0,1,0,0,0,0,0,0,;0.1445;7;3;819600;2.33;
3J06FGISLU272UJU8S9F5O38AK5K50.png;0.0571,0.1026,0.1559,0.1132,0.0354,0.1513,0.0130,0.1817,0.0548,0.0698,0.0543,0.0221,0.0936,0.0548,0.1351,0.0545,0.0318,;12,5,0,0,0,0,0,0,0,0,0,;0.0812;7;3;819600;3.50;
3J06FGISMVRO4EVZMT2NFJ1KME95KI.png;0.0692,0.2014,0.0550,0.0000,0.0000,0.0000,0.0067,0.0286,0.0710,0.1093,0.0000,0.0000,0.0000,0.0000,0.0000,0.0000,0.0166,;6,1,0,0,0,0,0,0,0,0,0,;0.0697;3;2;546400;1.50;
3J567DP9LLBDQUW0322ZJ0FWFWZFPB.png;0.0872,0.1770,0.1756,0.0786,0.0450,0.0000,0.0000,0.0000,0.0000,0.0799,0.0675,0.1076,0.0837,0.0713,0.1036,0.1020,0.0239,;11,2,0,0,0,0,0,0,0,0,0,;0.0925;5;2;546400;2.50;
3J5HEGTZRLQ9SE8SW9LZS2A15OXGGI.png;0.0000,0.0000,0.0000,0.0000,0.0000,0.0000,0.0000,0.0000,0.0000,0.0000,0.0000,0.0000,0.0000,0.0000,0.0000,0.0000,0.0000,;0,0,0,0,0,0,0,0,0,0,0,;NaN;0;
3JCELWMC4PY7J05E7LXQXNDWO6Y3V4.png;0.0947,0.0425,0.1370,0.0476,0.0193,0.0321,0.0420,0.0290,0.0150,0.0585,0.0507,0.0214,0.0533,0.0347,0.0297,0.0304,0.0480,;16,1,0,0,0,0,0,0,0,0,0,;0.0462;7;2;546400;3.50;
3JG2O8WUZH7UTHWSYCP6CNBWVH79WZ.png;0.0630,0.0221,0.1129,0.0564,0.0000,0.0884,0.0573,0.0642,0.0008,0.0203,0.0617,0.0000,0.0347,0.0218,0.0000,0.0278,0.0165,;12,1,0,0,0,0,0,0,0,0,0,;0.0463;7;3;819600;2.33;
3JGBBKK855Q5HY1J6RVO56S97I9J0I.png;0.0000,0.0086,0.1150,0.3983,0.2960,0.0026,0.0061,0.0085,0.0014,0.0072,0.0085,0.0003,0.0084,0.0087,0.0000,0.0085,0.0000,;0,1,1,1,0,0,0,0,0,0,0,;0.0627;3;3;819600;3.00;
3JGLGV9D6KL86TQHYYZCMI0V13JD5Y.png;0.0264,0.0000,0.0205,0.0173,0.0295,0.0000,0.1661,0.0952,0.0809,0.0081,0.0000,0.0000,0.0233,0.0345,0.0000,0.0000,0.0000,;8,1,0,0,0,0,0,0,0,0,0,;0.0502;3;3;819600;3.00;
3JT4BYK2Y4IL1Z22PAHP7P5PI0U2WH.png;0.1889,0.0681,0.0000,0.0000,0.0000,0.0000,0.1165,0.0000,0.0000,0.0000,0.0000,0.0000,0.0000,0.0000,0.0000,0.0000,0.0000,;1,2,0,0,0,0,0,0,0,0,0,;0.1245;1;1;273200;1.00;
3K0G5SYN9K0M6D335K10A1FE8RM8MU.png;0.0568,0.1924,0.0388,0.4224,0.4126,0.5955,0.1292,0.1392,0.1139,0.1038,0.1072,0.0802,0.1324,0.1298,0.1081,0.1135,0.0900,;7,7,0,0,2,1,0,0,0,0,0,;0.1745;4;3;819600;2.00;
3K0G5SYNALYS7SB8UL3I5RQZNM3M85.png;0.1836,0.0535,0.0346,0.0837,0.1347,0.1657,0.1770,0.1188,0.1193,0.2412,0.1874,0.1570,0.1665,0.1765,0.1100,0.0622,0.0000,;4,11,1,0,0,0,0,0,0,0,0,;0.1357;8;5;1366000;2.67;
3K0T7FOBIJOUXM7ZLBPJYBSGQYWM14.png;0.0000,0.3048,0.0419,0.1566,0.1767,0.1186,0.0000,0.0000,0.1379,0.0897,0.0423,0.0000,0.0556,0.0000,0.0000,0.0000,0.0000,;4,4,1,0,0,0,0,0,0,0,0,;0.1249;4;2;546400;2.00;
3K27O5FVBZ6Y1U1OKHZVRLOYVIWW5C.png;0.1958,0.1571,0.0000,0.0000,0.0886,0.0210,0.0000,0.0000,0.0600,0.0207,0.0000,0.0000,0.0703,0.0188,0.0000,0.0000,0.0489,;7,2,0,0,0,0,0,0,0,0,0,;0.0757;3;2;546400;1.50;
3K3X4GGOSLN6JKEE0NBXYD5PSA6MC7.png;0.0000,0.1358,0.4394,0.2361,0.0000,0.0000,0.0000,0.0000,0.1587,0.0000,0.1326,0.0166,0.0054,0.1468,0.0000,0.0000,0.0000,;1,4,1,0,1,0,0,0,0,0,0,;0.1589;2;2;546400;2.00;
3K3X4GGOSLN6JKEE0NBXYD5PV12MCO.png;0.0000,0.0069,0.1666,0.6373,0.4034,0.0020,0.0000,0.0000,0.0000,0.0000,0.0000,0.2137,0.0000,0.0000,0.0000,0.0000,0.0000,;0,1,1,1,0,0,1,0,0,0,0,;0.2383;2;2;546400;2.00;
3K3X4GGOSLN9WHITSDB41LMDI6SMCK.png;0.0000,0.0000,0.0000,0.0000,0.0000,0.0000,0.0000,0.0000,0.0000,0.0000,0.0000,0.0000,0.0000,0.0619,0.1632,0.0810,0.1368,;2,2,0,0,0,0,0,0,0,0,0,;0.1107;2;1;273200;2.00;
3K9T2ON9ZE5ORLPELXZMHUO84LJMTT.png;0.0000,0.0000,0.1432,0.1452,0.0074,0.0268,0.0328,0.0987,0.0000,0.0000,0.0000,0.0000,0.0000,0.1221,0.0000,0.0000,0.0000,;3,3,0,0,0,0,0,0,0,0,0,;0.0823;4;2;546400;2.00;
3KNJI1FZ8L912486RAFQQV3ZEP6NQU.png;0.1005,0.2247,0.1198,0.0004,0.1848,0.2822,0.2338,0.2477,0.2549,0.2954,0.2134,0.1676,0.1162,0.0000,0.0000,0.1271,0.1328,;1,6,7,0,0,0,0,0,0,0,0,;0.1801;8;7;1912400;4.00;
3L4EWVFWCZFLPLXQZ7MWBK7MU2X9OK.png;0.0000,0.0301,0.1127,0.1533,0.1549,0.0098,0.0000,0.1355,0.0000,0.0000,0.0000,0.0000,0.0000,0.0000,0.0000,0.0000,0.0000,;1,4,0,0,0,0,0,0,0,0,0,;0.0994;4;3;819600;2.00;
3L8V324VIV0JU2BOPG7PUH68F6NF91.png;0.0409,0.0106,0.0201,0.0126,0.0246,0.0138,0.0048,0.0566,0.0000,0.0000,0.0000,0.0000,0.0000,0.0000,0.0000,0.0000,0.0000,;7,0,0,0,0,0,0,0,0,0,0,;0.0230;3;1;273200;3.00;
3L8V324VIVQEQ524CR2N49U2T8GF9N.png;0.0497,0.2068,0.1237,0.0793,0.0340,0.2410,0.0005,0.0000,0.0298,0.0995,0.0631,0.0793,0.1176,0.1318,0.2673,0.0936,0.0569,;9,4,2,0,0,0,0,0,0,0,0,;0.1046;6;3;819600;2.00;
3LBF4GRVWQC3B97WPKKEJO5WDODDDG.png;0.0335,0.0931,0.0152,0.0083,0.0000,0.0000,0.0000,0.0000,0.0000,0.0000,0.0000,0.0556,0.0000,0.0000,0.0000,0.0000,0.0000,;4,0,0,0,0,0,0,0,0,0,0,;0.0411;2;1;273200;2.00;
3LBF4GRVWQSB1V8AOKNI47EZJYMDDE.png;0.0550,0.3463,0.2528,0.1973,0.0688,0.3424,0.1429,0.2613,0.2035,0.0756,0.3495,0.1231,0.1315,0.1856,0.1037,0.2906,0.1441,;4,7,3,3,0,0,0,0,0,0,0,;0.1926;8;3;819600;2.67;
3LCM1J6T1CTW3PUN949YD9G6A99CYC.png;0.0235,0.0256,0.0000,0.0000,0.0000,0.0000,0.0000,0.0000,0.1707,0.0393,0.0598,0.0163,0.0000,0.0000,0.0000,0.0000,0.1068,;6,1,0,0,0,0,0,0,0,0,0,;0.0631;2;1;273200;2.00;
3LE9INWSFWFC7U06C7E8H83VJHH0ML.png;0.0000,0.0000,0.0000,0.0000,0.0000,0.0000,0.0000,0.0046,0.0101,0.0000,0.0000,0.0680,0.0983,0.0016,0.0040,0.0164,0.0015,;4,0,0,0,0,0,0,0,0,0,0,;0.0256;2;2;546400;2.00;
3LJE53CC7VYWE1O3MIQ180XM33HESQ.png;0.0567,0.0000,0.0000,0.0000,0.0000,0.0000,0.0000,0.0000,0.0000,0.0000,0.0294,0.0610,0.0513,0.0429,0.0480,0.0041,0.0000,;6,0,0,0,0,0,0,0,0,0,0,;0.0419;5;4;1092800;2.50;
3LLXQSS3GH7EI0TIBFCZBVHJUIM2FF.png;0.0000,0.0000,0.0000,0.0000,0.0000,0.0000,0.0000,0.0000,0.0000,0.0000,0.0228,0.0592,0.2117,0.4039,0.2625,0.3705,0.1244,;2,1,2,2,0,0,0,0,0,0,0,;0.2079;4;4;1092800;4.00;
3LLXQSS3GH7EI0TIBFCZBVHJURL2FW.png;0.0923,0.0525,0.0974,0.0348,0.0000,0.0000,0.0000,0.0000,0.0000,0.0000,0.0220,0.0695,0.1785,0.4016,0.2617,0.3736,0.1244,;6,2,1,2,0,0,0,0,0,0,0,;0.1553;4;4;1092800;4.00;
3LV0310AAZ0POAIRABRDV0CJ4TWKD9.png;0.0830,0.1295,0.2514,0.1220,0.3395,0.0000,0.0695,0.0695,0.0392,0.0115,0.1065,0.0000,0.0921,0.0000,0.0000,0.0000,0.0000,;7,2,1,1,0,0,0,0,0,0,0,;0.1194;4;4;1092800;4.00;
3LV0310AAZ5BVL06B1AU1YGZUNKDKM.png;0.0000,0.0000,0.0000,0.0000,0.0000,0.0000,0.0000,0.0000,0.0000,0.0000,0.0000,0.0000,0.0000,0.0000,0.0000,0.0000,0.0000,;0,0,0,0,0,0,0,0,0,0,0,;NaN;0;
3LV0310AAZ5BVL06B1AU1YGZUNKDKM_1.png;0.0241,0.2729,0.1581,0.0776,0.0600,0.0578,0.0617,0.0635,0.0540,0.0455,0.0827,0.0671,0.0462,0.0679,0.0610,0.0827,0.0646,;15,1,1,0,0,0,0,0,0,0,0,;0.0793;4;2;546400;2.00;
3LV0310AAZ5BVL06B1AU1YGZUNKDKM_2.png;0.1527,0.1280,0.0640,0.0485,0.0606,0.0601,0.0687,0.0508,0.0698,0.0624,0.0681,0.0356,0.0748,0.0520,0.0471,0.0296,0.0542,;15,2,0,0,0,0,0,0,0,0,0,;0.0663;6;2;546400;3.00;
3LV0310AAZ7UO39UCWLZNYY1B3BDKS.png;0.4199,0.1841,0.0561,0.0199,0.0345,0.1738,0.0000,0.0798,0.2053,0.0000,0.0106,0.0508,0.1097,0.0000,0.1108,0.0585,0.0213,;9,4,0,0,1,0,0,0,0,0,0,;0.1097;6;2;546400;3.00;
3LV0310AB0FIJI1LDLADGNAZ3BMKDF.png;0.0000,0.0561,0.2028,0.1490,0.1018,0.1444,0.0885,0.0245,0.4486,0.1873,0.0290,0.1952,0.2461,0.1603,0.1149,0.0986,0.0000,;6,7,1,0,1,0,0,0,0,0,0,;0.1498;6;3;819600;2.00;
3LV0310AB0LE2KPSDVZ5QZ931M3DKU.png;0.1113,0.1263,0.0419,0.0174,0.0000,0.0149,0.0255,0.1216,0.1031,0.0152,0.0000,0.0137,0.0046,0.0000,0.0077,0.0000,0.0000,;7,3,0,0,0,0,0,0,0,0,0,;0.0502;4;2;546400;4.00;
3M35MA94IX9MX6PXAQCG5JTOJ1HNO3.png;0.0000,0.2374,0.0000,0.3111,0.3061,0.2319,0.3694,0.2190,0.3083,0.1495,0.1725,0.0831,0.0893,0.0866,0.0803,0.0821,0.0898,;6,2,5,2,0,0,0,0,0,0,0,;0.1877;7;6;1639200;3.50;
3M6KHLIXGO95W4HFFOS373KMUDHIRT.png;0.0834,0.2294,0.0445,0.0134,0.0129,0.0170,0.0099,0.0088,0.0086,0.0128,0.0098,0.0086,0.0136,0.0126,0.1382,0.0153,0.0000,;9,1,1,0,0,0,0,0,0,0,0,;0.0399;4;3;819600;2.00;
3ME56J5KH09H8MTADW07EI1HZMYC6P.png;0.0656,0.0000,0.0880,0.1121,0.0336,0.0184,0.0000,0.0000,0.0000,0.0000,0.0000,0.0234,0.0020,0.0000,0.0000,0.0000,0.0000,;5,1,0,0,0,0,0,0,0,0,0,;0.0490;3;2;546400;1.50;
3ME56J5KH0A6OHM7NB7LNJZ2KW86CO.png;0.0661,0.1555,0.0000,0.0000,0.0000,0.0000,0.0000,0.0000,0.0023,0.0330,0.0827,0.0489,0.0429,0.0258,0.0342,0.0000,0.0000,;7,1,0,0,0,0,0,0,0,0,0,;0.0546;3;2;546400;1.50;
3MGKBFT74NRL5KAEINTLHYIV1ONSJ5.png;0.0000,0.1559,0.0008,0.0000,0.0000,0.0000,0.0000,0.0000,0.0000,0.0000,0.0000,0.0000,0.0000,0.0000,0.0000,0.0000,0.0000,;0,1,0,0,0,0,0,0,0,0,0,;0.0784;1;1;273200;1.00;
3MHMBB6SGFYXPF5WOO57T0Y1YOLKW9.png;0.0887,0.0000,0.0646,0.0000,0.0000,0.0175,0.0232,0.0058,0.1207,0.0000,0.0000,0.0000,0.0000,0.0000,0.0000,0.0000,0.0000,;4,1,0,0,0,0,0,0,0,0,0,;0.0534;3;1;273200;3.00;
3MK14RC5NS9WDGLCZVLGWCZQJ24T6G.png;0.0333,0.0975,0.0151,0.0000,0.0430,0.0310,0.0047,0.0101,0.0221,0.0530,0.0152,0.0124,0.0215,0.0267,0.0278,0.0269,0.0278,;15,0,0,0,0,0,0,0,0,0,0,;0.0293;5;2;546400;2.50;
3MK14RC5NS9WDGLCZVLGWCZQJ2BT6N.png;0.0336,0.1046,0.1111,0.0476,0.0171,0.0000,0.0000,0.0000,0.0068,0.0000,0.0058,0.0000,0.0055,0.0000,0.0055,0.0129,0.0981,;6,1,0,0,0,0,0,0,0,0,0,;0.0408;4;3;819600;2.00;
3MKP0VNPL180YVBEBVOO0GDECBIJRU.png;0.0000,0.0000,0.2429,0.1192,0.0088,0.0505,0.0579,0.0581,0.0000,0.0000,0.0000,0.0000,0.1221,0.0000,0.0000,0.0000,0.0000,;3,2,1,0,0,0,0,0,0,0,0,;0.0942;3;2;546400;1.50;
3MNPSGWWOQV9GBTQIUTZ7HIZXBCPUY.png;0.0000,0.1438,0.3891,0.0663,0.4812,0.0334,0.1514,0.1695,0.0377,0.0000,0.0000,0.0000,0.1005,0.0000,0.0000,0.0000,0.0000,;4,3,0,1,1,0,0,0,0,0,0,;0.1748;2;1;273200;2.00;
3MNYFQMXON9G1T2C2HOQSK4JSIPY01.png;0.0000,0.1469,0.1728,0.0153,0.0322,0.0018,0.0127,0.0000,0.0000,0.0000,0.0000,0.0000,0.0000,0.0000,0.0000,0.0000,0.0000,;3,2,0,0,0,0,0,0,0,0,0,;0.0636;2;2;546400;2.00;
3MQJWSYXNGSYPF0J90X7JRB4GS9O5U.png;0.0181,0.0964,0.0593,0.0318,0.0000,0.0000,0.0000,0.0000,0.0000,0.0000,0.0000,0.0000,0.0000,0.0000,0.0000,0.0000,0.0000,;4,0,0,0,0,0,0,0,0,0,0,;0.0514;2;2;546400;2.00;
3MQJWSYXOHGDXJ3GAF96UH2KF625OC.png;0.0000,0.0000,0.0620,0.0169,0.0000,0.0000,0.0000,0.0000,0.0000,0.0000,0.0000,0.0000,0.0000,0.0000,0.0000,0.0000,0.0000,;2,0,0,0,0,0,0,0,0,0,0,;0.0395;1;1;273200;1.00;
3MXFP9RGE565H89AY0KXMF94YTQB2U.png;0.0723,0.0487,0.2521,0.1304,0.0000,0.1246,0.0000,0.3551,0.0726,0.0435,0.0886,0.0484,0.3793,0.0000,0.1207,0.0000,0.0000,;6,3,1,2,0,0,0,0,0,0,0,;0.1447;3;1;273200;3.00;
3MXFP9RGE565SQ20JA2GC60T4U4B22.png;0.0099,0.0080,0.0045,0.0933,0.0355,0.0000,0.0000,0.0000,0.0000,0.0000,0.0000,0.0000,0.0000,0.0000,0.0000,0.0000,0.0000,;2,0,0,0,0,0,0,0,0,0,0,;0.0302;2;2;546400;2.00;
3N9FD9XF48K5Z4R4YKZ4XC3B2YYEVL.png;0.0409,0.0386,0.0085,0.0000,0.0000,0.0038,0.0000,0.0000,0.0052,0.0121,0.0222,0.0566,0.0000,0.0000,0.0000,0.0000,0.0000,;5,0,0,0,0,0,0,0,0,0,0,;0.0235;3;2;546400;1.50;
3NAD71TD8V1W7T0ET8V40F6WWDIL2U.png;0.0528,0.0597,0.0000,0.0000,0.0000,0.0000,0.0000,0.0746,0.2157,0.1643,0.1568,0.2736,0.2790,0.2450,0.0469,0.0976,0.2144,;5,2,5,0,0,0,0,0,0,0,0,;0.1567;7;6;1639200;3.50;
3NCF7G1XJIORLK6VK0UD85LOJVCNAC.png;0.0000,0.0000,0.0382,0.0197,0.0692,0.0829,0.0454,0.0290,0.0000,0.0000,0.0249,0.2429,0.0367,0.1021,0.0986,0.1010,0.1215,;11,1,1,0,0,0,0,0,0,0,0,;0.0778;6;4;1092800;3.00;
3NCF7G1XKJPJCCJPOHEQSUA1GNWANP.png;0.0037,0.0000,0.0000,0.0000,0.0000,0.0000,0.0000,0.0000,0.0000,0.0000,0.0000,0.0000,0.0000,0.0000,0.0006,0.0000,0.0000,;0,0,0,0,0,0,0,0,0,0,0,;0.0021;1;1;273200;1.00;
3NCF7G1XKJPJCCJPOHEQSUA1GNWANP_1.png;0.1188,0.1226,0.2585,0.0179,0.3643,0.0224,0.0059,0.0052,0.0052,0.0000,0.0000,0.0224,0.0199,0.0210,0.0010,0.0038,0.0006,;5,2,1,1,0,0,0,0,0,0,0,;0.0660;4;3;819600;2.00;
3NCF7G1XKJPJCCJPOHEQSUA1GNWANP_2.png;0.0339,0.0053,0.0261,0.2567,0.0179,0.0000,0.0000,0.0000,0.0000,0.0000,0.0000,0.0000,0.0000,0.0000,0.0000,0.0000,0.0000,;3,0,1,0,0,0,0,0,0,0,0,;0.0680;1;1;273200;1.00;
3NE6EBGK47BU93BYGGU8IB2LO7NE35.png;0.0343,0.0032,0.0317,0.0000,0.0000,0.0000,0.0000,0.0000,0.0000,0.0000,0.0000,0.0000,0.0000,0.0000,0.0000,0.0000,0.0000,;2,0,0,0,0,0,0,0,0,0,0,;0.0231;2;1;273200;2.00;
3NJ4SYXGOJ3OVMOHUVEMN5U7Y2PBNN.png;0.0000,0.0000,0.0000,0.0000,0.0000,0.0000,0.0000,0.0000,0.0000,0.0000,0.0000,0.0000,0.0000,0.0000,0.0003,0.2358,0.2646,;0,0,2,0,0,0,0,0,0,0,0,;0.1669;2;2;546400;2.00;
3NJ4SYXGOJ3OVMOHUVEMN5U7YYPBNF.png;0.0101,0.0414,0.0029,0.0187,0.0032,0.0032,0.0052,0.0058,0.0000,0.0000,0.0090,0.0058,0.0048,0.0028,0.0332,0.0177,0.0029,;5,0,0,0,0,0,0,0,0,0,0,;0.0111;4;2;546400;2.00;
3NJ4SYXGOJNVJBRMT3TGCL1CL9UBNQ.png;0.0000,0.0846,0.5283,0.0672,0.0411,0.1025,0.3108,0.1011,0.0000,0.2797,0.0000,0.1298,0.0659,0.0303,0.0646,0.0000,0.0000,;8,1,1,1,0,1,0,0,0,0,0,;0.1505;3;1;273200;3.00;
3NVVDJT9G6OIY2RUWWJCMM9P5JCPXO.png;0.1866,0.1517,0.0828,0.0502,0.0448,0.0383,0.0362,0.0245,0.0766,0.0781,0.0459,0.1171,0.0635,0.0382,0.0227,0.0359,0.0881,;14,3,0,0,0,0,0,0,0,0,0,;0.0695;7;3;819600;2.33;
3NXBKB5598TPF5MRSRS8QPZELKSL9C.png;0.0976,0.2008,0.1950,0.1185,0.0591,0.0600,0.0000,0.0933,0.0347,0.1149,0.1185,0.3053,0.0883,0.0000,0.0520,0.0380,0.0000,;8,5,1,0,0,0,0,0,0,0,0,;0.1126;6;3;819600;6.00;
3O5YJYPUSW7TWBM6KNWM44WLFH8KON.png;0.1154,0.2347,0.0865,0.1165,0.2437,0.1927,0.2423,0.0000,0.0000,0.0124,0.0102,0.0000,0.0000,0.0000,0.0000,0.0000,0.0000,;3,3,3,0,0,0,0,0,0,0,0,;0.1394;4;3;819600;2.00;
3O73QR1UY8O4VXGQ4UMU1W2GKFC94M.png;0.2023,0.0641,0.0407,0.0070,0.0481,0.0018,0.0000,0.0000,0.0000,0.0197,0.0000,0.0000,0.0000,0.0060,0.0000,0.0000,0.0000,;4,1,0,0,0,0,0,0,0,0,0,;0.0487;2;2;546400;2.00;
3O73QR1UY8O4VXGQ4UMU1W2GKGC94O.png;0.1658,0.0416,0.0339,0.0054,0.0000,0.0144,0.0063,0.0000,0.0172,0.0000,0.0153,0.0050,0.0000,0.0203,0.0000,0.0117,0.0000,;7,1,0,0,0,0,0,0,0,0,0,;0.0306;3;3;819600;3.00;
3OBCKNXF1ZHFXL8XUNXW3AYWZX5J3K.png;0.0528,0.0597,0.0000,0.0000,0.0000,0.0000,0.0000,0.0746,0.2157,0.1650,0.1597,0.2745,0.2790,0.2450,0.0469,0.0976,0.2163,;5,2,5,0,0,0,0,0,0,0,0,;0.1572;7;6;1639200;3.50;
3OJGK8O6MRNHZCTYHMEFS503K2OL5K.png;0.1240,0.1939,0.1818,0.1704,0.0012,0.0057,0.0340,0.0054,0.0340,0.0000,0.0372,0.0023,0.0059,0.0340,0.0057,0.0340,0.0000,;5,4,0,0,0,0,0,0,0,0,0,;0.0580;4;4;1092800;4.00;
3OQEO5BIM1SME8SFQJ108NKG2ZKU9F.png;0.1518,0.0453,0.0364,0.0424,0.1438,0.0829,0.0363,0.0307,0.0418,0.0172,0.0749,0.0746,0.0933,0.0167,0.0604,0.0366,0.0356,;15,2,0,0,0,0,0,0,0,0,0,;0.0600;7;3;819600;2.33;
3OQEO5BIM1SME8SFQJ108NKG2ZKU9F_1.png;0.0758,0.2019,0.0828,0.0192,0.0458,0.0194,0.0806,0.0156,0.1372,0.1425,0.0475,0.0785,0.0373,0.0334,0.0465,0.0307,0.0482,;14,3,0,0,0,0,0,0,0,0,0,;0.0672;7;3;819600;2.33;
3OQEO5BIM1SME8SFQJ108NKG2ZKU9F_2.png;0.1018,0.1333,0.0234,0.0336,0.0434,0.1522,0.0656,0.0750,0.0361,0.0426,0.0231,0.0384,0.0424,0.0655,0.0895,0.0865,0.0545,;15,2,0,0,0,0,0,0,0,0,0,;0.0651;8;3;819600;4.00;
3OQEO5BIN29PS6BYUHRH0ABF87P9UL.png;0.0000,0.4787,0.3846,0.2048,0.2754,0.2547,0.1662,0.0004,0.0159,0.0000,0.0000,0.0221,0.0000,0.0014,0.0142,0.0000,0.0000,;3,2,2,1,1,0,0,0,0,0,0,;0.1653;6;6;1639200;6.00;
3OR6S1RAC52TCC0V5OHKA3WQNHZAGY.png;0.0000,0.0000,0.2900,0.2471,0.2670,0.0000,0.1602,0.0619,0.0629,0.1086,0.0596,0.0210,0.0399,0.0464,0.0505,0.0457,0.0000,;9,1,3,0,0,0,0,0,0,0,0,;0.1124;4;3;819600;2.00;
3P15LLOAR9NU663LLUNNP8EDOYG9ZV.png;0.0432,0.1187,0.0068,0.0528,0.0181,0.0209,0.1208,0.0883,0.0020,0.1984,0.0738,0.0005,0.2030,0.0047,0.0728,0.1451,0.0045,;7,5,0,0,0,0,0,0,0,0,0,;0.0691;8;2;546400;4.00;
3P6UG6V268Y9VTMB4YR44MFGIGC4NX.png;0.0908,0.0026,0.1630,0.0288,0.0498,0.0415,0.0828,0.0185,0.0000,0.0801,0.0670,0.0182,0.0000,0.1146,0.0000,0.0000,0.0000,;9,2,0,0,0,0,0,0,0,0,0,;0.0631;6;2;546400;3.00;
3PBMWYW3D44FHQ3H0CBK078FM1J2XZ.png;0.0416,0.0430,0.1259,0.0479,0.1120,0.0130,0.0312,0.1130,0.0516,0.1544,0.1486,0.1290,0.0536,0.0560,0.0524,0.0593,0.0364,;11,6,0,0,0,0,0,0,0,0,0,;0.0746;6;3;819600;3.00;
3PBMWYW3D4VOVNNOVMGLZF23LEGX22.png;0.0000,0.3280,0.4069,0.3243,0.3670,0.1807,0.0518,0.0567,0.0855,0.1129,0.1502,0.0781,0.0438,0.1868,0.0712,0.1321,0.0684,;7,5,0,4,0,0,0,0,0,0,0,;0.1653;6;5;1366000;3.00;
3PBTVBPQ8T2RUQ4LSR4U2IGAMAGLG7.png;0.1528,0.1573,0.1200,0.2050,0.0070,0.0376,0.0000,0.0225,0.3200,0.1212,0.0209,0.0143,0.2898,0.2162,0.2339,0.2482,0.0467,;5,5,4,1,0,0,0,0,0,0,0,;0.1383;8;4;1092800;2.67;
3PBTVBPQ9UHWF8TU0BNM18QB456LGV.png;0.0000,0.0559,0.1820,0.1774,0.1265,0.1458,0.1009,0.0314,0.4226,0.2151,0.0294,0.1526,0.2631,0.2667,0.1962,0.0580,0.0000,;5,6,3,0,1,0,0,0,0,0,0,;0.1616;7;3;819600;3.50;
3PBTVBPQ9UJW25OVYU5DFTVY5MMGLK.png;0.0017,0.0061,0.0102,0.0054,0.0121,0.0104,0.0102,0.0123,0.0098,0.0108,0.0125,0.0102,0.0114,0.0079,0.0134,0.0272,0.0061,;11,0,0,0,0,0,0,0,0,0,0,;0.0104;7;2;546400;3.50;
3PBTVBPQ9UJW25OVYU5DFTVY5MMGLK_1.png;0.0925,0.1611,0.0461,0.0265,0.0293,0.0289,0.0052,0.0253,0.0229,0.0037,0.0266,0.0229,0.0494,0.0253,0.0255,0.0037,0.0245,;13,1,0,0,0,0,0,0,0,0,0,;0.0364;4;3;819600;2.00;
3PBTVBPQ9UJW25OVYU5DFTVY5MMGLK_2.png;0.1486,0.0366,0.0327,0.0264,0.0209,0.0149,0.0216,0.0344,0.0430,0.0253,0.0308,0.0449,0.0375,0.0418,0.0396,0.0414,0.0211,;16,1,0,0,0,0,0,0,0,0,0,;0.0389;6;3;819600;3.00;
3PHLPV04IQDPW55WV8WBZJA231AP7O.png;0.0000,0.1609,0.2589,0.1153,0.2241,0.2246,0.3129,0.0360,0.1255,0.1055,0.2250,0.1367,0.1843,0.1556,0.1162,0.0302,0.0000,;3,7,4,1,0,0,0,0,0,0,0,;0.1608;7;3;819600;2.33;
3PLXPMD6WGC7AIQBYMRH2GBAFTWKBJ.png;0.1398,0.0333,0.0138,0.0159,0.1317,0.0000,0.0297,0.1397,0.0072,0.0186,0.0240,0.1170,0.0045,0.0251,0.1061,0.0005,0.0265,;9,4,0,0,0,0,0,0,0,0,0,;0.0521;5;1;273200;5.00;
3PN7FLVWM45PCCC3MA18W1ODE9IYSJ.png;0.0000,0.1938,0.1632,0.2416,0.1036,0.2806,0.0371,0.0965,0.2566,0.1928,0.4039,0.4362,0.2620,0.0000,0.2468,0.0000,0.0000,;3,3,5,1,1,0,0,0,0,0,0,;0.2242;7;3;819600;3.50;
3PN7FLVWM45XULC6NHQRXFJ9Z5WSYC.png;0.0512,0.0153,0.0334,0.0000,0.0000,0.0000,0.0000,0.0566,0.0000,0.0000,0.0000,0.0000,0.0000,0.0000,0.0000,0.0000,0.0000,;4,0,0,0,0,0,0,0,0,0,0,;0.0391;2;1;273200;2.00;
3Q4WZ5V3MNIH1FT2QKH2OURKHS1UGI.png;0.0832,0.0000,0.0000,0.0000,0.1195,0.2629,0.2343,0.2113,0.2185,0.3327,0.1060,0.0000,0.0797,0.0319,0.1136,0.0000,0.0000,;4,2,4,1,0,0,0,0,0,0,0,;0.1631;5;5;1366000;5.00;
3Q9ARQ9ZAP4L7I0LVYTFN28MIJR3MM.png;0.0266,0.0348,0.0315,0.0597,0.0473,0.0280,0.0271,0.0282,0.0221,0.0365,0.0375,0.0236,0.0426,0.0455,0.0257,0.0247,0.0358,;17,0,0,0,0,0,0,0,0,0,0,;0.0339;8;2;546400;4.00;
3Q9ARQ9ZAP4L7I0LVYTFN28MIJR3MM_1.png;0.0823,0.0435,0.0531,0.0031,0.0651,0.0527,0.0035,0.0579,0.0545,0.0157,0.0300,0.0427,0.0562,0.0024,0.1190,0.0734,0.0035,;12,1,0,0,0,0,0,0,0,0,0,;0.0446;9;2;546400;4.50;
3Q9ARQ9ZAP4L7I0LVYTFN28MIJR3MM_2.png;0.0657,0.0304,0.0555,0.0236,0.0488,0.0405,0.0312,0.0633,0.0434,0.0581,0.0140,0.0424,0.0343,0.0291,0.0612,0.0165,0.0504,;17,0,0,0,0,0,0,0,0,0,0,;0.0417;9;3;819600;4.50;
3QKP95RWR0AXY9I3VQ7SL2A7LGY5XG.png;0.0202,0.1607,0.0000,0.0092,0.0370,0.1501,0.1570,0.0254,0.0305,0.1544,0.0369,0.1607,0.0207,0.0419,0.0064,0.0142,0.0000,;8,5,0,0,0,0,0,0,0,0,0,;0.0683;5;2;546400;2.50;
3QLL1RLFYUJL8BWXI76KVR6VTA8G40.png;0.0532,0.0791,0.0865,0.1159,0.1267,0.0435,0.1032,0.1451,0.0491,0.0702,0.0000,0.0229,0.0000,0.0000,0.0050,0.0105,0.0167,;10,3,0,0,0,0,0,0,0,0,0,;0.0663;7;4;1092800;2.33;
3QNALI7B4S6VALH9K67QLF1VCK3Z5B.png;0.0232,0.1205,0.1524,0.2108,0.0520,0.0339,0.0331,0.0461,0.0097,0.0759,0.0505,0.0431,0.0425,0.0436,0.0153,0.0264,0.0203,;13,2,1,0,0,0,0,0,0,0,0,;0.0588;4;3;819600;2.00;
3QNALI7B4SD1ONKL4C5DCUTXSZAZ55.png;0.0000,0.0000,0.2248,0.0000,0.0048,0.0000,0.0000,0.0065,0.0664,0.0000,0.0000,0.0000,0.0594,0.0000,0.0000,0.0000,0.0674,;3,0,1,0,0,0,0,0,0,0,0,;0.0716;1;1;273200;1.00;
3QPQKLUN2S87R374XHKKL49YI4M6SW.png;0.1891,0.1768,0.0564,0.1810,0.1249,0.1690,0.0903,0.0996,0.1363,0.0907,0.1094,0.0812,0.1308,0.1411,0.1268,0.0996,0.0617,;8,9,0,0,0,0,0,0,0,0,0,;0.1214;9;3;819600;3.00;
3QXBZN23LG7N3HYFNCCOI0H4ZPJXNQ.png;0.1158,0.2843,0.3665,0.5601,0.0000,0.2020,0.1582,0.0000,0.0300,0.0696,0.0465,0.1142,0.0845,0.1122,0.1854,0.0000,0.0000,;4,6,1,1,0,1,0,0,0,0,0,;0.1792;5;3;819600;2.50;
3R0WG3C6FAYXA2OVFH1MKSVV7DKWL8.png;0.0000,0.0000,0.0000,0.0126,0.0000,0.0000,0.0000,0.0000,0.0000,0.0000,0.0193,0.0100,0.1805,0.0063,0.0526,0.0000,0.0000,;3,1,0,0,0,0,0,0,0,0,0,;0.0469;2;1;273200;2.00;
3R35RPFD7J1GHLW8Y5PUB7E29XSP1C.png;0.0000,0.0000,0.0000,0.0000,0.0000,0.0000,0.0000,0.0000,0.0000,0.0508,0.1845,0.0908,0.0000,0.0000,0.0000,0.0000,0.0000,;2,1,0,0,0,0,0,0,0,0,0,;0.1087;1;1;273200;1.00;
3R35RPFD8KSAWMKG8PKUBRZ71RYP19.png;0.1444,0.0976,0.0763,0.2457,0.4547,0.0081,0.1116,0.0506,0.0403,0.0873,0.0279,0.0779,0.0366,0.0609,0.0425,0.0615,0.0592,;12,2,1,0,1,0,0,0,0,0,0,;0.0990;4;2;546400;2.00;
3R35RPFD8KW5RVQQX9OYA2WSE711PN.png;0.1162,0.1141,0.1070,0.0509,0.1173,0.0775,0.2622,0.0000,0.1587,0.2623,0.3776,0.2515,0.4146,0.4273,0.4148,0.0000,0.0000,;3,4,3,1,3,0,0,0,0,0,0,;0.2251;7;6;1639200;3.50;
3R39EOJX7B7B0RBVIOI0YF8QUNBFFR.png;0.0887,0.0000,0.0757,0.0592,0.0452,0.0004,0.0286,0.0100,0.1221,0.0000,0.0000,0.0000,0.0000,0.0000,0.0000,0.0000,0.0000,;6,1,0,0,0,0,0,0,0,0,0,;0.0538;4;2;546400;2.00;
3R39EOJX7BI6S1MO8YC8O4DE709FF7.png;0.0971,0.0314,0.1657,0.1629,0.2991,0.0065,0.0385,0.0000,0.0280,0.0808,0.0100,0.0093,0.0614,0.0000,0.0538,0.0000,0.0149,;9,2,1,0,0,0,0,0,0,0,0,;0.0757;5;3;819600;2.50;
3R7DCNC1NO24TFH8BGUHQFOR9KEUDP.png;0.0251,0.0388,0.2822,0.4165,0.0631,0.0817,0.0835,0.1041,0.0441,0.1242,0.1041,0.0230,0.1160,0.0841,0.0193,0.0094,0.0049,;11,2,1,0,1,0,0,0,0,0,0,;0.0955;6;2;546400;3.00;
3R7DCNC1NO24TFH8BGUHQFOR9KEUDP_1.png;0.0248,0.0000,0.0154,0.0323,0.1073,0.1355,0.1193,0.0770,0.0117,0.0107,0.0169,0.1172,0.0383,0.0000,0.0000,0.0000,0.0000,;9,3,0,0,0,0,0,0,0,0,0,;0.0589;5;4;1092800;2.50;
3R7DCNC1NO24TFH8BGUHQFOR9KEUDP_2.png;0.0181,0.0126,0.0153,0.2050,0.1885,0.1424,0.0000,0.0385,0.1848,0.0242,0.1625,0.0591,0.1230,0.0000,0.0000,0.0000,0.0000,;6,6,0,0,0,0,0,0,0,0,0,;0.0978;6;3;819600;3.00;
3R7DCNC1NOV5HU26IA2C7R0658YUDF.png;0.2410,0.0458,0.1233,0.1006,0.0745,0.1029,0.0802,0.0992,0.0666,0.1295,0.0015,0.0017,0.1602,0.0484,0.0446,0.0412,0.0262,;11,3,1,0,0,0,0,0,0,0,0,;0.0816;7;2;546400;3.50;
3R8MKH13HFEBE45LFXZBD3ZAAT6QLU.png;0.0637,0.0790,0.0518,0.0735,0.1949,0.0270,0.0614,0.0000,0.2131,0.1006,0.1676,0.0204,0.0000,0.0000,0.0732,0.1433,0.0000,;9,3,1,0,0,0,0,0,0,0,0,;0.0977;5;3;819600;2.50;
3R8NDUBSE5C5KWKOVCROU8T8BNKK4W.png;0.0420,0.0285,0.0220,0.0118,0.0586,0.0157,0.0414,0.0556,0.0047,0.1075,0.0143,0.0158,0.2385,0.0000,0.0000,0.0000,0.0000,;11,0,1,0,0,0,0,0,0,0,0,;0.0505;4;1;273200;4.00;
3R8NDUBSE5CIIDI6K37BBGYS2U64KU.png;0.0000,0.0000,0.0000,0.0520,0.1117,0.1191,0.1071,0.1164,0.1572,0.0918,0.0284,0.0000,0.0254,0.0000,0.0000,0.0000,0.0000,;5,4,0,0,0,0,0,0,0,0,0,;0.0899;6;6;1639200;6.00;
3R8NDUBSE5CRYRKXR6M9AB02Z7L4K5.png;0.2286,0.2826,0.2988,0.0000,0.0807,0.1650,0.0000,0.0000,0.0000,0.0000,0.0000,0.0000,0.0000,0.0000,0.0000,0.0000,0.0000,;1,1,3,0,0,0,0,0,0,0,0,;0.2111;3;3;819600;3.00;
3R8NDUBSF67O3EBOSQ1IL6C0CLD4KT.png;0.0658,0.2251,0.0515,0.1270,0.0000,0.1108,0.1336,0.1216,0.2150,0.0762,0.0513,0.0000,0.0000,0.0000,0.0000,0.0000,0.0000,;4,4,2,0,0,0,0,0,0,0,0,;0.1178;5;3;819600;2.50;
3RPY1MM09GJ0DPT9E5P5CCJTRTWMHE.png;0.0000,0.0000,0.0000,0.0000,0.0212,0.0076,0.0000,0.0000,0.0000,0.0000,0.0000,0.0000,0.0000,0.0000,0.0000,0.0094,0.0044,;1,0,0,0,0,0,0,0,0,0,0,;0.0107;1;1;273200;1.00;
3RRYB8LG3ZH82HFOZGL7ANT68BKKUX.png;0.0784,0.0687,0.1235,0.4077,0.0155,0.0404,0.1428,0.0672,0.3751,0.0000,0.0000,0.0885,0.0000,0.0000,0.0000,0.0000,0.0000,;6,2,0,2,0,0,0,0,0,0,0,;0.1408;3;1;273200;3.00;
3S1POB7GU8DKAHGA5W96UXZRMJ8QU4.png;0.0394,0.3427,0.0568,0.1199,0.3955,0.1106,0.0749,0.0691,0.0394,0.0140,0.0187,0.0000,0.0000,0.0000,0.0000,0.0031,0.0000,;7,2,0,2,0,0,0,0,0,0,0,;0.1070;4;3;819600;2.00;
3S4LLGXSV3FZU47VRD0W7FI7RKKAOY.png;0.0412,0.0766,0.0760,0.0151,0.0869,0.0000,0.0000,0.0137,0.0024,0.0000,0.0000,0.0000,0.0000,0.0000,0.0000,0.0000,0.0000,;6,0,0,0,0,0,0,0,0,0,0,;0.0445;3;2;546400;1.50;
3S8DC08I2JZOJ6XAR5ADV2RBM80EJJ.png;0.1697,0.0833,0.0200,0.0234,0.0376,0.0193,0.0347,0.0492,0.0261,0.0184,0.0456,0.0268,0.0417,0.0269,0.0180,0.0461,0.0273,;16,1,0,0,0,0,0,0,0,0,0,;0.0420;5;2;546400;2.50;
3SBA6YTBY276L0SZ55XU5R7VV8FOBP.png;0.0000,0.0799,0.2248,0.0919,0.0810,0.0399,0.0000,0.0000,0.0000,0.0000,0.0402,0.0000,0.0000,0.0000,0.0000,0.0264,0.0084,;6,0,1,0,0,0,0,0,0,0,0,;0.0741;4;4;1092800;4.00;
3SFRD5IA5Z34MMJO249XJPJMVUHFBF.png;0.0000,0.1038,0.1009,0.1193,0.1154,0.0449,0.0970,0.0269,0.0398,0.0428,0.0437,0.0688,0.0064,0.0951,0.1969,0.3971,0.0153,;11,3,0,1,0,0,0,0,0,0,0,;0.0946;8;4;1092800;2.67;
3SI493PTSWP5AHPBIVTI1I8D7X4ZDI.png;0.0620,0.0333,0.0000,0.0000,0.0000,0.0074,0.0523,0.0786,0.0886,0.0610,0.0852,0.0230,0.0176,0.1377,0.0268,0.0601,0.0241,;12,1,0,0,0,0,0,0,0,0,0,;0.0541;7;4;1092800;3.50;
3SI493PTSWP6VJGGSL9VZHEJP2GDZ2.png;0.1857,0.1156,0.1100,0.0566,0.1087,0.0000,0.0000,0.0000,0.0000,0.0000,0.0000,0.0000,0.0000,0.0000,0.0000,0.0000,0.0000,;2,3,0,0,0,0,0,0,0,0,0,;0.1153;2;2;546400;2.00;
3SIEQXXS6F7PLDK653FBMIWP0ADQ4C.png;0.0000,0.0799,0.2248,0.0919,0.0752,0.0398,0.0000,0.0000,0.0000,0.0000,0.0170,0.0000,0.0000,0.0000,0.0175,0.0264,0.0084,;7,0,1,0,0,0,0,0,0,0,0,;0.0645;4;4;1092800;4.00;
3SJ1BZ9YMZFJKL9JAYIH6SXUEFF7N6.png;0.0000,0.0000,0.0018,0.0429,0.0017,0.0000,0.0000,0.0000,0.0000,0.0000,0.1221,0.0000,0.0000,0.0000,0.0000,0.0000,0.0000,;1,1,0,0,0,0,0,0,0,0,0,;0.0421;2;1;273200;2.00;
3T1550FWLKIS93DC7DPTY5M29UHWXP.png;0.0000,0.1363,0.3922,0.2098,0.1202,0.1866,0.0108,0.0873,0.0647,0.0439,0.0064,0.0000,0.0000,0.0000,0.0000,0.0000,0.0180,;5,4,0,1,0,0,0,0,0,0,0,;0.1160;5;5;1366000;5.00;
3T6HLR4BXW5RX3QYFIC2AVGBFN389Y.png;0.0332,0.0461,0.0214,0.0225,0.0144,0.0656,0.1383,0.0096,0.0771,0.0000,0.0269,0.0281,0.0461,0.0000,0.1339,0.1153,0.0262,;11,3,0,0,0,0,0,0,0,0,0,;0.0536;5;2;546400;2.50;
3T6HLR4BXW65EY3SGXC7I8IJLZ589G.png;0.1009,0.3428,0.1093,0.0861,0.0504,0.0000,0.0000,0.0000,0.0000,0.0000,0.0857,0.0000,0.0110,0.0038,0.0277,0.0299,0.0000,;8,0,0,1,0,0,0,0,0,0,0,;0.0847;5;4;1092800;2.50;
3T6HLR4BXW65EY3SGXC7I8ILF1889L.png;0.2109,0.0000,0.0670,0.0088,0.0411,0.0036,0.0000,0.0000,0.0149,0.0321,0.0127,0.0000,0.0093,0.0082,0.0753,0.0000,0.0000,;6,0,1,0,0,0,0,0,0,0,0,;0.0440;3;1;273200;3.00;
3T6UNEUZ5USMH6KL5FCL3O350KM199.png;0.0000,0.0000,0.0000,0.0000,0.0000,0.0000,0.0000,0.0000,0.0000,0.0000,0.0000,0.0000,0.0000,0.0000,0.0000,0.0000,0.0000,;0,0,0,0,0,0,0,0,0,0,0,;NaN;0;
3T6UNEUZ5USMH6KL5FCL3O350KM199_1.png;0.0650,0.0596,0.0274,0.0000,0.0000,0.0000,0.0000,0.0000,0.0000,0.0000,0.0000,0.0000,0.0000,0.0536,0.0973,0.2710,0.1675,;5,1,1,0,0,0,0,0,0,0,0,;0.1059;2;2;546400;2.00;
3T6UNEUZ5USMH6KL5FCL3O350KM199_2.png;0.0672,0.0000,0.0000,0.0000,0.0000,0.0205,0.0667,0.0000,0.0000,0.0000,0.0000,0.0000,0.0000,0.0000,0.0000,0.0000,0.0000,;3,0,0,0,0,0,0,0,0,0,0,;0.0515;2;1;273200;2.00;
3TCGLRK8ZGNA4CQP60QJDQBQH1MZQ6.png;0.1177,0.1269,0.0413,0.0541,0.0533,0.0870,0.0558,0.0112,0.0447,0.0366,0.0467,0.0439,0.0264,0.0622,0.0436,0.0520,0.0080,;14,2,0,0,0,0,0,0,0,0,0,;0.0536;6;2;546400;3.00;
3TFUINTXMP1P2TVK22ZNBIA74UYT95.png;0.0692,0.2719,0.0810,0.0914,0.0000,0.0000,0.0861,0.1164,0.0000,0.0000,0.0118,0.1174,0.0000,0.0000,0.0000,0.0157,0.0476,;7,2,1,0,0,0,0,0,0,0,0,;0.0909;4;1;273200;4.00;
3TFUINTXNQRB8MQUNU8RNTUAF5A9TC.png;0.0000,0.0177,0.1373,0.0000,0.1646,0.0000,0.0000,0.0000,0.0000,0.0000,0.0000,0.0000,0.0019,0.1600,0.0269,0.0040,0.0057,;2,3,0,0,0,0,0,0,0,0,0,;0.0648;3;1;273200;3.00;
3TJJ8HSJVIOUEEITVOXS8LA6BWX82U.png;0.1701,0.0457,0.0168,0.0187,0.0000,0.0000,0.0000,0.0000,0.0000,0.0000,0.0000,0.0000,0.0000,0.0000,0.0000,0.0000,0.0000,;3,1,0,0,0,0,0,0,0,0,0,;0.0628;1;1;273200;1.00;
3TJJ8HSJWJ7V3WKXYD3KKOVHU4N28W.png;0.0542,0.0220,0.0589,0.0341,0.0538,0.0817,0.0480,0.0598,0.0679,0.0461,0.0534,0.0691,0.0506,0.0486,0.0156,0.0536,0.0081,;16,0,0,0,0,0,0,0,0,0,0,;0.0486;11;4;1092800;3.67;
3TO8OQV8RRE8TSS50K77OY4BTUOOLO.png;0.0809,0.1691,0.1771,0.1072,0.1066,0.0446,0.0659,0.0337,0.0403,0.0369,0.0450,0.0378,0.0424,0.1593,0.0671,0.0339,0.0354,;14,3,0,0,0,0,0,0,0,0,0,;0.0755;6;5;1366000;3.00;
3TR9CMHN3N8E2YCNTAQUMF33CUSBB8.png;0.0000,0.0574,0.1349,0.0699,0.0244,0.1783,0.2300,0.1353,0.1977,0.2537,0.2351,0.2116,0.2334,0.0466,0.0618,0.0000,0.0000,;5,4,5,0,0,0,0,0,0,0,0,;0.1479;7;5;1366000;3.50;
3TYSWKZBELVFE846EGCGPUMG5XR7G5.png;0.0744,0.0386,0.6460,0.1843,0.0000,0.0000,0.0000,0.0000,0.0000,0.0000,0.0000,0.0000,0.0000,0.0000,0.2986,0.2911,0.3399,;2,1,2,1,0,0,1,0,0,0,0,;0.2676;4;3;819600;2.00;
3TYSWKZBFMLN72JJOTFJJEIWD9HG7U.png;0.0555,0.0000,0.0000,0.0000,0.0000,0.0000,0.0463,0.1269,0.1871,0.0712,0.1186,0.1936,0.1828,0.1929,0.0878,0.0262,0.2019,;5,7,0,0,0,0,0,0,0,0,0,;0.1242;6;3;819600;2.00;
3U2H1DGWOPTCKLUQYVRKVZHY3Q4F4G.png;0.0000,0.2828,0.2787,0.1968,0.0217,0.0181,0.0497,0.0210,0.0560,0.0000,0.0000,0.0000,0.0000,0.0000,0.0000,0.0000,0.0000,;5,1,2,0,0,0,0,0,0,0,0,;0.1156;3;3;819600;3.00;
3U47UEJKWC6S8AEVXI8SUW72VHPLB6.png;0.0000,0.1153,0.0630,0.0000,0.0000,0.0000,0.0000,0.0525,0.2395,0.0000,0.0000,0.0000,0.0515,0.0696,0.0000,0.0000,0.0000,;4,1,1,0,0,0,0,0,0,0,0,;0.0986;2;1;273200;2.00;
3U47UEJKWC7M32113CRLFBCBUKFBLV.png;0.0000,0.0490,0.2673,0.0962,0.0086,0.0395,0.0698,0.0643,0.0068,0.0133,0.0000,0.0000,0.0000,0.0000,0.0000,0.0000,0.0000,;6,0,1,0,0,0,0,0,0,0,0,;0.0683;3;2;546400;1.50;
3U47UEJKWC8E1D3WG0VTNM1UKCYBLF.png;0.0462,0.0915,0.1564,0.1562,0.0136,0.1349,0.0741,0.1398,0.1980,0.0905,0.0191,0.0000,0.0000,0.0563,0.0286,0.0423,0.0000,;9,5,0,0,0,0,0,0,0,0,0,;0.0891;7;3;819600;3.50;
3U47UEJKXD5R38RUXLMDWG1BUJXLBR.png;0.2573,0.1162,0.0280,0.0753,0.1373,0.2177,0.1257,0.0783,0.0315,0.0000,0.0000,0.0000,0.0000,0.0000,0.0000,0.0000,0.0000,;4,3,2,0,0,0,0,0,0,0,0,;0.1186;4;3;819600;2.00;
3U6BJ3K2B9GQGJVT0E99IGFE7I2MEG.png;0.1224,0.1619,0.1068,0.0614,0.0627,0.0664,0.0586,0.0000,0.0034,0.1003,0.1863,0.0544,0.0015,0.0048,0.0503,0.0320,0.1210,;9,4,0,0,0,0,0,0,0,0,0,;0.0746;6;3;819600;2.00;
3UEL82N5TO6EUK0Y8E9LV0DUVX2NTJ.png;0.0754,0.0865,0.0702,0.1671,0.0590,0.0055,0.1544,0.0000,0.2100,0.0478,0.0504,0.0795,0.0671,0.0000,0.0732,0.1601,0.0201,;10,3,1,0,0,0,0,0,0,0,0,;0.0884;4;1;273200;4.00;
3UEL82N5TOKN43E6MBDHCIJ23C3NTV.png;0.0409,0.0359,0.0183,0.0268,0.0158,0.0927,0.0553,0.0189,0.0000,0.0000,0.0000,0.0339,0.0291,0.0000,0.0000,0.0000,0.0000,;10,0,0,0,0,0,0,0,0,0,0,;0.0368;3;2;546400;1.50;
3UKAYM2G38LNW9YPLTZSPTC333T903.png;0.2472,0.0470,0.0705,0.0000,0.0000,0.0000,0.0000,0.0000,0.0000,0.0000,0.0000,0.0000,0.0000,0.0000,0.0000,0.0000,0.0000,;2,0,1,0,0,0,0,0,0,0,0,;0.1216;1;1;273200;1.00;
3USMLONC9E5MDB1GD7ZQ6SDG14K85P.png;0.1414,0.2175,0.1365,0.0861,0.0474,0.0111,0.0000,0.0000,0.0000,0.0000,0.0000,0.0128,0.0000,0.0098,0.0102,0.0531,0.0023,;6,2,1,0,0,0,0,0,0,0,0,;0.0662;4;4;1092800;4.00;
3USZNBD0ID5Y2E7UC1NHCD5VH1M51A.png;0.0398,0.0517,0.0000,0.0000,0.1729,0.1213,0.0823,0.0016,0.0000,0.0000,0.0000,0.0000,0.0000,0.0000,0.0000,0.0308,0.0231,;5,2,0,0,0,0,0,0,0,0,0,;0.0654;3;3;819600;3.00;
3UV3KC5DTGMOGZ30EI3U2F567A15CS.png;0.0658,0.2023,0.0515,0.0629,0.1287,0.0465,0.1522,0.0481,0.1659,0.1515,0.0321,0.0103,0.0469,0.0000,0.0000,0.0000,0.0000,;8,5,0,0,0,0,0,0,0,0,0,;0.0896;5;2;546400;2.50;
3UXCLCQO1UDWROO910PGOYLD3QJ20A.png;0.0985,0.0930,0.0268,0.2004,0.2581,0.2468,0.0350,0.0000,0.0713,0.0103,0.0469,0.1076,0.0344,0.0861,0.0222,0.0000,0.0000,;11,1,2,0,0,0,0,0,0,0,0,;0.0955;5;3;819600;2.50;
3UXCLCQO2V425H8F0OVWTKIEO3N20G.png;0.1428,0.3004,0.0309,0.1346,0.2392,0.0400,0.1471,0.2325,0.0450,0.1719,0.2565,0.0226,0.1674,0.2491,0.0208,0.1763,0.1676,;5,7,5,0,0,0,0,0,0,0,0,;0.1497;9;2;546400;4.50;
3VHU2SWT3EI2EPQKMFU0IXHUUZKSPE.png;0.2843,0.1787,0.0000,0.1565,0.0000,0.0000,0.0000,0.0000,0.0000,0.0156,0.0324,0.0000,0.0710,0.0469,0.0000,0.0000,0.0000,;4,2,1,0,0,0,0,0,0,0,0,;0.1122;3;2;546400;1.50;
3VKCYEEK5GTFPTFE2CSUAPH4AEKG1E.png;0.2991,0.2416,0.3484,0.2477,0.3196,0.2574,0.3017,0.3290,0.2006,0.2229,0.2868,0.2047,0.4736,0.2314,0.2438,0.2498,0.2644,;0,2,11,3,1,0,0,0,0,0,0,;0.2778;7;2;546400;3.50;
3VKCYEEK5GTFPTFE2CSUAPH4AEKG1E_1.png;0.2454,0.3261,0.1494,0.2717,0.3087,0.2689,0.2791,0.1067,0.2767,0.2849,0.2425,0.0918,0.3472,0.2139,0.2948,0.2640,0.2959,;2,1,12,2,0,0,0,0,0,0,0,;0.2510;11;4;1092800;2.75;
3VKCYEEK5GTFPTFE2CSUAPH4AEKG1E_2.png;0.3174,0.2378,0.2754,0.3324,0.2514,0.2537,0.2798,0.1478,0.3449,0.2418,0.2764,0.2331,0.2199,0.2362,0.1449,0.2560,0.1791,;0,3,11,3,0,0,0,0,0,0,0,;0.2487;9;5;1366000;4.50;
3VNGVF6XGJQ1QLT33BZ7QKAQGJTGC8.png;0.0000,0.1724,0.2304,0.1278,0.2975,0.0000,0.0000,0.0000,0.0000,0.0000,0.0000,0.0000,0.0000,0.0000,0.0000,0.0000,0.0000,;0,2,2,0,0,0,0,0,0,0,0,;0.2070;2;1;273200;2.00;
3VNVHCMRM39PCV9YY08XQFC2ASTW7K.png;0.0093,0.1950,0.1119,0.2873,0.0917,0.0000,0.0442,0.0000,0.0000,0.0081,0.0495,0.0000,0.0000,0.0000,0.0000,0.0000,0.0000,;3,2,1,0,0,0,0,0,0,0,0,;0.0996;3;3;819600;3.00;
3VPHDNYYW05RMXRPFB37FMZTE8FOX6.png;0.0723,0.0000,0.0657,0.0000,0.0000,0.0000,0.1165,0.0043,0.0000,0.0000,0.0000,0.0000,0.0000,0.0000,0.0000,0.0000,0.0000,;2,1,0,0,0,0,0,0,0,0,0,;0.0647;3;1;273200;3.00;
3VS2P0ED9S8WCYR5XKUI3WE62NIZOD.png;0.0182,0.4556,0.1403,0.1052,0.3715,0.0142,0.1085,0.3793,0.0642,0.1489,0.1195,0.0462,0.0453,0.1741,0.0000,0.0000,0.0000,;7,4,0,2,1,0,0,0,0,0,0,;0.1565;4;1;273200;4.00;
3VS2P0ED9S9HPWVU5TDRGGPE3WLOZL.png;0.0354,0.0411,0.0457,0.0328,0.0304,0.2542,0.0661,0.0362,0.0439,0.1281,0.0515,0.0926,0.0300,0.0871,0.0078,0.0361,0.0314,;14,1,1,0,0,0,0,0,0,0,0,;0.0618;5;2;546400;2.50;
3VTCTNDIMBI4MSZRCFZ5EXG7KAVTGQ.png;0.0836,0.0110,0.0820,0.2636,0.2730,0.2411,0.2853,0.0000,0.0608,0.0865,0.0278,0.0250,0.0508,0.0000,0.1253,0.0000,0.0000,;8,1,4,0,0,0,0,0,0,0,0,;0.1243;5;4;1092800;2.50;
3VXAY8PX9568FZGV4FQLLH1QFO0UBC.png;0.1020,0.0455,0.0241,0.2774,0.2007,0.2202,0.1876,0.1786,0.0000,0.0000,0.0000,0.0000,0.0989,0.0962,0.0655,0.0240,0.0000,;7,3,2,0,0,0,0,0,0,0,0,;0.1267;5;5;1366000;5.00;
3VXAY8PXA67ITFS0HYENNTH6AGPBUQ.png;0.0946,0.0736,0.1654,0.0161,0.0266,0.0494,0.0326,0.0000,0.0375,0.0268,0.0374,0.0176,0.0112,0.0517,0.0245,0.0326,0.0200,;15,1,0,0,0,0,0,0,0,0,0,;0.0449;5;3;819600;2.50;
3W718UE9EUVUJGAIW7WCSAJ232S8KV.png;0.0264,0.0000,0.0000,0.0190,0.0278,0.0066,0.0389,0.0207,0.0000,0.0813,0.0000,0.0615,0.0523,0.0137,0.1414,0.0033,0.1164,;9,2,0,0,0,0,0,0,0,0,0,;0.0469;5;2;546400;2.50;
3W7EAH4XLRRHWHV8PSJNN5I48Z5K1Z.png;0.0235,0.0256,0.0000,0.0000,0.0000,0.0000,0.0000,0.0000,0.1707,0.1639,0.1385,0.0163,0.0000,0.0000,0.0000,0.0000,0.1068,;4,3,0,0,0,0,0,0,0,0,0,;0.0922;4;3;819600;2.00;
3WAI7IWAXVDPIQMZBUA6WKWKGBTKCH.png;0.1275,0.0795,0.0622,0.0713,0.1355,0.2474,0.0187,0.0000,0.0000,0.0000,0.0000,0.0000,0.0000,0.0000,0.0593,0.2954,0.1625,;5,3,2,0,0,0,0,0,0,0,0,;0.1259;5;2;546400;2.50;
3WNTBWVI6HTKT402X941XY1LBXF1DP.png;0.0000,0.0671,0.1055,0.1091,0.1195,0.2100,0.0361,0.0000,0.1068,0.0526,0.0048,0.1839,0.3230,0.2733,0.0084,0.2440,0.2853,;6,2,4,1,0,0,0,0,0,0,0,;0.1420;6;3;819600;2.00;
3WNTBWVI7IICS3U5SPMYXHW39RR1DW.png;0.0000,0.0197,0.3715,0.2991,0.2011,0.2479,0.0722,0.0292,0.0000,0.1642,0.0000,0.0000,0.0000,0.0000,0.0000,0.1236,0.0000,;3,3,2,1,0,0,0,0,0,0,0,;0.1698;4;4;1092800;4.00;
3X3BKUX7FNI4TQBH6Z6BCBN743AUUW.png;0.0000,0.0825,0.2943,0.1116,0.0315,0.1642,0.0779,0.0769,0.0925,0.0373,0.1131,0.0000,0.0342,0.0000,0.0000,0.0566,0.0000,;8,3,1,0,0,0,0,0,0,0,0,;0.0977;4;2;546400;2.00;
3XCMB0010Q8CROANL93DZ0TZ7HDP3B.png;0.0000,0.0000,0.0000,0.0000,0.0000,0.0000,0.0000,0.0000,0.0000,0.0508,0.1845,0.0908,0.0000,0.0000,0.0000,0.0000,0.0000,;2,1,0,0,0,0,0,0,0,0,0,;0.1087;1;1;273200;1.00;
3XFOW6US4G39LHGXH58DQK2U59EF7W.png;0.0274,0.0675,0.1152,0.0983,0.0183,0.0107,0.0850,0.0967,0.0921,0.0917,0.0211,0.0000,0.0000,0.0000,0.0000,0.0000,0.0000,;10,1,0,0,0,0,0,0,0,0,0,;0.0658;7;4;1092800;3.50;
3XH5NKQXD1CEK1G2OFNXP2YO5CGQ1D.png;0.0669,0.0588,0.0552,0.0371,0.0334,0.0538,0.0583,0.0347,0.0343,0.0670,0.0645,0.0407,0.0577,0.0497,0.0307,0.0691,0.0491,;17,0,0,0,0,0,0,0,0,0,0,;0.0506;9;3;819600;3.00;
3XKJYHBF1PGIGZAV82J26HU67K1S94.png;0.0595,0.1022,0.0812,0.0118,0.0306,0.0425,0.0177,0.1169,0.0224,0.0806,0.0426,0.0120,0.0648,0.0332,0.0499,0.1475,0.0294,;15,2,0,0,0,0,0,0,0,0,0,;0.0556;7;3;819600;3.50;
3XKJYHBF2QXEJ36G795O9QJC5X59SV.png;0.0100,0.2545,0.0971,0.0610,0.0000,0.0000,0.0000,0.0000,0.0000,0.0000,0.0000,0.0000,0.0000,0.0000,0.0000,0.0000,0.0000,;3,0,1,0,0,0,0,0,0,0,0,;0.1057;1;1;273200;1.00;
3XLULPCEJ5A20HTSPHJ11BGOHJ2K00.png;0.0533,0.2180,0.1223,0.1236,0.0441,0.0908,0.0000,0.0831,0.0209,0.2173,0.0774,0.1511,0.0817,0.2153,0.0490,0.0463,0.0000,;9,3,3,0,0,0,0,0,0,0,0,;0.1063;6;3;819600;3.00;
3XLULPCEK6XSKDKZU2VPQEQSWADK07.png;0.0000,0.0000,0.2739,0.3530,0.1318,0.2545,0.1744,0.1016,0.1532,0.0673,0.1034,0.0327,0.0438,0.0404,0.0067,0.0019,0.0000,;6,3,2,1,0,0,0,0,0,0,0,;0.1242;6;5;1366000;3.00;
3XOONX5XJ4G5CUJT3GITEEBP8TAR9P.png;0.0000,0.0708,0.2814,0.1725,0.0245,0.0000,0.0000,0.0000,0.0000,0.0000,0.0000,0.0000,0.0000,0.0000,0.0000,0.0000,0.0000,;2,1,1,0,0,0,0,0,0,0,0,;0.1373;2;2;546400;2.00;
3XQ5ITPVUWC5A41L5RJWP1DP30VQTX.png;0.0478,0.3988,0.0779,0.1530,0.4537,0.1722,0.0201,0.1615,0.0525,0.0191,0.0259,0.0000,0.0000,0.0000,0.0000,0.0000,0.0000,;6,3,0,1,1,0,0,0,0,0,0,;0.1439;5;3;819600;2.50;
3XQ5ITPVUWCZXHDQO612ZU9R46PQTU.png;0.0628,0.0899,0.0558,0.0851,0.1528,0.1171,0.0351,0.0000,0.2159,0.0840,0.1414,0.0973,0.0000,0.0000,0.0764,0.1440,0.0000,;8,4,1,0,0,0,0,0,0,0,0,;0.1044;5;2;546400;2.50;
3XQ5ITPVVXEK5RIJJ0S4JMU41HATQO.png;0.0887,0.0000,0.0838,0.0204,0.0429,0.0518,0.0000,0.0234,0.0255,0.1207,0.0000,0.0000,0.0000,0.0000,0.0000,0.0000,0.0000,;7,1,0,0,0,0,0,0,0,0,0,;0.0571;3;1;273200;3.00;
3XXLL7ZNZBX2S1C8S0AVX01M47X2SM.png;0.0256,0.0418,0.0329,0.0363,0.0380,0.0177,0.0439,0.0341,0.0409,0.0363,0.0445,0.0483,0.0860,0.0915,0.0260,0.0167,0.0813,;17,0,0,0,0,0,0,0,0,0,0,;0.0436;6;4;1092800;3.00;
3Y6OYEUGD7DBA3Z0UX7LVDP3LCIS5W.png;0.3097,0.0989,0.0279,0.0275,0.0097,0.0592,0.0192,0.1065,0.1265,0.2052,0.0406,0.0395,0.0497,0.0092,0.0592,0.0000,0.0000,;10,2,1,0,0,0,0,0,0,0,0,;0.0792;5;3;819600;2.50;
3YATNUOYWN28VJEWP8MVZLA65TU5R8.png;0.0263,0.0329,0.0935,0.0140,0.0338,0.0195,0.0264,0.0511,0.0000,0.0566,0.0000,0.0000,0.0000,0.0000,0.0000,0.0000,0.0000,;9,0,0,0,0,0,0,0,0,0,0,;0.0393;3;1;273200;3.00;
3YE2HAAZLWT35EOEU3RFNMQ5RC4ZU3.png;0.1385,0.0279,0.0256,0.0277,0.0243,0.0280,0.0257,0.0262,0.0250,0.0268,0.0000,0.0007,0.0255,0.0263,0.0254,0.0246,0.0264,;14,1,0,0,0,0,0,0,0,0,0,;0.0315;1;1;273200;1.00;
3YJAOW5N8OU26Z949MJ65YS6Q7GNS0.png;0.0354,0.0411,0.0457,0.0328,0.0291,0.2578,0.0649,0.0374,0.0436,0.1205,0.0516,0.0876,0.0287,0.0881,0.0078,0.0361,0.0314,;14,1,1,0,0,0,0,0,0,0,0,;0.0612;5;2;546400;2.50;
3YJAOW5N8OUDFKNJJE4VLVI018MNS9.png;0.0637,0.0790,0.0561,0.0693,0.1433,0.0648,0.1212,0.0000,0.2131,0.1734,0.0697,0.0000,0.0000,0.0000,0.0732,0.1433,0.0000,;7,4,1,0,0,0,0,0,0,0,0,;0.1058;5;2;546400;2.50;
3YJAOW5N8OUDFKNJJE4VLVI0YDQNSK.png;0.0743,0.0989,0.0538,0.0169,0.0000,0.1002,0.0000,0.0000,0.2159,0.0000,0.0000,0.0000,0.0000,0.0000,0.0764,0.1440,0.0000,;6,1,1,0,0,0,0,0,0,0,0,;0.0976;4;1;273200;4.00;
3YJAOW5N9PI929Z2OH5BG1NQ7AGNSB.png;0.1129,0.2355,0.0893,0.1165,0.2439,0.1920,0.2423,0.0000,0.0000,0.0087,0.0000,0.0000,0.0000,0.0000,0.0000,0.0000,0.0000,;1,3,3,0,0,0,0,0,0,0,0,;0.1551;4;3;819600;2.00;
3YKHA5XMY4LNHWQDYI2RHLTBGR3A75.png;0.0000,0.1495,0.0436,0.0263,0.3034,0.0042,0.0000,0.0000,0.0000,0.0556,0.0000,0.0000,0.0000,0.0000,0.0000,0.0000,0.0000,;3,1,1,0,0,0,0,0,0,0,0,;0.0971;2;1;273200;2.00;
3YNFDCZ5Q3U1E5N64P4QVLD4C30NR9.png;0.0637,0.0772,0.0516,0.0495,0.0526,0.0012,0.0000,0.0000,0.1973,0.0025,0.0005,0.0000,0.0011,0.0417,0.1178,0.1601,0.0201,;7,3,0,0,0,0,0,0,0,0,0,;0.0598;5;2;546400;2.50;
3YNFDCZ5R4IX1UZP9S56QRIUL8YNRO.png;0.1273,0.2347,0.0893,0.1165,0.2386,0.1971,0.2427,0.0072,0.0187,0.0928,0.0532,0.0784,0.0991,0.0874,0.0000,0.0000,0.0000,;7,3,3,0,0,0,0,0,0,0,0,;0.1202;5;3;819600;2.50;
3YR6VNT52416IC86SLGIIDTF4TWB78.png;0.0832,0.0000,0.0000,0.0000,0.0000,0.0000,0.0000,0.0000,0.0000,0.0000,0.0000,0.0000,0.0000,0.0000,0.0000,0.0000,0.0000,;1,0,0,0,0,0,0,0,0,0,0,;0.0832;1;1;273200;1.00;
3YR6VNT5352GKULNOMVIY5386U67BS.png;0.0771,0.0672,0.2030,0.1621,0.1242,0.0785,0.0495,0.0383,0.0514,0.0400,0.0532,0.0316,0.0547,0.0313,0.0579,0.0000,0.0396,;13,3,0,0,0,0,0,0,0,0,0,;0.0725;5;4;1092800;2.50;
3YS67JKWKBRVDSIQ9F8UVFJ1JQRX40.png;0.0792,0.0443,0.0000,0.0000,0.0000,0.0000,0.0000,0.0369,0.0121,0.0178,0.0820,0.0489,0.0770,0.0464,0.0151,0.0154,0.0272,;12,0,0,0,0,0,0,0,0,0,0,;0.0419;6;4;1092800;3.00;
3YS67JKWKBTMNDQ3LRFOMM61VUK4X5.png;0.2440,0.1776,0.6224,0.0729,0.1134,0.0000,0.0000,0.0000,0.0766,0.0000,0.0000,0.0000,0.0000,0.0000,0.0000,0.0000,0.0000,;2,2,1,0,0,0,1,0,0,0,0,;0.2178;2;1;273200;2.00;
3YVLYSYEBF5NUSY0E746VZKOKNG0QY.png;0.0000,0.0959,0.1790,0.0562,0.1286,0.0000,0.0283,0.0000,0.0000,0.0000,0.0000,0.0000,0.0000,0.0000,0.0000,0.0000,0.0000,;3,2,0,0,0,0,0,0,0,0,0,;0.0976;2;1;273200;2.00;
3Z1VWDJDMCSL9FEEWY1JWQIRHY8F8V.png;0.1549,0.2932,0.1634,0.2901,0.0171,0.0566,0.0737,0.1000,0.0000,0.0501,0.0000,0.0000,0.0000,0.0000,0.0000,0.0000,0.0000,;5,2,2,0,0,0,0,0,0,0,0,;0.1332;4;4;1092800;4.00;
3Z1VWDJDMCXXDMC10K62ECWQF20F8X.png;0.0460,0.1124,0.0520,0.0000,0.0000,0.0514,0.1231,0.0654,0.0012,0.0000,0.0000,0.0000,0.0000,0.0769,0.0615,0.0090,0.0000,;6,2,0,0,0,0,0,0,0,0,0,;0.0599;5;2;546400;2.50;
3Z1VWDJDNDED63DNWYEYK1BZJ9X8FQ.png;0.0615,0.0225,0.0573,0.0977,0.0215,0.0000,0.0000,0.0000,0.0000,0.0000,0.0000,0.0000,0.0000,0.0000,0.0000,0.0000,0.0000,;5,0,0,0,0,0,0,0,0,0,0,;0.0521;3;2;546400;1.50;
3ZAK6NWIZ37QLEUJSP86OBIVCQQ9VS.png;0.0000,0.0630,0.0000,0.0639,0.0360,0.0000,0.0116,0.3380,0.1032,0.1044,0.0127,0.0074,0.0000,0.0000,0.0000,0.0000,0.0000,;7,0,0,1,0,0,0,0,0,0,0,;0.0822;3;3;819600;3.00;
3ZFB7PFNY1ZJD1XM4GHBRRAA6FG931.png;0.2165,0.0436,0.0750,0.0100,0.0225,0.0167,0.0000,0.0000,0.0000,0.0392,0.0000,0.0000,0.0000,0.0295,0.0000,0.0000,0.0000,;7,0,1,0,0,0,0,0,0,0,0,;0.0566;2;1;273200;2.00;
3ZFB7PFNY1ZJD1XM4GHBRRAA6GF932.png;0.1964,0.0420,0.0710,0.0277,0.0000,0.0000,0.0000,0.0467,0.0976,0.1644,0.1751,0.1265,0.0000,0.0000,0.0000,0.0000,0.0000,;5,4,0,0,0,0,0,0,0,0,0,;0.1053;4;3;819600;2.00;
3ZNMTDKQXPRIYI9V3LJLED84I1Z2VB.png;0.0289,0.1942,0.2168,0.0270,0.0876,0.2168,0.1432,0.0206,0.2303,0.2072,0.0412,0.0947,0.1827,0.0969,0.0164,0.2303,0.1418,;8,5,4,0,0,0,0,0,0,0,0,;0.1280;9;2;546400;4.50;
3ZSDUF3VXOXZ44ZW3SE86JT3CR623Z.png;0.0000,0.1727,0.2214,0.1218,0.0037,0.0171,0.0138,0.0000,0.0077,0.0091,0.0256,0.0034,0.0000,0.0566,0.0000,0.0000,0.0000,;4,2,1,0,0,0,0,0,0,0,0,;0.0594;3;3;819600;3.00;
3ZXEP6UEFFQUF1V5KFZ2RFEFLM08OQ.png;0.0139,0.0722,0.0143,0.0041,0.0000,0.0228,0.0216,0.0325,0.0257,0.0566,0.0821,0.0870,0.0455,0.0765,0.0077,0.0018,0.0251,;13,0,0,0,0,0,0,0,0,0,0,;0.0369;6;5;1366000;3.00;
