imageID;text densities;Histogram of windows with text densitites b/w 0:0.1:1;threshold;windows greater than threshold;largest connected window (no. of windows);largest connected window in pixels;The average size of connected regions;
306OACM7G04QOX49OC3VEMIMU7KA8L.png;0.1984,0.1269,0.0935,0.0311,0.0166,0.0242,0.0250,0.0120,;6,2,0,0,0,0,0,0,0,0,0,;0.0660;3;3;1639200;3.00;
30E2X49V611K26Z0IIHLB47CQY53NF.png;0.0000,0.2116,0.0514,0.0609,0.0000,0.0000,0.0000,0.0000,;2,0,1,0,0,0,0,0,0,0,0,;0.1080;1;1;546400;1.00;
30E2X49V611K26Z0IIHLB47CQY63NG.png;0.0388,0.0976,0.0912,0.0215,0.0782,0.0179,0.0611,0.0000,;7,0,0,0,0,0,0,0,0,0,0,;0.0580;4;2;1092800;2.00;
30GUUI0R316PRKEN69AJEXY15MMBCT.png;0.0536,0.0770,0.1144,0.0266,0.0430,0.0957,0.1062,0.0238,;7,1,0,0,0,0,0,0,0,0,0,;0.0675;4;2;1092800;4.00;
319N3DB42B6LKGW48RIT1IUY6MJEPG.png;0.0992,0.0941,0.0599,0.0000,0.0304,0.0738,0.0562,0.0668,;7,0,0,0,0,0,0,0,0,0,0,;0.0686;3;2;1092800;1.50;
31H4HIBP9AWNGDF6JZY7J01Z8LG5HP.png;0.0974,0.4207,0.0947,0.1556,0.0964,0.0457,0.0566,0.0892,;6,1,0,0,1,0,0,0,0,0,0,;0.1320;2;1;546400;2.00;
31QBDMKNDPO96CGOU6OI3UH1N96L85.png;0.0000,0.0000,0.0000,0.0000,0.0470,0.0105,0.0270,0.0309,;4,0,0,0,0,0,0,0,0,0,0,;0.0289;2;1;546400;2.00;
31QOF9ABLNAV27TO4PXO0GLATWO1L1.png;0.0829,0.1525,0.1095,0.1752,0.1455,0.1938,0.0169,0.0000,;3,4,0,0,0,0,0,0,0,0,0,;0.1252;4;3;1639200;2.00;
31R9JPCYP6DVE0AQVNO2QFRENFMWRA.png;0.2411,0.3590,0.0792,0.0510,0.0257,0.0000,0.0000,0.0000,;3,0,1,1,0,0,0,0,0,0,0,;0.1512;2;2;1092800;2.00;
31TTIPZ8XM69HILWQZWMCQMN1KS3GE.png;0.0838,0.0026,0.0000,0.0000,0.0000,0.0000,0.0216,0.1624,;2,1,0,0,0,0,0,0,0,0,0,;0.0676;2;1;546400;2.00;
31ZZN31VRB1J1I6XNAS9X9DBA59QRV.png;0.1331,0.0319,0.0358,0.0341,0.0188,0.0266,0.0166,0.0373,;7,1,0,0,0,0,0,0,0,0,0,;0.0418;1;1;546400;1.00;
3203J2GC2PK4HSXGZ2GG107218V84Q.png;0.2410,0.1230,0.0518,0.0182,0.0585,0.0092,0.0000,0.0350,;4,1,1,0,0,0,0,0,0,0,0,;0.0767;2;2;1092800;2.00;
3203J2GC2PK4HSXGZ2GG1073Z7V84O.png;0.2102,0.0399,0.0000,0.0000,0.0006,0.1036,0.0195,0.0700,;4,0,1,0,0,0,0,0,0,0,0,;0.0740;2;1;546400;2.00;
3203J2GC2PK4HSXGZ2GG1074VAS84P.png;0.1463,0.0328,0.0000,0.0000,0.0000,0.0000,0.0000,0.0000,;1,1,0,0,0,0,0,0,0,0,0,;0.0896;1;1;546400;1.00;
320GLP60AN5TS9K5PU8IGRVPKUZ14P.png;0.0000,0.0655,0.0832,0.0659,0.0406,0.0766,0.0909,0.1457,;6,1,0,0,0,0,0,0,0,0,0,;0.0812;3;2;1092800;1.50;
320GLP60AN6FM9FGZXIOL5AG38941T.png;0.0163,0.2410,0.1742,0.1812,0.1057,0.0097,0.0045,0.0710,;3,2,1,0,0,0,0,0,0,0,0,;0.1004;4;4;2185600;4.00;
323KIQYDLQ7S9UIT4NE6QLFONB14CB.png;0.1108,0.0000,0.0000,0.0000,0.0177,0.0705,0.0288,0.0000,;3,1,0,0,0,0,0,0,0,0,0,;0.0570;2;1;546400;2.00;
3244QHISJ1ITNE98CFK36E7RG91L0N.png;0.0362,0.0619,0.0000,0.0000,0.0518,0.0085,0.0000,0.0000,;3,0,0,0,0,0,0,0,0,0,0,;0.0396;2;1;546400;2.00;
3244QHISK2XKVEPCAXDY38M44I9L04.png;0.1435,0.0297,0.0056,0.0232,0.0112,0.0112,0.0112,0.0341,;6,1,0,0,0,0,0,0,0,0,0,;0.0337;2;1;546400;2.00;
329GGY5YRI5WHTWS4FZ9QWPAMFRT4W.png;0.0488,0.0646,0.0259,0.0182,0.0334,0.0000,0.0000,0.0000,;5,0,0,0,0,0,0,0,0,0,0,;0.0382;2;2;1092800;2.00;
32GVUSPLEYOYH9SP841K39EVOUOK3Z.png;0.1304,0.1230,0.0675,0.0416,0.1191,0.1143,0.1485,0.0476,;3,5,0,0,0,0,0,0,0,0,0,;0.0990;5;3;1639200;2.50;
32GVUSPLFZ61Q5EOZV799O813X5K3C.png;0.1532,0.0866,0.0309,0.0232,0.0202,0.0238,0.0198,0.0171,;7,1,0,0,0,0,0,0,0,0,0,;0.0469;2;2;1092800;2.00;
32JEHGQ0QIPYH7JPSF8OLMHJ8AAU81.png;0.0723,0.0109,0.0026,0.0117,0.0028,0.0000,0.0055,0.0026,;3,0,0,0,0,0,0,0,0,0,0,;0.0155;1;1;546400;1.00;
32JRJ3GOYGFHSVM6IWA88RJNYD8U1D.png;0.1971,0.2614,0.0896,0.1653,0.2088,0.0881,0.1107,0.0534,;3,4,1,0,0,0,0,0,0,0,0,;0.1468;4;2;1092800;4.00;
32SOQFN7RN4Q5SNOXDF8KS0W4TRIPM.png;0.3517,0.0129,0.0000,0.0000,0.0102,0.0300,0.0987,0.0838,;5,0,0,1,0,0,0,0,0,0,0,;0.0979;2;1;546400;2.00;
32WAV7G60PNC75TK9C1M3A29EH0D36.png;0.0374,0.0498,0.0938,0.0144,0.0000,0.0104,0.0442,0.0000,;6,0,0,0,0,0,0,0,0,0,0,;0.0417;3;2;1092800;1.50;
32WAV7G6ZOBEE25MHO1EVKD7PUBD3N.png;0.0575,0.0005,0.0000,0.0000,0.0030,0.0253,0.0154,0.0208,;4,0,0,0,0,0,0,0,0,0,0,;0.0204;3;1;546400;3.00;
330XZFCZ7R2IEZH3T3I3O6ANM0DXTM.png;0.0302,0.0148,0.0323,0.0000,0.0000,0.0000,0.0000,0.0000,;3,0,0,0,0,0,0,0,0,0,0,;0.0258;2;1;546400;2.00;
330XZFCZ7RB627L6HWI9543W690TXG.png;0.2153,0.0961,0.1052,0.1460,0.1809,0.1045,0.0654,0.0988,;5,2,1,0,0,0,0,0,0,0,0,;0.1265;3;2;1092800;1.50;
33EWWXEH81XUPFZ4BLANE2SZQMJ40X.png;0.0317,0.0251,0.0161,0.0193,0.0147,0.0249,0.0136,0.0000,;7,0,0,0,0,0,0,0,0,0,0,;0.0208;3;2;1092800;1.50;
33FLRCV01N0NF725EJLGLLU8UGYORG.png;0.0335,0.0408,0.0517,0.0013,0.0000,0.0000,0.0000,0.0268,;4,0,0,0,0,0,0,0,0,0,0,;0.0308;3;3;1639200;3.00;
33QM7VBL79CAH7ME53S2DMVHTOZ3QX.png;0.2307,0.1830,0.0894,0.1565,0.1207,0.0895,0.0965,0.0923,;4,3,1,0,0,0,0,0,0,0,0,;0.1323;3;2;1092800;1.50;
33RX46D1RXVH625SCIG7UWSYT80X1J.png;0.0330,0.1004,0.1024,0.0362,0.1137,0.0845,0.0934,0.0858,;7,1,0,0,0,0,0,0,0,0,0,;0.0812;6;4;2185600;3.00;
33XMDKLTFSU7YK1SQJZ2MPHPZ4ZZCZ.png;0.0630,0.2797,0.0944,0.1107,0.1030,0.1318,0.1056,0.0705,;5,2,1,0,0,0,0,0,0,0,0,;0.1198;2;1;546400;2.00;
344RGS4J7S874QSQIPH3B5TQWFPMPU.png;0.1469,0.1486,0.0000,0.0000,0.0000,0.0000,0.0000,0.0781,;1,2,0,0,0,0,0,0,0,0,0,;0.1245;2;2;1092800;2.00;
34B3PHKY7L0QRWI1JO5S4NCKMT3NE1.png;0.0108,0.1730,0.0667,0.0258,0.0000,0.0000,0.0000,0.0000,;3,1,0,0,0,0,0,0,0,0,0,;0.0691;1;1;546400;1.00;
34KQN2TBKTGWLIK008X22C5QD2JSAJ.png;0.0000,0.0000,0.0000,0.0000,0.0000,0.0000,0.0000,0.0000,;0,0,0,0,0,0,0,0,0,0,0,;NaN;0;
34RF8KPUOTU14SPS6MXYXNPWVK1SBB.png;0.0032,0.0033,0.0181,0.0072,0.0172,0.0078,0.0120,0.0094,;3,0,0,0,0,0,0,0,0,0,0,;0.0098;3;1;546400;3.00;
34RF8KPUOTU14SPS6MXYXNPWVK1SBB_1.png;0.0495,0.0862,0.0457,0.0153,0.0224,0.0202,0.0177,0.0242,;8,0,0,0,0,0,0,0,0,0,0,;0.0352;3;3;1639200;3.00;
34RF8KPUOTU14SPS6MXYXNPWVK1SBB_2.png;0.0760,0.0288,0.0286,0.0186,0.0178,0.0201,0.0215,0.0239,;8,0,0,0,0,0,0,0,0,0,0,;0.0294;1;1;546400;1.00;
34RF8KPUOTU14SPS6MXYXNPWVK7SBH.png;0.0164,0.0049,0.0242,0.0071,0.0340,0.0049,0.0031,0.0000,;3,0,0,0,0,0,0,0,0,0,0,;0.0135;3;1;546400;3.00;
34YKDDZP3UMABNHOK8ECJ4FCOZJWHB.png;0.0954,0.3240,0.3118,0.1635,0.2720,0.2647,0.1509,0.0463,;2,2,2,2,0,0,0,0,0,0,0,;0.2036;4;2;1092800;4.00;
3568B45QGKRG3Y1LZDHA1JA6BSCO3E.png;0.2875,0.0000,0.0000,0.0000,0.0000,0.0067,0.0369,0.0242,;2,0,1,0,0,0,0,0,0,0,0,;0.0888;1;1;546400;1.00;
3589VT1T2BGMXIVHZGNGS492OQIJN8.png;0.1583,0.0000,0.0000,0.0000,0.0041,0.0153,0.0726,0.0838,;3,1,0,0,0,0,0,0,0,0,0,;0.0668;3;2;1092800;1.50;
35DAEVU8JHJ10FFZ10EN4CRDQ8F870.png;0.0866,0.0354,0.0501,0.0000,0.1079,0.0000,0.0000,0.1102,;4,1,0,0,0,0,0,0,0,0,0,;0.0781;3;1;546400;3.00;
35GRDJC92I6VOWRC3MF6JHNHWWLC7I.png;0.0090,0.0489,0.0177,0.0000,0.0000,0.0000,0.0000,0.0000,;2,0,0,0,0,0,0,0,0,0,0,;0.0252;1;1;546400;1.00;
35HIM1LU2HRMGPBVQO0P66HG1MBI5I.png;0.0361,0.0000,0.0329,0.1505,0.1301,0.2268,0.1642,0.0678,;3,3,1,0,0,0,0,0,0,0,0,;0.1155;4;4;2185600;4.00;
35QUA2ABY634ZYN782PTB2BL5I8EGJ.png;0.0477,0.1138,0.0000,0.0000,0.0000,0.0000,0.0000,0.0000,;1,1,0,0,0,0,0,0,0,0,0,;0.0807;1;1;546400;1.00;
35QUA2ABZ7MBAB0HZGYJHQ28USWGE7.png;0.1527,0.0859,0.0000,0.0000,0.0000,0.0000,0.0000,0.0000,;1,1,0,0,0,0,0,0,0,0,0,;0.1193;1;1;546400;1.00;
361LJMRMCQ5CDYJ025B6700NV8CUR4.png;0.0978,0.0000,0.0633,0.0464,0.0263,0.2411,0.1771,0.0155,;5,1,1,0,0,0,0,0,0,0,0,;0.0954;3;2;1092800;1.50;
369VX4MEOJAKM0DV8XRK62EAJWKGI1.png;0.1010,0.2004,0.0221,0.0000,0.0039,0.0055,0.0161,0.0055,;3,1,0,0,0,0,0,0,0,0,0,;0.0507;2;2;1092800;2.00;
36ARV8EEH67U95XPYN59VTZKFJ2VA1.png;0.0515,0.0574,0.0378,0.0481,0.0210,0.0351,0.0172,0.0000,;7,0,0,0,0,0,0,0,0,0,0,;0.0383;3;2;1092800;1.50;
36FIWAXJH5YZ4NF13JA9L63DO7Z3AS.png;0.1931,0.0982,0.1295,0.2384,0.3223,0.1123,0.1355,0.1013,;2,4,1,1,0,0,0,0,0,0,0,;0.1663;3;2;1092800;1.50;
36HGGQAXL6KTNEA2DMTHLEEUZ4CVBW.png;0.2934,0.1799,0.2733,0.1923,0.0735,0.0658,0.0627,0.0791,;4,2,2,0,0,0,0,0,0,0,0,;0.1525;4;4;2185600;4.00;
36HGGQAXL6L87J29O35QD9YQWSFBVG.png;0.0000,0.0521,0.0675,0.0774,0.0920,0.0373,0.0000,0.0000,;5,0,0,0,0,0,0,0,0,0,0,;0.0544;3;3;1639200;3.00;
36IAL8HYOXSPP9QYVLXZPMFW48E4R6.png;0.0000,0.0000,0.0000,0.0000,0.0000,0.0367,0.0824,0.0286,;3,0,0,0,0,0,0,0,0,0,0,;0.0492;1;1;546400;1.00;
36MWL0IRGCO0L6PQ7W22BBNT0ICOHL.png;0.0000,0.2063,0.2779,0.0000,0.0000,0.0232,0.0076,0.0944,;2,1,1,0,0,0,0,0,0,0,0,;0.1219;2;2;1092800;2.00;
36QDS77QN9NG5USZQM0XMAC2L97HFT.png;0.1592,0.1590,0.0030,0.0000,0.0499,0.1348,0.2394,0.1818,;1,4,1,0,0,0,0,0,0,0,0,;0.1324;5;3;1639200;2.50;
36QDS77QN9Y3AP81GU3ZJ983H37HFJ.png;0.0444,0.0580,0.0000,0.0000,0.0170,0.0261,0.0405,0.0000,;5,0,0,0,0,0,0,0,0,0,0,;0.0372;3;2;1092800;1.50;
36R3RQSDPTXRSZ6X7FR6HZHDYAF078.png;0.0205,0.0114,0.0100,0.0000,0.0165,0.0162,0.0283,0.0000,;5,0,0,0,0,0,0,0,0,0,0,;0.0171;2;1;546400;2.00;
375FCEJV4GX4B1VR293XJCDD0I7CCJ.png;0.0978,0.2522,0.1179,0.1663,0.1232,0.1495,0.1083,0.1137,;2,5,1,0,0,0,0,0,0,0,0,;0.1411;3;1;546400;3.00;
375MF9UHMRPR2XWE6NL8JC3TL1HSX9.png;0.0198,0.2184,0.0365,0.0299,0.0000,0.0000,0.0000,0.0000,;3,0,1,0,0,0,0,0,0,0,0,;0.0761;1;1;546400;1.00;
37672WDDC2JA93V4O46FCCJ2VAJNM9.png;0.0000,0.0587,0.1329,0.0055,0.0000,0.0000,0.0000,0.0000,;1,1,0,0,0,0,0,0,0,0,0,;0.0657;1;1;546400;1.00;
378UBY8FQ61LFCJMHZWZTRZI59A8TB.png;0.1970,0.2147,0.3341,0.2673,0.0447,0.0924,0.0355,0.0027,;3,1,2,1,0,0,0,0,0,0,0,;0.1485;4;4;2185600;4.00;
378UBY8FR7AABMKBM232FCEFT60T8E.png;0.1643,0.2580,0.2249,0.0575,0.0655,0.0420,0.0528,0.0000,;4,1,2,0,0,0,0,0,0,0,0,;0.1236;3;3;1639200;3.00;
379R4POZ46ZM5D7FMP5TH9FBQ7PRXR.png;0.0488,0.0055,0.0203,0.0120,0.0000,0.0000,0.0054,0.0000,;3,0,0,0,0,0,0,0,0,0,0,;0.0184;2;1;546400;2.00;
37CCG24EIZSNBY0O0RYFBPCKLTQZRW.png;0.0146,0.0046,0.0011,0.0058,0.0104,0.0043,0.0055,0.0045,;2,0,0,0,0,0,0,0,0,0,0,;0.0064;2;1;546400;2.00;
37CCG24EIZSNBY0O0RYFBPCKLTQZRW_1.png;0.0255,0.0139,0.0136,0.0000,0.0000,0.0124,0.0000,0.0000,;4,0,0,0,0,0,0,0,0,0,0,;0.0164;1;1;546400;1.00;
37CCG24EIZSNBY0O0RYFBPCKLTQZRW_2.png;0.0227,0.0135,0.0000,0.0097,0.0000,0.0094,0.0000,0.0096,;2,0,0,0,0,0,0,0,0,0,0,;0.0130;2;2;1092800;2.00;
37FXVUXR5NUGX6LAN3N06Z6PNZ6EWN.png;0.0189,0.0005,0.0000,0.0000,0.0000,0.0000,0.0000,0.0000,;1,0,0,0,0,0,0,0,0,0,0,;0.0097;1;1;546400;1.00;
37NNZ8MO7S6VRHEMSEGUVBLX898EQM.png;0.2200,0.0488,0.0258,0.0074,0.0027,0.0045,0.0063,0.0015,;2,0,1,0,0,0,0,0,0,0,0,;0.0396;2;2;1092800;2.00;
37QHTW84X0Z4WRFH6C4VHQ7JNTDJDT.png;0.0560,0.1625,0.0053,0.0000,0.0088,0.0117,0.0000,0.0283,;3,1,0,0,0,0,0,0,0,0,0,;0.0454;2;2;1092800;2.00;
37ZHE2JT1D250TKIB56TICN73UM88S.png;0.1884,0.1052,0.0000,0.0000,0.0000,0.0315,0.0094,0.0357,;3,1,0,0,0,0,0,0,0,0,0,;0.0741;2;2;1092800;2.00;
37ZHE2JT1D250TKIB56TICN73UQ88W.png;0.1551,0.1576,0.2908,0.1484,0.0000,0.0000,0.0000,0.0000,;0,3,1,0,0,0,0,0,0,0,0,;0.1880;1;1;546400;1.00;
37ZUGP9H9BONPT0XCKXE3200JPH817.png;0.2160,0.1105,0.0680,0.1120,0.1058,0.1248,0.1167,0.1076,;3,4,1,0,0,0,0,0,0,0,0,;0.1202;2;1;546400;2.00;
37ZUGP9H9BONPT0XCKXE3201JQL81F.png;0.1222,0.0230,0.0000,0.0000,0.0000,0.0000,0.0000,0.0000,;1,1,0,0,0,0,0,0,0,0,0,;0.0726;1;1;546400;1.00;
38464Y8J3VK9Y56OSLPV9KDIFIGV4J.png;0.0386,0.0247,0.0276,0.0188,0.0181,0.0153,0.0179,0.0241,;8,0,0,0,0,0,0,0,0,0,0,;0.0232;4;3;1639200;2.00;
389X50RO4VDYCDHURIYQ7760LL5343.png;0.0563,0.0745,0.1026,0.0093,0.0224,0.0227,0.0000,0.0000,;5,0,0,0,0,0,0,0,0,0,0,;0.0480;3;3;1639200;3.00;
38DNTK7MFN2OC2PZPWU81IIJXME01H.png;0.0215,0.0208,0.0440,0.0324,0.0435,0.0374,0.0237,0.0304,;8,0,0,0,0,0,0,0,0,0,0,;0.0317;4;4;2185600;4.00;
38DNTK7MFN34LCW85JTSAD2CXFQ01S.png;0.3865,0.0786,0.0546,0.0355,0.0424,0.0455,0.0000,0.0000,;5,0,0,1,0,0,0,0,0,0,0,;0.1072;1;1;546400;1.00;
38DNTK7MFN3UAZX8DF8S385AB3E10K.png;0.2041,0.0891,0.0372,0.0747,0.0214,0.0191,0.0243,0.0705,;7,1,0,0,0,0,0,0,0,0,0,;0.0676;4;2;1092800;2.00;
38FWZZ3ILTDK8ICQRL4PWREV0HIYN7.png;0.0782,0.0623,0.0520,0.0423,0.0522,0.0303,0.0300,0.0468,;8,0,0,0,0,0,0,0,0,0,0,;0.0493;4;3;1639200;2.00;
38GRQLZZQQCOARQX7FK2NWOBS4K0CN.png;0.0000,0.0000,0.0000,0.0000,0.0000,0.0000,0.0000,0.0000,;0,0,0,0,0,0,0,0,0,0,0,;NaN;0;
38IOEK81UIQHG7BFV93TAAEQ3W496W.png;0.0275,0.0026,0.2830,0.0879,0.0000,0.0000,0.0000,0.0000,;2,0,1,0,0,0,0,0,0,0,0,;0.1002;1;1;546400;1.00;
38LYNH3Q4ODLGFNEHSAP2J87XNZMGY.png;0.0621,0.1045,0.0000,0.0292,0.0397,0.0154,0.0540,0.0000,;6,0,0,0,0,0,0,0,0,0,0,;0.0508;3;2;1092800;1.50;
38LYNH3Q5PUFYTLC9WG1VAJL0LTGM5.png;0.0603,0.1442,0.0451,0.1905,0.2108,0.1450,0.0908,0.0350,;4,3,1,0,0,0,0,0,0,0,0,;0.1152;4;3;1639200;2.00;
38MNOT6KWIG21RX6PKH1YJB8VKDT05.png;0.0950,0.0000,0.0000,0.0000,0.0000,0.0000,0.0000,0.0000,;1,0,0,0,0,0,0,0,0,0,0,;0.0950;1;1;546400;1.00;
38MNOT6KWIG21RX6PKH1YJB8VKDT05_1.png;0.1957,0.2464,0.0000,0.0000,0.0000,0.0000,0.0000,0.0000,;0,1,1,0,0,0,0,0,0,0,0,;0.2210;1;1;546400;1.00;
38MNOT6KWIG21RX6PKH1YJB8VKDT05_2.png;0.1612,0.0589,0.0000,0.0000,0.0000,0.0000,0.0000,0.0000,;1,1,0,0,0,0,0,0,0,0,0,;0.1101;1;1;546400;1.00;
38NH2CI7ROPJ1MAJ3F139HJ5CPPVU5.png;0.0494,0.0540,0.2410,0.1381,0.0178,0.0000,0.0000,0.1403,;3,2,1,0,0,0,0,0,0,0,0,;0.1068;3;2;1092800;1.50;
38NH2CI7SPCMWUJ4T62C2GD654VVUY.png;0.0803,0.0145,0.0275,0.0215,0.0282,0.0203,0.0281,0.0265,;8,0,0,0,0,0,0,0,0,0,0,;0.0309;1;1;546400;1.00;
38VQ1AW9T5WCGLEK2ZAP9I6I4O826I.png;0.0408,0.1021,0.0317,0.0033,0.0781,0.0393,0.0494,0.0452,;7,0,0,0,0,0,0,0,0,0,0,;0.0487;3;1;546400;3.00;
390EOHYPK4Q05K2TRHZ1W9N0LW8X3W.png;0.0524,0.0744,0.0000,0.0056,0.0000,0.0000,0.0116,0.0167,;4,0,0,0,0,0,0,0,0,0,0,;0.0321;2;2;1092800;2.00;
39393HGTI5QMIY6JHIT1M5IIGWJEOF.png;0.3419,0.1196,0.0840,0.0962,0.1350,0.1150,0.1195,0.0602,;3,4,0,1,0,0,0,0,0,0,0,;0.1339;2;1;546400;2.00;
394TEHR260P29GUZO0UUQSDZ63O65J.png;0.0958,0.0000,0.0000,0.0000,0.0000,0.0000,0.0000,0.0000,;1,0,0,0,0,0,0,0,0,0,0,;0.0958;1;1;546400;1.00;
39PLFW4P2L2RPNN40J9QB1XCZ2O4HT.png;0.1187,0.0312,0.0262,0.0249,0.0191,0.0201,0.0136,0.0141,;7,1,0,0,0,0,0,0,0,0,0,;0.0335;1;1;546400;1.00;
39UNKKTVDF8Y9H8JFO9U930XMBHYGJ.png;0.0079,0.0000,0.0000,0.0000,0.0000,0.0000,0.0000,0.0000,;0,0,0,0,0,0,0,0,0,0,0,;0.0079;1;1;546400;1.00;
39UNKKTVDFFX9VEX2EW7RYBUQ2JGYD.png;0.0150,0.1702,0.1024,0.0249,0.0510,0.0863,0.0343,0.0246,;7,1,0,0,0,0,0,0,0,0,0,;0.0636;3;2;1092800;1.50;
39VNNFFKK59EW3XI1HP5P046ZAXXVP.png;0.0330,0.0313,0.0108,0.0281,0.0430,0.0445,0.0251,0.0303,;8,0,0,0,0,0,0,0,0,0,0,;0.0308;4;2;1092800;4.00;
39Y8ZSVZWWM1XMK47AFGQNZOPQQVZE.png;0.0672,0.0730,0.0832,0.0248,0.0518,0.0702,0.1117,0.0885,;7,1,0,0,0,0,0,0,0,0,0,;0.0713;4;2;1092800;4.00;
39Y8ZSVZXXM4Z9DMIL8I9OJZBK9VZ6.png;0.0687,0.2852,0.1500,0.0204,0.0421,0.0000,0.0000,0.0000,;3,1,1,0,0,0,0,0,0,0,0,;0.1133;2;2;1092800;2.00;
3AA189Q6B51983MEFLORU493K7KMWE.png;0.0359,0.1871,0.0434,0.0000,0.0051,0.0242,0.0174,0.0036,;4,1,0,0,0,0,0,0,0,0,0,;0.0452;1;1;546400;1.00;
3AA189Q6B52Z6L7EV3NS06BHCKRWMY.png;0.1505,0.2084,0.0358,0.1621,0.0375,0.0005,0.0249,0.0064,;3,3,0,0,0,0,0,0,0,0,0,;0.0783;3;2;1092800;1.50;
3AA189Q6C6N6C9XRHK508ZBLMH8WM3.png;0.0986,0.0731,0.0158,0.0000,0.0185,0.0000,0.0000,0.0045,;4,0,0,0,0,0,0,0,0,0,0,;0.0421;2;2;1092800;2.00;
3AA189Q6C6TLNJILLV2LOGYDJT7MWV.png;0.1167,0.1072,0.1153,0.0942,0.0679,0.0091,0.0278,0.0000,;4,2,0,0,0,0,0,0,0,0,0,;0.0769;4;4;2185600;4.00;
3AJ89545NQHYX91N7X3ADUYHKVTBEA.png;0.0746,0.1060,0.0733,0.0048,0.1246,0.0959,0.0985,0.1748,;5,2,0,0,0,0,0,0,0,0,0,;0.0941;5;4;2185600;2.50;
3AJ89545NQRFJUS6JU65GFBBEJ7BEW.png;0.1535,0.0866,0.0000,0.0033,0.0617,0.0040,0.0000,0.0000,;2,1,0,0,0,0,0,0,0,0,0,;0.0618;2;2;1092800;2.00;
3AMAQJSW8I20H10ADEKNBNOAVRROI5.png;0.0513,0.0383,0.0000,0.0000,0.0000,0.0000,0.0000,0.0000,;2,0,0,0,0,0,0,0,0,0,0,;0.0448;1;1;546400;1.00;
3B9PUZPHFHW5PZT5Q7OV88NG9W6JA5.png;0.0560,0.1625,0.0211,0.0747,0.0000,0.0278,0.0000,0.0000,;4,1,0,0,0,0,0,0,0,0,0,;0.0684;2;1;546400;2.00;
3BGEFHL0JHEL8I3UU0A0G1OJRYOJBS.png;0.1043,0.0276,0.2073,0.0823,0.1055,0.1605,0.1733,0.0444,;5,3,0,0,0,0,0,0,0,0,0,;0.1131;3;2;1092800;1.50;
3BHOG8KFNLAK9AB1ZQLEP6Q0T3RR81.png;0.0689,0.3087,0.1239,0.1441,0.0444,0.2520,0.1816,0.1715,;2,4,2,0,0,0,0,0,0,0,0,;0.1619;4;3;1639200;2.00;
3BK5FW2G6MZ18ENS8D29GOXE9AHRCA.png;0.0326,0.0854,0.1930,0.0000,0.0000,0.0000,0.0000,0.0000,;2,1,0,0,0,0,0,0,0,0,0,;0.1037;1;1;546400;1.00;
3BRG9Q58M1LAH7AQ01RWX47CRWFYQ2.png;0.0000,0.1294,0.0000,0.0656,0.0525,0.0389,0.0314,0.0189,;5,1,0,0,0,0,0,0,0,0,0,;0.0561;2;1;546400;2.00;
3BZN229KV5TWHZF32GLR8LCC1TX6DS.png;0.0583,0.0806,0.1057,0.0615,0.0062,0.0000,0.0000,0.0141,;5,0,0,0,0,0,0,0,0,0,0,;0.0544;4;4;2185600;4.00;
3C2UN3Y7UJLGZT23JF159R7GHEFMFI.png;0.1469,0.1513,0.1904,0.1978,0.2017,0.1685,0.1214,0.1914,;0,8,0,0,0,0,0,0,0,0,0,;0.1712;4;3;1639200;2.00;
3CF7EZI55RWEYNZ9U956QWWUG93IL2.png;0.0651,0.1503,0.0457,0.0598,0.0519,0.0194,0.0433,0.0257,;7,1,0,0,0,0,0,0,0,0,0,;0.0577;3;2;1092800;1.50;
3CP9VRCFS74RV9VXRUIMMBYWTQDUEZ.png;0.0070,0.0551,0.1791,0.0000,0.0000,0.0000,0.0000,0.0000,;1,1,0,0,0,0,0,0,0,0,0,;0.0804;1;1;546400;1.00;
3CTCX9NXB5M1LSUM0XPXZV8QE2WLJA.png;0.1385,0.1185,0.0009,0.1433,0.3195,0.0677,0.2094,0.2432,;1,4,1,1,0,0,0,0,0,0,0,;0.1551;3;2;1092800;1.50;
3CTCX9NXC67QIV0KKFDEFSMCFTJJLN.png;0.0083,0.4062,0.3957,0.3887,0.1484,0.0461,0.0000,0.0000,;1,1,0,3,0,0,0,0,0,0,0,;0.2322;3;3;1639200;3.00;
3CVHT3IKUYKSX9WRAWTF52715RU0R4.png;0.1727,0.1446,0.0455,0.0805,0.0805,0.0855,0.0000,0.0611,;5,2,0,0,0,0,0,0,0,0,0,;0.0957;2;2;1092800;2.00;
3CYDGW98NMPSZAAQ0W8MOBJZSSBOM6.png;0.1145,0.1579,0.0380,0.0377,0.1390,0.0973,0.0819,0.0926,;5,3,0,0,0,0,0,0,0,0,0,;0.0949;4;2;1092800;4.00;
3D00S7P7YG22I1NWJE5APKC40DIEZA.png;0.0488,0.2282,0.0115,0.0392,0.0078,0.0000,0.0000,0.0000,;3,0,1,0,0,0,0,0,0,0,0,;0.0671;1;1;546400;1.00;
3D3KZYB02J3NX4IAX3WJJNSJTAYV8O.png;0.0034,0.4020,0.2027,0.0000,0.0000,0.1068,0.0000,0.0000,;1,1,0,1,0,0,0,0,0,0,0,;0.1787;2;2;1092800;2.00;
3D3KZYB03KLUXQ4AWC4FKH86OYE8VD.png;0.1778,0.1260,0.0000,0.0000,0.0000,0.0000,0.0000,0.0000,;0,2,0,0,0,0,0,0,0,0,0,;0.1519;1;1;546400;1.00;
3D3X1L1OBIRB9XRZKHJ79UYYYTK1VU.png;0.0668,0.0755,0.0796,0.0884,0.0608,0.0544,0.0599,0.0530,;8,0,0,0,0,0,0,0,0,0,0,;0.0673;3;3;1639200;3.00;
3D3X1L1OBIRB9XRZKHJ79UYYYTK1VU_1.png;0.0427,0.0781,0.0897,0.0000,0.0000,0.0338,0.0000,0.0000,;4,0,0,0,0,0,0,0,0,0,0,;0.0611;2;2;1092800;2.00;
3D3X1L1OBIRB9XRZKHJ79UYYYTK1VU_2.png;0.1038,0.0200,0.1135,0.0249,0.0870,0.0714,0.0271,0.1043,;7,1,0,0,0,0,0,0,0,0,0,;0.0690;5;2;1092800;2.50;
3D7N1211O74L32LV8ZFDVQWGH61MAZ.png;0.0000,0.0178,0.0378,0.0136,0.1286,0.0226,0.0637,0.0134,;6,1,0,0,0,0,0,0,0,0,0,;0.0425;2;1;546400;2.00;
3D7N1211P8PBU1MJEXLJFBT15KWAMH.png;0.1174,0.0176,0.0296,0.0289,0.0369,0.0410,0.0247,0.0296,;7,1,0,0,0,0,0,0,0,0,0,;0.0407;2;1;546400;2.00;
3D8B00U52IVJZWECZOBXRVFXL2U83O.png;0.2034,0.1288,0.0702,0.0179,0.0603,0.0000,0.0000,0.0000,;3,2,0,0,0,0,0,0,0,0,0,;0.0961;2;2;1092800;2.00;
3D8B00U52IVJZWECZOBXRVFYHAV833.png;0.0895,0.0034,0.0000,0.0005,0.0000,0.0000,0.0652,0.0144,;3,0,0,0,0,0,0,0,0,0,0,;0.0346;2;1;546400;2.00;
3DBJK6OC3AF4JLMP40JUKZIT4XNYF3.png;0.3054,0.4585,0.0195,0.1000,0.0568,0.2099,0.0000,0.0503,;4,1,1,0,1,0,0,0,0,0,0,;0.1715;3;2;1092800;1.50;
3DCXWU0MSDB2RCYGDPZ82R371ZGTVX.png;0.0000,0.1545,0.0942,0.0848,0.0532,0.0764,0.0027,0.0000,;4,1,0,0,0,0,0,0,0,0,0,;0.0776;3;3;1639200;3.00;
3DECMKXKT815JCLN1RI1KKDJDFAMBB.png;0.2861,0.1198,0.1069,0.1639,0.0355,0.1586,0.0883,0.2843,;3,3,2,0,0,0,0,0,0,0,0,;0.1554;4;1;546400;4.00;
3DHOXWJRSC3OAPE5AL86OV64DJCT3O.png;0.1643,0.2580,0.2249,0.0575,0.0655,0.0420,0.0528,0.0000,;4,1,2,0,0,0,0,0,0,0,0,;0.1236;3;3;1639200;3.00;
3DPZKFEUURUGTQUQB4SOUUG5ZFPI4V.png;0.0725,0.1444,0.0984,0.1545,0.1327,0.0393,0.0101,0.0006,;4,3,0,0,0,0,0,0,0,0,0,;0.0816;4;4;2185600;4.00;
3DPZKFEUVSIPT2ERNEAT4GS1UAKI44.png;0.0000,0.3058,0.2140,0.1246,0.0691,0.1139,0.2309,0.0000,;1,2,3,0,0,0,0,0,0,0,0,;0.1764;3;2;1092800;1.50;
3DXFGU9SKN7P79WJOTN6EK4MLG3EXS.png;0.0925,0.1595,0.1381,0.0478,0.0075,0.0341,0.0166,0.0240,;5,2,0,0,0,0,0,0,0,0,0,;0.0650;3;3;1639200;3.00;
3DXFGU9SKNVTS8DGXQ8KL6UJIRCXE8.png;0.0923,0.1261,0.0036,0.0000,0.0000,0.0560,0.1473,0.1800,;2,3,0,0,0,0,0,0,0,0,0,;0.1009;3;2;1092800;1.50;
3DXFGU9SLODY46WA7XIQCVBUTMKEXQ.png;0.2569,0.2633,0.1287,0.1336,0.0208,0.0063,0.0030,0.0068,;1,2,2,0,0,0,0,0,0,0,0,;0.1024;4;4;2185600;4.00;
3E9JM64F23SDM8DQUQW3OKIR1A0NP8.png;0.1935,0.1290,0.0000,0.0000,0.0000,0.0000,0.0523,0.1477,;1,3,0,0,0,0,0,0,0,0,0,;0.1306;2;1;546400;2.00;
3EGCY5R6XYZQLTGPWNN8D6V7K3JYA2.png;0.2011,0.0795,0.1802,0.2308,0.1567,0.1106,0.1825,0.1276,;1,6,1,0,0,0,0,0,0,0,0,;0.1586;4;2;1092800;2.00;
3EJ1F91ANSU6O8N3S3NGZ4GVCA2IZW.png;0.0000,0.1951,0.1464,0.0000,0.0000,0.0045,0.0085,0.0000,;0,2,0,0,0,0,0,0,0,0,0,;0.0886;2;2;1092800;2.00;
3EOZAW7619J5YKCNUIDNV84T8098HV.png;0.2779,0.1211,0.0879,0.1132,0.0653,0.1720,0.2419,0.5984,;2,3,2,0,0,1,0,0,0,0,0,;0.2097;3;2;1092800;1.50;
3EOZAW762AHX3MFSNYKKE4EQ4INH8Q.png;0.1366,0.1008,0.0481,0.2510,0.1801,0.0129,0.0128,0.0258,;5,2,1,0,0,0,0,0,0,0,0,;0.0960;4;2;1092800;4.00;
3ERG9KP7KAETHL286FNRQ00RYLWCHM.png;0.2440,0.0200,0.0635,0.0321,0.0826,0.0181,0.0391,0.0600,;7,0,1,0,0,0,0,0,0,0,0,;0.0699;2;1;546400;2.00;
3EULM6QNGEDGI0DDZ62WA3R8YV4JXB.png;0.0453,0.0472,0.0000,0.0000,0.0278,0.0000,0.0000,0.0000,;3,0,0,0,0,0,0,0,0,0,0,;0.0401;2;2;1092800;2.00;
3EX6YJ62T6GKTDIQJCCYD4JMD62ZJG.png;0.1051,0.1885,0.0361,0.0000,0.0000,0.0335,0.0615,0.0934,;5,1,0,0,0,0,0,0,0,0,0,;0.0864;3;2;1092800;1.50;
3EXC7SWSR38EV80UNYXZTOBA3ESHT8.png;0.0444,0.0458,0.0259,0.0211,0.0625,0.0000,0.0000,0.0000,;5,0,0,0,0,0,0,0,0,0,0,;0.0399;3;2;1092800;1.50;
3F0Z1FPMUNUP6TOTMH2XGS6T5GJLYU.png;0.0239,0.0000,0.0418,0.0000,0.1835,0.1487,0.1859,0.0000,;2,3,0,0,0,0,0,0,0,0,0,;0.1168;3;3;1639200;3.00;
3F0Z1FPMUNWB7D1EFV5M6IVBAHELYR.png;0.0199,0.1719,0.0886,0.0423,0.1401,0.0402,0.0142,0.0139,;6,2,0,0,0,0,0,0,0,0,0,;0.0664;3;2;1092800;1.50;
3F12ASV6AWHSTTB7IFZKMVGLLVZM46.png;0.0739,0.2307,0.1773,0.1635,0.0372,0.0251,0.0520,0.0279,;5,2,1,0,0,0,0,0,0,0,0,;0.0984;3;3;1639200;3.00;
3F2SNR5B8MKSI92Q9DG0FV11BKO0HL.png;0.0492,0.0151,0.0225,0.0092,0.0025,0.0138,0.0187,0.0126,;6,0,0,0,0,0,0,0,0,0,0,;0.0179;3;1;546400;3.00;
3FKD865UZQBJZ4661LLBINGEMFPMUJ.png;0.1985,0.1320,0.2338,0.1551,0.0000,0.0000,0.0000,0.0000,;0,3,1,0,0,0,0,0,0,0,0,;0.1799;2;1;546400;2.00;
3FKD865UZQBJZ4661LLBINGENHPMUO.png;0.1403,0.0752,0.1796,0.0989,0.0000,0.0000,0.0000,0.0000,;2,2,0,0,0,0,0,0,0,0,0,;0.1235;2;1;546400;2.00;
3FKD865UZQG0HB1FDHAJVT0FL3FMUG.png;0.0444,0.0900,0.0529,0.0499,0.0192,0.0167,0.0000,0.0000,;6,0,0,0,0,0,0,0,0,0,0,;0.0455;3;3;1639200;3.00;
3FOA7RUSUPLLDDXZNITMB1EHL6FPGL.png;0.1481,0.3313,0.1243,0.1552,0.0086,0.0621,0.0137,0.1105,;2,4,0,1,0,0,0,0,0,0,0,;0.1192;4;4;2185600;4.00;
3FQJF6D1R1SUSJ130G368H5I02G92S.png;0.2347,0.1512,0.0872,0.1018,0.0085,0.0000,0.0000,0.0000,;2,1,1,0,0,0,0,0,0,0,0,;0.1167;2;2;1092800;2.00;
3FQJF6D1S2STVEIP11IICRPWDI892M.png;0.2809,0.1214,0.0000,0.0000,0.0000,0.0000,0.0000,0.0000,;0,1,1,0,0,0,0,0,0,0,0,;0.2011;1;1;546400;1.00;
3G2I6FODBC43UCDM72LBPP8Z9I0L60.png;0.0498,0.0404,0.0000,0.0000,0.0000,0.0000,0.0000,0.0000,;2,0,0,0,0,0,0,0,0,0,0,;0.0451;1;1;546400;1.00;
3GAR7VLBJNDRH4HH5ZWWCFRBGXZ4Y9.png;0.1393,0.2224,0.1680,0.0769,0.1900,0.1941,0.1078,0.0511,;3,4,1,0,0,0,0,0,0,0,0,;0.1437;4;2;1092800;4.00;
3GAR7VLBJNEKQVA3XEJQ66MZFEXY4T.png;0.1992,0.0766,0.0191,0.0131,0.0096,0.0069,0.0105,0.0146,;5,1,0,0,0,0,0,0,0,0,0,;0.0437;2;2;1092800;2.00;
3GBCJUK5C2GRHG97MHYVG9NBQMOPK9.png;0.0064,0.2220,0.1369,0.0629,0.0553,0.0000,0.0000,0.0706,;3,1,1,0,0,0,0,0,0,0,0,;0.0923;2;2;1092800;2.00;
3GBCJUK5C2NMDEDWS686X6QI2G8KP3.png;0.0000,0.0000,0.0000,0.0000,0.0000,0.0000,0.0000,0.0000,;0,0,0,0,0,0,0,0,0,0,0,;NaN;0;
3GC8IVJ10EOCB71QWZ4YFX98VOS9NN.png;0.1089,0.0000,0.0000,0.0567,0.1435,0.1332,0.2072,0.1080,;3,3,0,0,0,0,0,0,0,0,0,;0.1262;3;3;1639200;3.00;
3GRRK9BQWRDBESRD36S5634M392PD9.png;0.0000,0.0000,0.0000,0.0000,0.0470,0.0105,0.0270,0.0309,;4,0,0,0,0,0,0,0,0,0,0,;0.0289;2;1;546400;2.00;
3GRRK9BQWRPD54OGKFA4YQ8537VPDJ.png;0.1869,0.0530,0.0000,0.0111,0.0114,0.0008,0.0102,0.0000,;4,1,0,0,0,0,0,0,0,0,0,;0.0456;2;2;1092800;2.00;
3GZMSD8U5X9MRGKQIZ546O8UKB695Q.png;0.1306,0.0000,0.0909,0.0861,0.1256,0.0938,0.0542,0.0350,;5,2,0,0,0,0,0,0,0,0,0,;0.0880;4;2;1092800;2.00;
3GZMSD8U5X9MRGKQIZ546O8UKC795T.png;0.1386,0.0215,0.0930,0.0353,0.0086,0.0261,0.0954,0.1278,;5,2,0,0,0,0,0,0,0,0,0,;0.0683;4;2;1092800;2.00;
3GZMSD8U6Y8M82W4VRHXFG1G1IS95R.png;0.0000,0.1477,0.0386,0.0704,0.0574,0.0000,0.0000,0.0000,;3,1,0,0,0,0,0,0,0,0,0,;0.0785;1;1;546400;1.00;
3H41Q6XMRNJ731MM548PSMBGOYMG2I.png;0.1342,0.1931,0.0756,0.0272,0.0290,0.0247,0.0340,0.0267,;6,2,0,0,0,0,0,0,0,0,0,;0.0681;3;3;1639200;3.00;
3H41Q6XMRNUCK2PCFPR6Y35LJFT2GW.png;0.0000,0.0000,0.1006,0.0000,0.0000,0.0277,0.0000,0.0000,;2,0,0,0,0,0,0,0,0,0,0,;0.0642;1;1;546400;1.00;
3H5CSD5832HNKRNN8SDJ6TWED17E80.png;0.0170,0.1121,0.1917,0.0928,0.0953,0.2905,0.0964,0.0146,;5,2,1,0,0,0,0,0,0,0,0,;0.1138;2;1;546400;2.00;
3H5CSD5832HNKRNN8SDJ6TWL583E8G.png;0.0139,0.1725,0.0000,0.0223,0.0167,0.0000,0.0000,0.0000,;3,1,0,0,0,0,0,0,0,0,0,;0.0563;1;1;546400;1.00;
3HBZ8AD97D3GZ7VEBIN9M1728BDNN9.png;0.0705,0.0201,0.0000,0.0000,0.1401,0.0000,0.0000,0.1167,;2,2,0,0,0,0,0,0,0,0,0,;0.0869;2;1;546400;2.00;
3HBZ8AD97D3GZ7VEBIN9M18U9EHNN5.png;0.0430,0.0594,0.0524,0.0611,0.0466,0.0409,0.0437,0.0598,;8,0,0,0,0,0,0,0,0,0,0,;0.0509;4;3;1639200;2.00;
3HL3WX653BXN6QCFW6M6ATC7KPGPQT.png;0.3108,0.1666,0.0000,0.1329,0.0089,0.0807,0.0856,0.0660,;3,2,0,1,0,0,0,0,0,0,0,;0.1216;3;2;1092800;1.50;
3HQI26VRPRS5H4RSBPY2KOCMRQ13R0.png;0.0317,0.0978,0.0424,0.0310,0.0307,0.0294,0.0581,0.0000,;7,0,0,0,0,0,0,0,0,0,0,;0.0459;2;1;546400;2.00;
3HVLA9UQN4GKVQOHDHMDH1A7KETU66.png;0.0739,0.1100,0.0817,0.0840,0.0600,0.0256,0.0365,0.0877,;7,1,0,0,0,0,0,0,0,0,0,;0.0699;5;4;2185600;2.50;
3HYDIS22CWMMEZBE3G64NG7ZMZON5V.png;0.3837,0.1908,0.0652,0.0000,0.0000,0.0190,0.0000,0.0114,;3,1,0,1,0,0,0,0,0,0,0,;0.1340;2;2;1092800;2.00;
3HYDIS22DXJRRCQBI3AE9ELUHK15NC.png;0.0495,0.0578,0.0308,0.0321,0.0520,0.0372,0.0559,0.0000,;7,0,0,0,0,0,0,0,0,0,0,;0.0451;4;2;1092800;2.00;
3I21NMEA63DY0BA82BXKKSLPMBYSHT.png;0.1308,0.0511,0.1046,0.1091,0.0464,0.0858,0.0444,0.0521,;7,1,0,0,0,0,0,0,0,0,0,;0.0781;4;2;1092800;2.00;
3I21NMEA63DY0BA82BXKKSLPMBYSHT_1.png;0.1009,0.1530,0.0768,0.0813,0.1341,0.1880,0.1260,0.0875,;4,4,0,0,0,0,0,0,0,0,0,;0.1184;4;3;1639200;2.00;
3I21NMEA63DY0BA82BXKKSLPMBYSHT_2.png;0.1030,0.1189,0.0917,0.0740,0.1224,0.0460,0.0678,0.0854,;6,2,0,0,0,0,0,0,0,0,0,;0.0886;4;3;1639200;2.00;
3I3RVCR3FK2XEB4GMX9G7IJ2RLH6XI.png;0.0576,0.0267,0.0068,0.0000,0.0000,0.0037,0.0351,0.0111,;4,0,0,0,0,0,0,0,0,0,0,;0.0235;3;2;1092800;1.50;
3I5ZXD44IULX7AZS354F5V5W46GJCA.png;0.0139,0.1493,0.0000,0.0000,0.0142,0.0170,0.0386,0.0068,;4,1,0,0,0,0,0,0,0,0,0,;0.0399;1;1;546400;1.00;
3I5ZXD44JV69M8DWVE4I5ER80XVCJX.png;0.0771,0.0316,0.0350,0.0302,0.0377,0.0289,0.0341,0.0290,;8,0,0,0,0,0,0,0,0,0,0,;0.0380;1;1;546400;1.00;
3I5ZXD44JV69M8DWVE4I5ER80XVCJX_1.png;0.1708,0.0287,0.0076,0.0321,0.0285,0.0211,0.0599,0.0193,;6,1,0,0,0,0,0,0,0,0,0,;0.0460;2;1;546400;2.00;
3I5ZXD44JV69M8DWVE4I5ER80XVCJX_2.png;0.1116,0.0162,0.0309,0.0421,0.0298,0.0347,0.0357,0.0360,;7,1,0,0,0,0,0,0,0,0,0,;0.0421;1;1;546400;1.00;
3I5ZXD44JVHG9J4AOHWFS96B5XBJCP.png;0.0959,0.0767,0.0178,0.0000,0.0574,0.0230,0.0369,0.0410,;7,0,0,0,0,0,0,0,0,0,0,;0.0498;3;2;1092800;1.50;
3ID43DSF5JBJ2SZGW2H8HR9RGRT5G5.png;0.0315,0.0000,0.0068,0.0290,0.0447,0.0000,0.0000,0.0000,;3,0,0,0,0,0,0,0,0,0,0,;0.0280;3;2;1092800;1.50;
3IE95L92ROOBGIB0W5PPNWUUL5E7M3.png;0.0444,0.0261,0.0000,0.0604,0.0000,0.0000,0.0000,0.0000,;3,0,0,0,0,0,0,0,0,0,0,;0.0436;2;1;546400;2.00;
3IOQH27Z2E4FFLJVR8TNNB4HIMC1IN.png;0.1465,0.2261,0.0000,0.0083,0.0301,0.0044,0.0903,0.0994,;3,1,1,0,0,0,0,0,0,0,0,;0.0864;4;2;1092800;4.00;
3IR329NZ7YGB0BGT612CO4BTUIW2K0.png;0.0000,0.0000,0.0000,0.0000,0.0000,0.0000,0.0000,0.0000,;0,0,0,0,0,0,0,0,0,0,0,;NaN;0;
3IRUE3ZCDH3J5468JOOGJ1Y2ZWZIC5.png;0.1194,0.1245,0.1144,0.1752,0.0903,0.0088,0.1026,0.1359,;2,5,0,0,0,0,0,0,0,0,0,;0.1089;5;4;2185600;2.50;
3IXQCB6XI8S61DI53P5ICGI2I9BTIR.png;0.1375,0.1599,0.3268,0.1614,0.1252,0.1298,0.1315,0.0503,;1,6,0,1,0,0,0,0,0,0,0,;0.1528;3;3;1639200;3.00;
3J06FGISLU272UJU8S9F5O38AK5K50.png;0.0798,0.1345,0.0934,0.0974,0.0623,0.0382,0.0742,0.0948,;7,1,0,0,0,0,0,0,0,0,0,;0.0843;4;3;1639200;2.00;
3J06FGISMVRO4EVZMT2NFJ1KME95KI.png;0.1353,0.0275,0.0000,0.0176,0.0902,0.0000,0.0000,0.0000,;3,1,0,0,0,0,0,0,0,0,0,;0.0676;2;1;546400;2.00;
3J567DP9LLBDQUW0322ZJ0FWFWZFPB.png;0.1321,0.1271,0.0225,0.0000,0.0399,0.0875,0.0775,0.1028,;5,2,0,0,0,0,0,0,0,0,0,;0.0842;4;2;1092800;2.00;
3J5HEGTZRLQ9SE8SW9LZS2A15OXGGI.png;0.0000,0.0000,0.0000,0.0000,0.0000,0.0000,0.0000,0.0000,;0,0,0,0,0,0,0,0,0,0,0,;NaN;0;
3JCELWMC4PY7J05E7LXQXNDWO6Y3V4.png;0.0686,0.0923,0.0257,0.0355,0.0367,0.0360,0.0440,0.0300,;8,0,0,0,0,0,0,0,0,0,0,;0.0461;2;2;1092800;2.00;
3JG2O8WUZH7UTHWSYCP6CNBWVH79WZ.png;0.0425,0.0846,0.0442,0.0608,0.0105,0.0308,0.0282,0.0139,;8,0,0,0,0,0,0,0,0,0,0,;0.0395;4;4;2185600;4.00;
3JGBBKK855Q5HY1J6RVO56S97I9J0I.png;0.0043,0.2566,0.1493,0.0073,0.0043,0.0044,0.0085,0.0043,;0,1,1,0,0,0,0,0,0,0,0,;0.0549;2;2;1092800;2.00;
3JGLGV9D6KL86TQHYYZCMI0V13JD5Y.png;0.0132,0.0189,0.0147,0.1306,0.0445,0.0000,0.0289,0.0000,;5,1,0,0,0,0,0,0,0,0,0,;0.0418;2;2;1092800;2.00;
3JT4BYK2Y4IL1Z22PAHP7P5PI0U2WH.png;0.1285,0.0000,0.0000,0.0582,0.0000,0.0000,0.0000,0.0000,;1,1,0,0,0,0,0,0,0,0,0,;0.0934;1;1;546400;1.00;
3K0G5SYN9K0M6D335K10A1FE8RM8MU.png;0.1246,0.2306,0.5040,0.1342,0.1089,0.0937,0.1311,0.1108,;2,4,1,0,1,0,0,0,0,0,0,;0.1797;2;2;1092800;2.00;
3K0G5SYNALYS7SB8UL3I5RQZNM3M85.png;0.1185,0.0591,0.1502,0.1479,0.1802,0.1722,0.1715,0.0861,;2,6,0,0,0,0,0,0,0,0,0,;0.1357;5;5;2732000;5.00;
3K0T7FOBIJOUXM7ZLBPJYBSGQYWM14.png;0.1524,0.0992,0.1477,0.0000,0.1138,0.0211,0.0278,0.0000,;3,3,0,0,0,0,0,0,0,0,0,;0.0937;4;3;1639200;2.00;
3K27O5FVBZ6Y1U1OKHZVRLOYVIWW5C.png;0.1765,0.0000,0.0548,0.0000,0.0404,0.0000,0.0446,0.0000,;3,1,0,0,0,0,0,0,0,0,0,;0.0791;1;1;546400;1.00;
3K3X4GGOSLN6JKEE0NBXYD5PSA6MC7.png;0.0679,0.3378,0.0000,0.0000,0.0793,0.0746,0.0761,0.0000,;4,0,0,1,0,0,0,0,0,0,0,;0.1271;1;1;546400;1.00;
3K3X4GGOSLN6JKEE0NBXYD5PV12MCO.png;0.0034,0.4020,0.2027,0.0000,0.0000,0.1068,0.0000,0.0000,;1,1,0,1,0,0,0,0,0,0,0,;0.1787;2;2;1092800;2.00;
3K3X4GGOSLN9WHITSDB41LMDI6SMCK.png;0.0000,0.0000,0.0000,0.0000,0.0000,0.0000,0.0309,0.1221,;1,1,0,0,0,0,0,0,0,0,0,;0.0765;1;1;546400;1.00;
3K9T2ON9ZE5ORLPELXZMHUO84LJMTT.png;0.0000,0.1442,0.0171,0.0658,0.0000,0.0000,0.0611,0.0000,;3,1,0,0,0,0,0,0,0,0,0,;0.0720;1;1;546400;1.00;
3KNJI1FZ8L912486RAFQQV3ZEP6NQU.png;0.1626,0.0601,0.2335,0.2407,0.2752,0.1905,0.0581,0.0635,;3,2,3,0,0,0,0,0,0,0,0,;0.1605;5;4;2185600;2.50;
3L4EWVFWCZFLPLXQZ7MWBK7MU2X9OK.png;0.0151,0.1330,0.0824,0.0677,0.0000,0.0000,0.0000,0.0000,;3,1,0,0,0,0,0,0,0,0,0,;0.0746;2;2;1092800;2.00;
3L8V324VIV0JU2BOPG7PUH68F6NF91.png;0.0258,0.0163,0.0192,0.0307,0.0000,0.0000,0.0000,0.0000,;4,0,0,0,0,0,0,0,0,0,0,;0.0230;2;1;546400;2.00;
3L8V324VIVQEQ524CR2N49U2T8GF9N.png;0.1282,0.1015,0.1375,0.0003,0.0646,0.0712,0.1247,0.1805,;3,4,0,0,0,0,0,0,0,0,0,;0.1011;5;3;1639200;2.50;
3LBF4GRVWQC3B97WPKKEJO5WDODDDG.png;0.0633,0.0118,0.0000,0.0000,0.0000,0.0278,0.0000,0.0000,;3,0,0,0,0,0,0,0,0,0,0,;0.0343;1;1;546400;1.00;
3LBF4GRVWQSB1V8AOKNI47EZJYMDDE.png;0.2007,0.2251,0.2056,0.2021,0.1396,0.2363,0.1586,0.1972,;0,6,2,0,0,0,0,0,0,0,0,;0.1956;6;4;2185600;3.00;
3LCM1J6T1CTW3PUN949YD9G6A99CYC.png;0.0246,0.0000,0.0000,0.0000,0.1050,0.0380,0.0000,0.0000,;3,0,0,0,0,0,0,0,0,0,0,;0.0559;1;1;546400;1.00;
3LE9INWSFWFC7U06C7E8H83VJHH0ML.png;0.0000,0.0000,0.0000,0.0023,0.0051,0.0340,0.0500,0.0102,;3,0,0,0,0,0,0,0,0,0,0,;0.0203;2;2;1092800;2.00;
3LJE53CC7VYWE1O3MIQ180XM33HESQ.png;0.0284,0.0000,0.0000,0.0000,0.0000,0.0452,0.0471,0.0260,;4,0,0,0,0,0,0,0,0,0,0,;0.0367;2;2;1092800;2.00;
3LLXQSS3GH7EI0TIBFCZBVHJUIM2FF.png;0.0000,0.0000,0.0000,0.0000,0.0000,0.0410,0.3078,0.3165,;1,0,1,1,0,0,0,0,0,0,0,;0.2218;2;2;1092800;2.00;
3LLXQSS3GH7EI0TIBFCZBVHJURL2FW.png;0.0724,0.0661,0.0000,0.0000,0.0000,0.0458,0.2900,0.3177,;3,0,1,1,0,0,0,0,0,0,0,;0.1584;2;2;1092800;2.00;
3LV0310AAZ0POAIRABRDV0CJ4TWKD9.png;0.1063,0.1867,0.1697,0.0695,0.0254,0.0533,0.0460,0.0000,;5,2,0,0,0,0,0,0,0,0,0,;0.0938;3;3;1639200;3.00;
3LV0310AAZ5BVL06B1AU1YGZUNKDKM.png;0.0000,0.0000,0.0000,0.0000,0.0000,0.0000,0.0000,0.0000,;0,0,0,0,0,0,0,0,0,0,0,;NaN;0;
3LV0310AAZ5BVL06B1AU1YGZUNKDKM_1.png;0.1485,0.1178,0.0589,0.0626,0.0498,0.0749,0.0571,0.0719,;6,2,0,0,0,0,0,0,0,0,0,;0.0802;2;2;1092800;2.00;
3LV0310AAZ5BVL06B1AU1YGZUNKDKM_2.png;0.1404,0.0563,0.0604,0.0597,0.0661,0.0518,0.0634,0.0384,;7,1,0,0,0,0,0,0,0,0,0,;0.0670;1;1;546400;1.00;
3LV0310AAZ7UO39UCWLZNYY1B3BDKS.png;0.3020,0.0380,0.1042,0.0399,0.1026,0.0307,0.0549,0.0846,;7,0,1,0,0,0,0,0,0,0,0,;0.0946;3;1;546400;3.00;
3LV0310AB0FIJI1LDLADGNAZ3BMKDF.png;0.0281,0.1759,0.1231,0.0565,0.3180,0.1121,0.2032,0.1067,;3,4,0,1,0,0,0,0,0,0,0,;0.1405;3;1;546400;3.00;
3LV0310AB0LE2KPSDVZ5QZ931M3DKU.png;0.1188,0.0297,0.0074,0.0735,0.0591,0.0068,0.0023,0.0039,;3,1,0,0,0,0,0,0,0,0,0,;0.0377;3;2;1092800;1.50;
3M35MA94IX9MX6PXAQCG5JTOJ1HNO3.png;0.1187,0.1555,0.2690,0.2942,0.2289,0.1278,0.0879,0.0812,;2,3,3,0,0,0,0,0,0,0,0,;0.1704;3;3;1639200;3.00;
3M6KHLIXGO95W4HFFOS373KMUDHIRT.png;0.1564,0.0290,0.0149,0.0093,0.0107,0.0092,0.0131,0.0767,;5,1,0,0,0,0,0,0,0,0,0,;0.0399;2;1;546400;2.00;
3ME56J5KH09H8MTADW07EI1HZMYC6P.png;0.0328,0.1001,0.0260,0.0000,0.0000,0.0117,0.0010,0.0000,;4,0,0,0,0,0,0,0,0,0,0,;0.0343;1;1;546400;1.00;
3ME56J5KH0A6OHM7NB7LNJZ2KW86CO.png;0.1108,0.0000,0.0000,0.0000,0.0177,0.0658,0.0343,0.0171,;4,1,0,0,0,0,0,0,0,0,0,;0.0492;2;1;546400;2.00;
3MGKBFT74NRL5KAEINTLHYIV1ONSJ5.png;0.0780,0.0004,0.0000,0.0000,0.0000,0.0000,0.0000,0.0000,;1,0,0,0,0,0,0,0,0,0,0,;0.0392;1;1;546400;1.00;
3MHMBB6SGFYXPF5WOO57T0Y1YOLKW9.png;0.0444,0.0323,0.0087,0.0145,0.0604,0.0000,0.0000,0.0000,;4,0,0,0,0,0,0,0,0,0,0,;0.0321;3;2;1092800;1.50;
3MK14RC5NS9WDGLCZVLGWCZQJ24T6G.png;0.0654,0.0076,0.0370,0.0074,0.0375,0.0138,0.0241,0.0274,;6,0,0,0,0,0,0,0,0,0,0,;0.0275;3;1;546400;3.00;
3MK14RC5NS9WDGLCZVLGWCZQJ2BT6N.png;0.0691,0.0794,0.0086,0.0000,0.0034,0.0029,0.0028,0.0092,;2,0,0,0,0,0,0,0,0,0,0,;0.0250;2;2;1092800;2.00;
3MKP0VNPL180YVBEBVOO0GDECBIJRU.png;0.0000,0.1810,0.0297,0.0580,0.0000,0.0000,0.0611,0.0000,;3,1,0,0,0,0,0,0,0,0,0,;0.0825;1;1;546400;1.00;
3MNPSGWWOQV9GBTQIUTZ7HIZXBCPUY.png;0.0719,0.2277,0.2573,0.1605,0.0189,0.0000,0.0503,0.0000,;3,1,2,0,0,0,0,0,0,0,0,;0.1311;3;3;1639200;3.00;
3MNYFQMXON9G1T2C2HOQSK4JSIPY01.png;0.0734,0.0940,0.0170,0.0063,0.0000,0.0000,0.0000,0.0000,;3,0,0,0,0,0,0,0,0,0,0,;0.0477;2;2;1092800;2.00;
3MQJWSYXNGSYPF0J90X7JRB4GS9O5U.png;0.0572,0.0455,0.0000,0.0000,0.0000,0.0000,0.0000,0.0000,;2,0,0,0,0,0,0,0,0,0,0,;0.0514;1;1;546400;1.00;
3MQJWSYXOHGDXJ3GAF96UH2KF625OC.png;0.0000,0.0395,0.0000,0.0000,0.0000,0.0000,0.0000,0.0000,;1,0,0,0,0,0,0,0,0,0,0,;0.0395;1;1;546400;1.00;
3MXFP9RGE565H89AY0KXMF94YTQB2U.png;0.0605,0.1912,0.0623,0.1776,0.0581,0.0685,0.1897,0.0604,;5,3,0,0,0,0,0,0,0,0,0,;0.1085;3;1;546400;3.00;
3MXFP9RGE565SQ20JA2GC60T4U4B22.png;0.0090,0.0489,0.0177,0.0000,0.0000,0.0000,0.0000,0.0000,;2,0,0,0,0,0,0,0,0,0,0,;0.0252;1;1;546400;1.00;
3N9FD9XF48K5Z4R4YKZ4XC3B2YYEVL.png;0.0398,0.0042,0.0019,0.0000,0.0087,0.0394,0.0000,0.0000,;2,0,0,0,0,0,0,0,0,0,0,;0.0188;2;1;546400;2.00;
3NAD71TD8V1W7T0ET8V40F6WWDIL2U.png;0.0562,0.0000,0.0000,0.0373,0.1900,0.2152,0.2620,0.0722,;3,1,2,0,0,0,0,0,0,0,0,;0.1388;3;3;1639200;3.00;
3NCF7G1XJIORLK6VK0UD85LOJVCNAC.png;0.0000,0.0290,0.0761,0.0372,0.0000,0.1339,0.0694,0.0998,;5,1,0,0,0,0,0,0,0,0,0,;0.0742;3;1;546400;3.00;
3NCF7G1XKJPJCCJPOHEQSUA1GNWANP.png;0.0018,0.0000,0.0000,0.0000,0.0000,0.0000,0.0000,0.0003,;0,0,0,0,0,0,0,0,0,0,0,;0.0011;1;1;546400;1.00;
3NCF7G1XKJPJCCJPOHEQSUA1GNWANP_1.png;0.1207,0.1382,0.1934,0.0056,0.0026,0.0112,0.0205,0.0024,;2,3,0,0,0,0,0,0,0,0,0,;0.0618;3;3;1639200;3.00;
3NCF7G1XKJPJCCJPOHEQSUA1GNWANP_2.png;0.0196,0.1414,0.0090,0.0000,0.0000,0.0000,0.0000,0.0000,;1,1,0,0,0,0,0,0,0,0,0,;0.0567;1;1;546400;1.00;
3NE6EBGK47BU93BYGGU8IB2LO7NE35.png;0.0188,0.0159,0.0000,0.0000,0.0000,0.0000,0.0000,0.0000,;2,0,0,0,0,0,0,0,0,0,0,;0.0173;1;1;546400;1.00;
3NJ4SYXGOJ3OVMOHUVEMN5U7Y2PBNN.png;0.0000,0.0000,0.0000,0.0000,0.0000,0.0000,0.0000,0.1181,;0,1,0,0,0,0,0,0,0,0,0,;0.1181;1;1;546400;1.00;
3NJ4SYXGOJ3OVMOHUVEMN5U7YYPBNF.png;0.0258,0.0108,0.0032,0.0055,0.0000,0.0074,0.0038,0.0254,;3,0,0,0,0,0,0,0,0,0,0,;0.0117;2;1;546400;2.00;
3NJ4SYXGOJNVJBRMT3TGCL1CL9UBNQ.png;0.0423,0.2978,0.0718,0.2060,0.1399,0.0649,0.0481,0.0323,;5,2,1,0,0,0,0,0,0,0,0,;0.1129;3;2;1092800;1.50;
3NVVDJT9G6OIY2RUWWJCMM9P5JCPXO.png;0.1691,0.0665,0.0415,0.0304,0.0773,0.0815,0.0508,0.0293,;7,1,0,0,0,0,0,0,0,0,0,;0.0683;3;2;1092800;1.50;
3NXBKB5598TPF5MRSRS8QPZELKSL9C.png;0.1492,0.1567,0.0595,0.0467,0.0748,0.2119,0.0441,0.0450,;5,2,1,0,0,0,0,0,0,0,0,;0.0985;3;2;1092800;1.50;
3O5YJYPUSW7TWBM6KNWM44WLFH8KON.png;0.1751,0.1015,0.2182,0.1211,0.0062,0.0051,0.0000,0.0000,;1,2,1,0,0,0,0,0,0,0,0,;0.1045;3;2;1092800;1.50;
3O73QR1UY8O4VXGQ4UMU1W2GKFC94M.png;0.1332,0.0238,0.0249,0.0000,0.0099,0.0000,0.0030,0.0000,;2,1,0,0,0,0,0,0,0,0,0,;0.0390;1;1;546400;1.00;
3O73QR1UY8O4VXGQ4UMU1W2GKGC94O.png;0.1037,0.0196,0.0072,0.0031,0.0086,0.0101,0.0101,0.0058,;4,0,0,0,0,0,0,0,0,0,0,;0.0210;1;1;546400;1.00;
3OBCKNXF1ZHFXL8XUNXW3AYWZX5J3K.png;0.0562,0.0000,0.0000,0.0373,0.1904,0.2171,0.2620,0.0722,;3,1,2,0,0,0,0,0,0,0,0,;0.1392;3;3;1639200;3.00;
3OJGK8O6MRNHZCTYHMEFS503K2OL5K.png;0.1590,0.1761,0.0034,0.0197,0.0170,0.0197,0.0200,0.0198,;5,2,0,0,0,0,0,0,0,0,0,;0.0544;2;2;1092800;2.00;
3OQEO5BIM1SME8SFQJ108NKG2ZKU9F.png;0.0985,0.0394,0.1134,0.0335,0.0295,0.0748,0.0550,0.0485,;7,1,0,0,0,0,0,0,0,0,0,;0.0616;3;1;546400;3.00;
3OQEO5BIM1SME8SFQJ108NKG2ZKU9F_1.png;0.1389,0.0510,0.0326,0.0481,0.1398,0.0630,0.0354,0.0386,;6,2,0,0,0,0,0,0,0,0,0,;0.0684;2;1;546400;2.00;
3OQEO5BIM1SME8SFQJ108NKG2ZKU9F_2.png;0.1175,0.0285,0.0978,0.0703,0.0393,0.0308,0.0540,0.0880,;7,1,0,0,0,0,0,0,0,0,0,;0.0658;4;2;1092800;2.00;
3OQEO5BIN29PS6BYUHRH0ABF87P9UL.png;0.2393,0.2947,0.2650,0.0833,0.0079,0.0111,0.0007,0.0071,;2,0,3,0,0,0,0,0,0,0,0,;0.1136;3;3;1639200;3.00;
3OR6S1RAC52TCC0V5OHKA3WQNHZAGY.png;0.0000,0.2685,0.1335,0.1111,0.0857,0.0403,0.0431,0.0481,;4,2,1,0,0,0,0,0,0,0,0,;0.1043;3;3;1639200;3.00;
3P15LLOAR9NU663LLUNNP8EDOYG9ZV.png;0.0809,0.0298,0.0195,0.1046,0.1002,0.0371,0.1038,0.1090,;8,0,0,0,0,0,0,0,0,0,0,;0.0731;5;2;1092800;2.50;
3P6UG6V268Y9VTMB4YR44MFGIGC4NX.png;0.0467,0.0959,0.0457,0.0506,0.0400,0.0426,0.0573,0.0000,;7,0,0,0,0,0,0,0,0,0,0,;0.0541;2;1;546400;2.00;
3PBMWYW3D44FHQ3H0CBK078FM1J2XZ.png;0.0423,0.0869,0.0625,0.0721,0.1030,0.1388,0.0548,0.0558,;7,1,0,0,0,0,0,0,0,0,0,;0.0770;3;2;1092800;1.50;
3PBMWYW3D4VOVNNOVMGLZF23LEGX22.png;0.1640,0.3656,0.2738,0.0543,0.0992,0.1142,0.1153,0.1016,;3,3,1,1,0,0,0,0,0,0,0,;0.1610;3;3;1639200;3.00;
3PBTVBPQ8T2RUQ4LSR4U2IGAMAGLG7.png;0.1551,0.1625,0.0223,0.0112,0.2206,0.0176,0.2530,0.2410,;3,2,3,0,0,0,0,0,0,0,0,;0.1354;5;2;1092800;2.50;
3PBTVBPQ9UHWF8TU0BNM18QB456LGV.png;0.0279,0.1797,0.1361,0.0661,0.3189,0.0910,0.2649,0.1271,;3,3,1,1,0,0,0,0,0,0,0,;0.1515;3;1;546400;3.00;
3PBTVBPQ9UJW25OVYU5DFTVY5MMGLK.png;0.0039,0.0078,0.0112,0.0113,0.0103,0.0113,0.0097,0.0203,;5,0,0,0,0,0,0,0,0,0,0,;0.0107;4;2;1092800;2.00;
3PBTVBPQ9UJW25OVYU5DFTVY5MMGLK_1.png;0.1268,0.0363,0.0291,0.0153,0.0133,0.0247,0.0373,0.0146,;7,1,0,0,0,0,0,0,0,0,0,;0.0372;2;1;546400;2.00;
3PBTVBPQ9UJW25OVYU5DFTVY5MMGLK_2.png;0.0926,0.0296,0.0179,0.0280,0.0342,0.0379,0.0397,0.0405,;8,0,0,0,0,0,0,0,0,0,0,;0.0400;2;1;546400;2.00;
3PHLPV04IQDPW55WV8WBZJA231AP7O.png;0.0804,0.1871,0.2243,0.1744,0.1155,0.1809,0.1699,0.0732,;2,5,1,0,0,0,0,0,0,0,0,;0.1507;5;3;1639200;2.50;
3PLXPMD6WGC7AIQBYMRH2GBAFTWKBJ.png;0.0865,0.0148,0.0658,0.0847,0.0129,0.0705,0.0148,0.0533,;8,0,0,0,0,0,0,0,0,0,0,;0.0504;5;2;1092800;2.50;
3PN7FLVWM45PCCC3MA18W1ODE9IYSJ.png;0.0969,0.2024,0.1921,0.0668,0.2247,0.4200,0.1310,0.1234,;2,4,1,0,1,0,0,0,0,0,0,;0.1822;4;2;1092800;4.00;
3PN7FLVWM45XULC6NHQRXFJ9Z5WSYC.png;0.0333,0.0167,0.0000,0.0283,0.0000,0.0000,0.0000,0.0000,;3,0,0,0,0,0,0,0,0,0,0,;0.0261;2;1;546400;2.00;
3Q4WZ5V3MNIH1FT2QKH2OURKHS1UGI.png;0.0416,0.0000,0.1912,0.2228,0.2756,0.0530,0.0558,0.0568,;4,1,2,0,0,0,0,0,0,0,0,;0.1281;3;3;1639200;3.00;
3Q9ARQ9ZAP4L7I0LVYTFN28MIJR3MM.png;0.0307,0.0456,0.0377,0.0277,0.0293,0.0306,0.0440,0.0252,;8,0,0,0,0,0,0,0,0,0,0,;0.0338;3;2;1092800;1.50;
3Q9ARQ9ZAP4L7I0LVYTFN28MIJR3MM_1.png;0.0629,0.0281,0.0589,0.0307,0.0351,0.0364,0.0293,0.0962,;8,0,0,0,0,0,0,0,0,0,0,;0.0472;3;1;546400;3.00;
3Q9ARQ9ZAP4L7I0LVYTFN28MIJR3MM_2.png;0.0480,0.0396,0.0446,0.0473,0.0507,0.0282,0.0317,0.0389,;8,0,0,0,0,0,0,0,0,0,0,;0.0411;4;3;1639200;2.00;
3QKP95RWR0AXY9I3VQ7SL2A7LGY5XG.png;0.0905,0.0046,0.0936,0.0912,0.0924,0.0988,0.0313,0.0103,;7,0,0,0,0,0,0,0,0,0,0,;0.0641;5;4;2185600;2.50;
3QLL1RLFYUJL8BWXI76KVR6VTA8G40.png;0.0662,0.1012,0.0851,0.1242,0.0596,0.0114,0.0000,0.0077,;5,1,0,0,0,0,0,0,0,0,0,;0.0651;4;4;2185600;4.00;
3QNALI7B4S6VALH9K67QLF1VCK3Z5B.png;0.0718,0.1816,0.0430,0.0396,0.0428,0.0468,0.0431,0.0209,;7,1,0,0,0,0,0,0,0,0,0,;0.0612;2;2;1092800;2.00;
3QNALI7B4SD1ONKL4C5DCUTXSZAZ55.png;0.0000,0.1124,0.0024,0.0033,0.0332,0.0000,0.0297,0.0000,;2,1,0,0,0,0,0,0,0,0,0,;0.0362;1;1;546400;1.00;
3QPQKLUN2S87R374XHKKL49YI4M6SW.png;0.1829,0.1187,0.1470,0.0949,0.1135,0.0953,0.1359,0.1132,;2,6,0,0,0,0,0,0,0,0,0,;0.1252;3;1;546400;3.00;
3QXBZN23LG7N3HYFNCCOI0H4ZPJXNQ.png;0.2001,0.4633,0.1010,0.0791,0.0498,0.0803,0.0984,0.0927,;6,1,0,0,1,0,0,0,0,0,0,;0.1456;2;2;1092800;2.00;
3R0WG3C6FAYXA2OVFH1MKSVV7DKWL8.png;0.0000,0.0063,0.0000,0.0000,0.0000,0.0147,0.0934,0.0263,;3,0,0,0,0,0,0,0,0,0,0,;0.0352;1;1;546400;1.00;
3R35RPFD7J1GHLW8Y5PUB7E29XSP1C.png;0.0000,0.0000,0.0000,0.0000,0.0254,0.1377,0.0000,0.0000,;1,1,0,0,0,0,0,0,0,0,0,;0.0815;1;1;546400;1.00;
3R35RPFD8KSAWMKG8PKUBRZ71RYP19.png;0.1210,0.1610,0.2314,0.0811,0.0638,0.0529,0.0487,0.0520,;5,2,1,0,0,0,0,0,0,0,0,;0.1015;3;3;1639200;3.00;
3R35RPFD8KW5RVQQX9OYA2WSE711PN.png;0.1152,0.0789,0.0974,0.1311,0.2105,0.3145,0.4209,0.2074,;2,3,1,1,1,0,0,0,0,0,0,;0.1970;4;4;2185600;4.00;
3R39EOJX7B7B0RBVIOI0YF8QUNBFFR.png;0.0444,0.0675,0.0228,0.0193,0.0611,0.0000,0.0000,0.0000,;5,0,0,0,0,0,0,0,0,0,0,;0.0430;3;2;1092800;1.50;
3R39EOJX7BI6S1MO8YC8O4DE709FF7.png;0.0642,0.1643,0.1528,0.0193,0.0544,0.0097,0.0307,0.0269,;5,2,0,0,0,0,0,0,0,0,0,;0.0653;2;2;1092800;2.00;
3R7DCNC1NO24TFH8BGUHQFOR9KEUDP.png;0.0319,0.3494,0.0724,0.0938,0.0842,0.0636,0.1000,0.0143,;7,0,0,1,0,0,0,0,0,0,0,;0.1012;1;1;546400;1.00;
3R7DCNC1NO24TFH8BGUHQFOR9KEUDP_1.png;0.0124,0.0239,0.1214,0.0981,0.0112,0.0671,0.0191,0.0000,;6,1,0,0,0,0,0,0,0,0,0,;0.0505;3;2;1092800;1.50;
3R7DCNC1NO24TFH8BGUHQFOR9KEUDP_2.png;0.0154,0.1101,0.1654,0.0193,0.1045,0.1108,0.0615,0.0000,;4,3,0,0,0,0,0,0,0,0,0,;0.0839;4;2;1092800;4.00;
3R7DCNC1NOV5HU26IA2C7R0658YUDF.png;0.1434,0.1119,0.0887,0.0897,0.0981,0.0016,0.1043,0.0429,;5,2,0,0,0,0,0,0,0,0,0,;0.0851;6;5;2732000;3.00;
3R8MKH13HFEBE45LFXZBD3ZAAT6QLU.png;0.0713,0.0627,0.1110,0.0307,0.1569,0.0940,0.0000,0.1083,;5,2,0,0,0,0,0,0,0,0,0,;0.0907;4;2;1092800;2.00;
3R8NDUBSE5C5KWKOVCROU8T8BNKK4W.png;0.0352,0.0169,0.0371,0.0485,0.0561,0.0150,0.1193,0.0000,;6,1,0,0,0,0,0,0,0,0,0,;0.0469;3;2;1092800;1.50;
3R8NDUBSE5CIIDI6K37BBGYS2U64KU.png;0.0000,0.0260,0.1154,0.1117,0.1245,0.0142,0.0127,0.0000,;3,3,0,0,0,0,0,0,0,0,0,;0.0674;3;3;1639200;3.00;
3R8NDUBSE5CRYRKXR6M9AB02Z7L4K5.png;0.2556,0.1494,0.1229,0.0000,0.0000,0.0000,0.0000,0.0000,;0,2,1,0,0,0,0,0,0,0,0,;0.1759;1;1;546400;1.00;
3R8NDUBSF67O3EBOSQ1IL6C0CLD4KT.png;0.1455,0.0893,0.0554,0.1276,0.1456,0.0256,0.0000,0.0000,;3,3,0,0,0,0,0,0,0,0,0,;0.0982;3;2;1092800;1.50;
3RPY1MM09GJ0DPT9E5P5CCJTRTWMHE.png;0.0000,0.0000,0.0144,0.0000,0.0000,0.0000,0.0000,0.0047,;1,0,0,0,0,0,0,0,0,0,0,;0.0096;1;1;546400;1.00;
3RRYB8LG3ZH82HFOZGL7ANT68BKKUX.png;0.0735,0.2656,0.0279,0.1050,0.1875,0.0442,0.0000,0.0000,;4,1,1,0,0,0,0,0,0,0,0,;0.1173;2;1;546400;2.00;
3S1POB7GU8DKAHGA5W96UXZRMJ8QU4.png;0.1910,0.0884,0.2530,0.0720,0.0267,0.0093,0.0000,0.0016,;3,1,1,0,0,0,0,0,0,0,0,;0.0917;2;1;546400;2.00;
3S4LLGXSV3FZU47VRD0W7FI7RKKAOY.png;0.0589,0.0456,0.0434,0.0068,0.0012,0.0000,0.0000,0.0000,;3,0,0,0,0,0,0,0,0,0,0,;0.0312;3;3;1639200;3.00;
3S8DC08I2JZOJ6XAR5ADV2RBM80EJJ.png;0.1265,0.0217,0.0285,0.0419,0.0223,0.0362,0.0343,0.0320,;7,1,0,0,0,0,0,0,0,0,0,;0.0429;1;1;546400;1.00;
3SBA6YTBY276L0SZ55XU5R7VV8FOBP.png;0.0400,0.1583,0.0604,0.0000,0.0000,0.0201,0.0000,0.0132,;4,1,0,0,0,0,0,0,0,0,0,;0.0584;2;2;1092800;2.00;
3SFRD5IA5Z34MMJO249XJPJMVUHFBF.png;0.0519,0.1101,0.0802,0.0619,0.0413,0.0563,0.0508,0.2970,;6,1,1,0,0,0,0,0,0,0,0,;0.0937;2;1;546400;2.00;
3SI493PTSWP5AHPBIVTI1I8D7X4ZDI.png;0.0477,0.0000,0.0037,0.0654,0.0748,0.0541,0.0776,0.0435,;6,0,0,0,0,0,0,0,0,0,0,;0.0524;4;4;2185600;4.00;
3SI493PTSWP6VJGGSL9VZHEJP2GDZ2.png;0.1507,0.0833,0.0543,0.0000,0.0000,0.0000,0.0000,0.0000,;2,1,0,0,0,0,0,0,0,0,0,;0.0961;1;1;546400;1.00;
3SIEQXXS6F7PLDK653FBMIWP0ADQ4C.png;0.0400,0.1583,0.0575,0.0000,0.0000,0.0085,0.0000,0.0219,;3,1,0,0,0,0,0,0,0,0,0,;0.0572;2;2;1092800;2.00;
3SJ1BZ9YMZFJKL9JAYIH6SXUEFF7N6.png;0.0000,0.0224,0.0008,0.0000,0.0000,0.0611,0.0000,0.0000,;2,0,0,0,0,0,0,0,0,0,0,;0.0281;1;1;546400;1.00;
3T1550FWLKIS93DC7DPTY5M29UHWXP.png;0.0681,0.3010,0.1534,0.0491,0.0543,0.0032,0.0000,0.0000,;3,1,1,0,0,0,0,0,0,0,0,;0.1048;2;2;1092800;2.00;
3T6HLR4BXW5RX3QYFIC2AVGBFN389Y.png;0.0396,0.0219,0.0400,0.0739,0.0385,0.0275,0.0230,0.1246,;7,1,0,0,0,0,0,0,0,0,0,;0.0486;2;1;546400;2.00;
3T6HLR4BXW65EY3SGXC7I8IJLZ589G.png;0.2218,0.0977,0.0252,0.0000,0.0000,0.0428,0.0074,0.0288,;4,0,1,0,0,0,0,0,0,0,0,;0.0706;2;2;1092800;2.00;
3T6HLR4BXW65EY3SGXC7I8ILF1889L.png;0.1055,0.0379,0.0224,0.0000,0.0235,0.0063,0.0088,0.0377,;5,0,0,0,0,0,0,0,0,0,0,;0.0346;3;2;1092800;1.50;
3T6UNEUZ5USMH6KL5FCL3O350KM199.png;0.0000,0.0000,0.0000,0.0000,0.0000,0.0000,0.0000,0.0000,;0,0,0,0,0,0,0,0,0,0,0,;NaN;0;
3T6UNEUZ5USMH6KL5FCL3O350KM199_1.png;0.0623,0.0137,0.0000,0.0000,0.0000,0.0000,0.0268,0.1841,;3,1,0,0,0,0,0,0,0,0,0,;0.0717;1;1;546400;1.00;
3T6UNEUZ5USMH6KL5FCL3O350KM199_2.png;0.0336,0.0000,0.0103,0.0334,0.0000,0.0000,0.0000,0.0000,;3,0,0,0,0,0,0,0,0,0,0,;0.0257;2;1;546400;2.00;
3TCGLRK8ZGNA4CQP60QJDQBQH1MZQ6.png;0.1223,0.0477,0.0701,0.0335,0.0406,0.0453,0.0443,0.0478,;7,1,0,0,0,0,0,0,0,0,0,;0.0565;2;1;546400;2.00;
3TFUINTXMP1P2TVK22ZNBIA74UYT95.png;0.1705,0.0862,0.0000,0.1013,0.0000,0.0646,0.0000,0.0078,;3,1,0,0,0,0,0,0,0,0,0,;0.0861;3;2;1092800;1.50;
3TFUINTXNQRB8MQUNU8RNTUAF5A9TC.png;0.0088,0.0687,0.0823,0.0000,0.0000,0.0000,0.0809,0.0154,;4,0,0,0,0,0,0,0,0,0,0,;0.0512;3;2;1092800;1.50;
3TJJ8HSJVIOUEEITVOXS8LA6BWX82U.png;0.1079,0.0177,0.0000,0.0000,0.0000,0.0000,0.0000,0.0000,;2,0,0,0,0,0,0,0,0,0,0,;0.0628;1;1;546400;1.00;
3TJJ8HSJWJ7V3WKXYD3KKOVHU4N28W.png;0.0381,0.0465,0.0677,0.0539,0.0570,0.0612,0.0496,0.0346,;8,0,0,0,0,0,0,0,0,0,0,;0.0511;4;4;2185600;4.00;
3TO8OQV8RRE8TSS50K77OY4BTUOOLO.png;0.1250,0.1422,0.0756,0.0498,0.0386,0.0414,0.1008,0.0505,;6,2,0,0,0,0,0,0,0,0,0,;0.0780;3;2;1092800;1.50;
3TR9CMHN3N8E2YCNTAQUMF33CUSBB8.png;0.0287,0.1024,0.1013,0.1826,0.2257,0.2234,0.1400,0.0309,;4,2,2,0,0,0,0,0,0,0,0,;0.1294;4;4;2185600;4.00;
3TYSWKZBELVFE846EGCGPUMG5XR7G5.png;0.0565,0.4152,0.0000,0.0000,0.0000,0.0000,0.0000,0.2948,;1,0,1,0,1,0,0,0,0,0,0,;0.2555;2;1;546400;2.00;
3TYSWKZBFMLN72JJOTFJJEIWD9HG7U.png;0.0277,0.0000,0.0000,0.0866,0.1292,0.1561,0.1878,0.0570,;3,3,0,0,0,0,0,0,0,0,0,;0.1074;3;3;1639200;3.00;
3U2H1DGWOPTCKLUQYVRKVZHY3Q4F4G.png;0.1414,0.2378,0.0199,0.0354,0.0280,0.0000,0.0000,0.0000,;3,1,1,0,0,0,0,0,0,0,0,;0.0925;2;2;1092800;2.00;
3U47UEJKWC6S8AEVXI8SUW72VHPLB6.png;0.0577,0.0315,0.0000,0.0263,0.1198,0.0000,0.0605,0.0000,;4,1,0,0,0,0,0,0,0,0,0,;0.0591;2;1;546400;2.00;
3U47UEJKWC7M32113CRLFBCBUKFBLV.png;0.0245,0.1817,0.0240,0.0671,0.0100,0.0000,0.0000,0.0000,;4,1,0,0,0,0,0,0,0,0,0,;0.0615;2;1;546400;2.00;
3U47UEJKWC8E1D3WG0VTNM1UKCYBLF.png;0.0689,0.1563,0.0742,0.1070,0.1442,0.0095,0.0282,0.0354,;5,2,0,0,0,0,0,0,0,0,0,;0.0780;3;2;1092800;1.50;
3U47UEJKXD5R38RUXLMDWG1BUJXLBR.png;0.1868,0.0517,0.1775,0.1020,0.0158,0.0000,0.0000,0.0000,;3,2,0,0,0,0,0,0,0,0,0,;0.1067;2;1;546400;2.00;
3U6BJ3K2B9GQGJVT0E99IGFE7I2MEG.png;0.1422,0.0841,0.0645,0.0293,0.0518,0.1203,0.0031,0.0411,;5,2,0,0,0,0,0,0,0,0,0,;0.0671;3;2;1092800;1.50;
3UEL82N5TO6EUK0Y8E9LV0DUVX2NTJ.png;0.0810,0.1186,0.0323,0.0772,0.1289,0.0649,0.0336,0.1167,;5,3,0,0,0,0,0,0,0,0,0,;0.0817;3;1;546400;3.00;
3UEL82N5TOKN43E6MBDHCIJ23C3NTV.png;0.0384,0.0226,0.0543,0.0371,0.0000,0.0170,0.0145,0.0000,;6,0,0,0,0,0,0,0,0,0,0,;0.0306;3;2;1092800;1.50;
3UKAYM2G38LNW9YPLTZSPTC333T903.png;0.1471,0.0352,0.0000,0.0000,0.0000,0.0000,0.0000,0.0000,;1,1,0,0,0,0,0,0,0,0,0,;0.0912;1;1;546400;1.00;
3USMLONC9E5MDB1GD7ZQ6SDG14K85P.png;0.1794,0.1113,0.0292,0.0000,0.0000,0.0064,0.0049,0.0316,;2,2,0,0,0,0,0,0,0,0,0,;0.0605;2;2;1092800;2.00;
3USZNBD0ID5Y2E7UC1NHCD5VH1M51A.png;0.0458,0.0000,0.1471,0.0419,0.0000,0.0000,0.0000,0.0154,;3,1,0,0,0,0,0,0,0,0,0,;0.0625;1;1;546400;1.00;
3UV3KC5DTGMOGZ30EI3U2F567A15CS.png;0.1341,0.0572,0.0876,0.1001,0.1587,0.0212,0.0234,0.0000,;5,2,0,0,0,0,0,0,0,0,0,;0.0832;4;3;1639200;2.00;
3UXCLCQO1UDWROO910PGOYLD3QJ20A.png;0.0958,0.1136,0.2525,0.0175,0.0408,0.0772,0.0603,0.0111,;6,1,1,0,0,0,0,0,0,0,0,;0.0836;3;3;1639200;3.00;
3UXCLCQO2V425H8F0OVWTKIEO3N20G.png;0.2216,0.0827,0.1396,0.1898,0.1085,0.1396,0.2082,0.0986,;3,4,1,0,0,0,0,0,0,0,0,;0.1486;3;1;546400;3.00;
3VHU2SWT3EI2EPQKMFU0IXHUUZKSPE.png;0.2315,0.0782,0.0000,0.0000,0.0078,0.0162,0.0589,0.0000,;3,0,1,0,0,0,0,0,0,0,0,;0.0785;1;1;546400;1.00;
3VKCYEEK5GTFPTFE2CSUAPH4AEKG1E.png;0.2703,0.2980,0.2885,0.3153,0.2117,0.2458,0.3525,0.2468,;0,0,6,2,0,0,0,0,0,0,0,;0.2786;4;3;1639200;2.00;
3VKCYEEK5GTFPTFE2CSUAPH4AEKG1E_1.png;0.2857,0.2105,0.2888,0.1929,0.2808,0.1671,0.2805,0.2794,;0,2,6,0,0,0,0,0,0,0,0,;0.2482;5;2;1092800;2.50;
3VKCYEEK5GTFPTFE2CSUAPH4AEKG1E_2.png;0.2776,0.3039,0.2525,0.2138,0.2933,0.2548,0.2281,0.2004,;0,1,7,0,0,0,0,0,0,0,0,;0.2531;4;2;1092800;4.00;
3VNGVF6XGJQ1QLT33BZ7QKAQGJTGC8.png;0.0862,0.1791,0.1487,0.0000,0.0000,0.0000,0.0000,0.0000,;1,2,0,0,0,0,0,0,0,0,0,;0.1380;2;2;1092800;2.00;
3VNVHCMRM39PCV9YY08XQFC2ASTW7K.png;0.1021,0.1996,0.0458,0.0221,0.0040,0.0248,0.0000,0.0000,;4,1,0,0,0,0,0,0,0,0,0,;0.0664;2;2;1092800;2.00;
3VPHDNYYW05RMXRPFB37FMZTE8FOX6.png;0.0362,0.0329,0.0000,0.0604,0.0000,0.0000,0.0000,0.0000,;3,0,0,0,0,0,0,0,0,0,0,;0.0431;1;1;546400;1.00;
3VS2P0ED9S8WCYR5XKUI3WE62NIZOD.png;0.2369,0.1228,0.1928,0.2439,0.1066,0.0828,0.1097,0.0000,;3,2,2,0,0,0,0,0,0,0,0,;0.1565;3;2;1092800;1.50;
3VS2P0ED9S9HPWVU5TDRGGPE3WLOZL.png;0.0383,0.0393,0.1423,0.0511,0.0860,0.0721,0.0586,0.0219,;7,1,0,0,0,0,0,0,0,0,0,;0.0637;3;2;1092800;1.50;
3VTCTNDIMBI4MSZRCFZ5EXG7KAVTGQ.png;0.0473,0.1728,0.2571,0.1427,0.0736,0.0264,0.0254,0.0627,;5,2,1,0,0,0,0,0,0,0,0,;0.1010;3;3;1639200;3.00;
3VXAY8PX9568FZGV4FQLLH1QFO0UBC.png;0.0738,0.1508,0.2104,0.1831,0.0000,0.0000,0.0975,0.0447,;3,2,1,0,0,0,0,0,0,0,0,;0.1267;3;3;1639200;3.00;
3VXAY8PXA67ITFS0HYENNTH6AGPBUQ.png;0.0841,0.0907,0.0380,0.0163,0.0322,0.0275,0.0315,0.0286,;8,0,0,0,0,0,0,0,0,0,0,;0.0436;2;2;1092800;2.00;
3W718UE9EUVUJGAIW7WCSAJ232S8KV.png;0.0132,0.0095,0.0172,0.0298,0.0406,0.0307,0.0330,0.0723,;7,0,0,0,0,0,0,0,0,0,0,;0.0308;3;2;1092800;1.50;
3W7EAH4XLRRHWHV8PSJNN5I48Z5K1Z.png;0.0246,0.0000,0.0000,0.0000,0.1673,0.0774,0.0000,0.0000,;2,1,0,0,0,0,0,0,0,0,0,;0.0898;1;1;546400;1.00;
3WAI7IWAXVDPIQMZBUA6WKWKGBTKCH.png;0.1035,0.0667,0.1914,0.0094,0.0000,0.0000,0.0000,0.1774,;2,2,0,0,0,0,0,0,0,0,0,;0.1097;2;1;546400;2.00;
3WNTBWVI6HTKT402X941XY1LBXF1DP.png;0.0335,0.1073,0.1648,0.0181,0.0797,0.0943,0.2981,0.1262,;5,2,1,0,0,0,0,0,0,0,0,;0.1153;3;2;1092800;1.50;
3WNTBWVI7IICS3U5SPMYXHW39RR1DW.png;0.0099,0.3353,0.2245,0.0507,0.0821,0.0000,0.0000,0.0618,;3,0,1,1,0,0,0,0,0,0,0,;0.1274;2;2;1092800;2.00;
3X3BKUX7FNI4TQBH6Z6BCBN743AUUW.png;0.0413,0.2029,0.0978,0.0774,0.0649,0.0565,0.0171,0.0283,;7,1,0,0,0,0,0,0,0,0,0,;0.0733;3;3;1639200;3.00;
3XCMB0010Q8CROANL93DZ0TZ7HDP3B.png;0.0000,0.0000,0.0000,0.0000,0.0254,0.1377,0.0000,0.0000,;1,1,0,0,0,0,0,0,0,0,0,;0.0815;1;1;546400;1.00;
3XFOW6US4G39LHGXH58DQK2U59EF7W.png;0.0475,0.1068,0.0145,0.0908,0.0919,0.0106,0.0000,0.0000,;6,0,0,0,0,0,0,0,0,0,0,;0.0603;3;2;1092800;1.50;
3XH5NKQXD1CEK1G2OFNXP2YO5CGQ1D.png;0.0628,0.0462,0.0436,0.0465,0.0506,0.0526,0.0537,0.0499,;8,0,0,0,0,0,0,0,0,0,0,;0.0507;3;2;1092800;1.50;
3XKJYHBF1PGIGZAV82J26HU67K1S94.png;0.0808,0.0465,0.0365,0.0673,0.0515,0.0273,0.0490,0.0987,;8,0,0,0,0,0,0,0,0,0,0,;0.0572;3;1;546400;3.00;
3XKJYHBF2QXEJ36G795O9QJC5X59SV.png;0.1322,0.0791,0.0000,0.0000,0.0000,0.0000,0.0000,0.0000,;1,1,0,0,0,0,0,0,0,0,0,;0.1057;1;1;546400;1.00;
3XLULPCEJ5A20HTSPHJ11BGOHJ2K00.png;0.1357,0.1230,0.0675,0.0416,0.1191,0.1143,0.1485,0.0476,;3,5,0,0,0,0,0,0,0,0,0,;0.0996;5;3;1639200;2.50;
3XLULPCEK6XSKDKZU2VPQEQSWADK07.png;0.0000,0.3135,0.1931,0.1380,0.1103,0.0680,0.0421,0.0043,;2,3,0,1,0,0,0,0,0,0,0,;0.1242;3;3;1639200;3.00;
3XOONX5XJ4G5CUJT3GITEEBP8TAR9P.png;0.0354,0.2270,0.0123,0.0000,0.0000,0.0000,0.0000,0.0000,;2,0,1,0,0,0,0,0,0,0,0,;0.0915;1;1;546400;1.00;
3XQ5ITPVUWC5A41L5RJWP1DP30VQTX.png;0.2233,0.1154,0.3129,0.0908,0.0358,0.0129,0.0000,0.0000,;3,1,1,1,0,0,0,0,0,0,0,;0.1319;2;1;546400;2.00;
3XQ5ITPVUWCZXHDQO612ZU9R46PQTU.png;0.0764,0.0704,0.1350,0.0176,0.1499,0.1193,0.0000,0.1102,;3,4,0,0,0,0,0,0,0,0,0,;0.0970;4;2;1092800;2.00;
3XQ5ITPVVXEK5RIJJ0S4JMU41HATQO.png;0.0444,0.0521,0.0473,0.0117,0.0731,0.0000,0.0000,0.0000,;5,0,0,0,0,0,0,0,0,0,0,;0.0457;3;2;1092800;1.50;
3XXLL7ZNZBX2S1C8S0AVX01M47X2SM.png;0.0337,0.0346,0.0278,0.0390,0.0386,0.0464,0.0887,0.0213,;8,0,0,0,0,0,0,0,0,0,0,;0.0413;2;2;1092800;2.00;
3Y6OYEUGD7DBA3Z0UX7LVDP3LCIS5W.png;0.2043,0.0277,0.0344,0.0629,0.1659,0.0400,0.0295,0.0296,;6,2,0,0,0,0,0,0,0,0,0,;0.0743;2;1;546400;2.00;
3YATNUOYWN28VJEWP8MVZLA65TU5R8.png;0.0296,0.0537,0.0267,0.0387,0.0283,0.0000,0.0000,0.0000,;5,0,0,0,0,0,0,0,0,0,0,;0.0354;2;1;546400;2.00;
3YE2HAAZLWT35EOEU3RFNMQ5RC4ZU3.png;0.0832,0.0266,0.0261,0.0259,0.0259,0.0003,0.0259,0.0250,;7,0,0,0,0,0,0,0,0,0,0,;0.0299;1;1;546400;1.00;
3YJAOW5N8OU26Z949MJ65YS6Q7GNS0.png;0.0383,0.0393,0.1434,0.0511,0.0821,0.0696,0.0584,0.0219,;7,1,0,0,0,0,0,0,0,0,0,;0.0630;3;2;1092800;1.50;
3YJAOW5N8OUDFKNJJE4VLVI018MNS9.png;0.0713,0.0627,0.1040,0.0606,0.1933,0.0348,0.0000,0.1083,;6,1,0,0,0,0,0,0,0,0,0,;0.0907;3;1;546400;3.00;
3YJAOW5N8OUDFKNJJE4VLVI0YDQNSK.png;0.0866,0.0354,0.0501,0.0000,0.1079,0.0000,0.0000,0.1102,;4,1,0,0,0,0,0,0,0,0,0,;0.0781;3;1;546400;3.00;
3YJAOW5N9PI929Z2OH5BG1NQ7AGNSB.png;0.1742,0.1029,0.2180,0.1211,0.0044,0.0000,0.0000,0.0000,;1,2,1,0,0,0,0,0,0,0,0,;0.1241;2;1;546400;2.00;
3YKHA5XMY4LNHWQDYI2RHLTBGR3A75.png;0.0748,0.0349,0.1538,0.0000,0.0278,0.0000,0.0000,0.0000,;3,1,0,0,0,0,0,0,0,0,0,;0.0728;2;1;546400;2.00;
3YNFDCZ5Q3U1E5N64P4QVLD4C30NR9.png;0.0704,0.0505,0.0269,0.0000,0.0999,0.0002,0.0214,0.1389,;5,1,0,0,0,0,0,0,0,0,0,;0.0583;3;1;546400;3.00;
3YNFDCZ5R4IX1UZP9S56QRIUL8YNRO.png;0.1810,0.1029,0.2178,0.1249,0.0557,0.0658,0.0932,0.0000,;4,2,1,0,0,0,0,0,0,0,0,;0.1202;3;2;1092800;1.50;
3YR6VNT52416IC86SLGIIDTF4TWB78.png;0.0416,0.0000,0.0000,0.0000,0.0000,0.0000,0.0000,0.0000,;1,0,0,0,0,0,0,0,0,0,0,;0.0416;1;1;546400;1.00;
3YR6VNT5352GKULNOMVIY5386U67BS.png;0.0721,0.1826,0.1014,0.0439,0.0457,0.0424,0.0430,0.0290,;7,1,0,0,0,0,0,0,0,0,0,;0.0700;3;3;1639200;3.00;
3YS67JKWKBRVDSIQ9F8UVFJ1JQRX40.png;0.0618,0.0000,0.0000,0.0185,0.0149,0.0655,0.0617,0.0153,;6,0,0,0,0,0,0,0,0,0,0,;0.0396;3;2;1092800;1.50;
3YS67JKWKBTMNDQ3LRFOMM61VUK4X5.png;0.2108,0.3477,0.0567,0.0000,0.0383,0.0000,0.0000,0.0000,;2,0,1,1,0,0,0,0,0,0,0,;0.1634;2;2;1092800;2.00;
3YVLYSYEBF5NUSY0E746VZKOKNG0QY.png;0.0480,0.1176,0.0643,0.0141,0.0000,0.0000,0.0000,0.0000,;3,1,0,0,0,0,0,0,0,0,0,;0.0610;2;2;1092800;2.00;
3Z1VWDJDMCSL9FEEWY1JWQIRHY8F8V.png;0.2240,0.2268,0.0368,0.0868,0.0250,0.0000,0.0000,0.0000,;3,0,2,0,0,0,0,0,0,0,0,;0.1199;2;2;1092800;2.00;
3Z1VWDJDMCXXDMC10K62ECWQF20F8X.png;0.0792,0.0260,0.0257,0.0943,0.0006,0.0000,0.0384,0.0353,;6,0,0,0,0,0,0,0,0,0,0,;0.0428;2;1;546400;2.00;
3Z1VWDJDNDED63DNWYEYK1BZJ9X8FQ.png;0.0420,0.0775,0.0108,0.0000,0.0000,0.0000,0.0000,0.0000,;3,0,0,0,0,0,0,0,0,0,0,;0.0434;1;1;546400;1.00;
3ZAK6NWIZ37QLEUJSP86OBIVCQQ9VS.png;0.0315,0.0320,0.0180,0.1748,0.1038,0.0101,0.0000,0.0000,;5,1,0,0,0,0,0,0,0,0,0,;0.0617;2;2;1092800;2.00;
3ZFB7PFNY1ZJD1XM4GHBRRAA6FG931.png;0.1301,0.0425,0.0196,0.0000,0.0196,0.0000,0.0147,0.0000,;4,1,0,0,0,0,0,0,0,0,0,;0.0453;1;1;546400;1.00;
3ZFB7PFNY1ZJD1XM4GHBRRAA6GF932.png;0.1192,0.0494,0.0000,0.0234,0.1310,0.1508,0.0000,0.0000,;2,3,0,0,0,0,0,0,0,0,0,;0.0948;3;2;1092800;1.50;
3ZNMTDKQXPRIYI9V3LJLED84I1Z2VB.png;0.1116,0.1219,0.1522,0.0819,0.2188,0.0680,0.1398,0.1233,;2,5,1,0,0,0,0,0,0,0,0,;0.1272;3;1;546400;3.00;
3ZSDUF3VXOXZ44ZW3SE86JT3CR623Z.png;0.0864,0.1716,0.0104,0.0069,0.0084,0.0145,0.0283,0.0000,;4,1,0,0,0,0,0,0,0,0,0,;0.0466;2;2;1092800;2.00;
3ZXEP6UEFFQUF1V5KFZ2RFEFLM08OQ.png;0.0431,0.0092,0.0114,0.0271,0.0412,0.0846,0.0610,0.0048,;6,0,0,0,0,0,0,0,0,0,0,;0.0353;4;3;1639200;2.00;
