imageID;text densities;Histogram of windows with text densitites b/w 0:0.1:1;threshold;windows greater than threshold;largest connected window (no. of windows);largest connected window in pixels;The average size of connected regions;
306OACM7G04QOX49OC3VEMIMU7KA8L.png;0.1909,0.1310,0.0582,0.0310,0.0000,0.0070,0.0000,0.0293,0.0165,0.0000,0.0000,0.0140,0.0000,0.0000,0.0000,0.0000,;5,2,0,0,0,0,0,0,0,0,0,;0.0597;2;2;545600;2.00;
30E2X49V611K26Z0IIHLB47CQY53NF.png;0.2008,0.0886,0.0000,0.0000,0.0000,0.0000,0.0000,0.0000,0.0000,0.0000,0.0000,0.0000,0.0000,0.0000,0.0000,0.0000,;1,1,0,0,0,0,0,0,0,0,0,;0.1447;1;1;272800;1.00;
30E2X49V611K26Z0IIHLB47CQY63NG.png;0.0741,0.0223,0.0238,0.0000,0.0000,0.1477,0.0000,0.0608,0.0210,0.0000,0.0000,0.0615,0.0000,0.0000,0.0000,0.0000,;6,1,0,0,0,0,0,0,0,0,0,;0.0587;4;2;545600;4.00;
30GUUI0R316PRKEN69AJEXY15MMBCT.png;0.1167,0.1056,0.1191,0.1034,0.0000,0.1550,0.0000,0.1434,0.0036,0.0000,0.0000,0.0137,0.0000,0.0000,0.0000,0.0000,;3,4,0,0,0,0,0,0,0,0,0,;0.0951;6;6;1636800;6.00;
319N3DB42B6LKGW48RIT1IUY6MJEPG.png;0.0372,0.0075,0.0456,0.0543,0.0000,0.1350,0.0000,0.1372,0.0279,0.0000,0.0000,0.0549,0.0000,0.0000,0.0000,0.0000,;5,2,0,0,0,0,0,0,0,0,0,;0.0625;2;1;272800;2.00;
31H4HIBP9AWNGDF6JZY7J01Z8LG5HP.png;0.2486,0.1773,0.1136,0.1066,0.0000,0.1325,0.0000,0.1437,0.0385,0.0000,0.0000,0.0417,0.0000,0.0000,0.0000,0.0000,;3,4,1,0,0,0,0,0,0,0,0,;0.1253;4;3;818400;2.00;
31QBDMKNDPO96CGOU6OI3UH1N96L85.png;0.0000,0.0000,0.0894,0.1064,0.0000,0.0062,0.0000,0.0097,0.0196,0.0000,0.0000,0.0000,0.0000,0.0000,0.0000,0.0000,;3,0,0,0,0,0,0,0,0,0,0,;0.0463;2;2;545600;2.00;
31QOF9ABLNAV27TO4PXO0GLATWO1L1.png;0.1800,0.2027,0.2340,0.0000,0.0000,0.2886,0.0000,0.0000,0.1547,0.0000,0.0000,0.0169,0.0000,0.0000,0.0000,0.0169,;2,3,2,0,0,0,0,0,0,0,0,;0.1563;4;4;1091200;4.00;
31R9JPCYP6DVE0AQVNO2QFRENFMWRA.png;0.1608,0.1455,0.0515,0.0000,0.0000,0.0000,0.0000,0.0000,0.0000,0.0000,0.0000,0.0000,0.0000,0.0000,0.0000,0.0000,;1,2,0,0,0,0,0,0,0,0,0,;0.1193;2;2;545600;2.00;
31TTIPZ8XM69HILWQZWMCQMN1KS3GE.png;0.0000,0.0000,0.0000,0.0563,0.0000,0.0000,0.0000,0.1838,0.0000,0.0000,0.0000,0.1284,0.0000,0.0000,0.0000,0.0000,;1,2,0,0,0,0,0,0,0,0,0,;0.1228;2;2;545600;2.00;
31ZZN31VRB1J1I6XNAS9X9DBA59QRV.png;0.0484,0.0715,0.0657,0.0440,0.0000,0.0253,0.0000,0.0639,0.0000,0.0000,0.0000,0.0000,0.0000,0.0000,0.0000,0.0000,;6,0,0,0,0,0,0,0,0,0,0,;0.0531;3;3;818400;3.00;
3203J2GC2PK4HSXGZ2GG107218V84Q.png;0.1634,0.0000,0.0000,0.0000,0.0000,0.0708,0.0000,0.0370,0.0648,0.0000,0.0000,0.0330,0.0000,0.0000,0.0000,0.0000,;4,1,0,0,0,0,0,0,0,0,0,;0.0738;1;1;272800;1.00;
3203J2GC2PK4HSXGZ2GG1073Z7V84O.png;0.1017,0.0000,0.1499,0.0990,0.0000,0.0572,0.0000,0.0546,0.0016,0.0000,0.0000,0.0256,0.0000,0.0000,0.0000,0.0000,;5,1,0,0,0,0,0,0,0,0,0,;0.0700;3;2;545600;1.50;
3203J2GC2PK4HSXGZ2GG1074VAS84P.png;0.1724,0.0000,0.0000,0.0000,0.0000,0.0000,0.0000,0.0000,0.0000,0.0000,0.0000,0.0000,0.0000,0.0000,0.0000,0.0000,;0,1,0,0,0,0,0,0,0,0,0,;0.1724;1;1;272800;1.00;
320GLP60AN5TS9K5PU8IGRVPKUZ14P.png;0.0000,0.0000,0.0355,0.0881,0.0000,0.0376,0.0000,0.1910,0.1616,0.0000,0.0000,0.1948,0.0000,0.0000,0.0000,0.0000,;3,3,0,0,0,0,0,0,0,0,0,;0.1181;3;2;545600;1.50;
320GLP60AN6FM9FGZXIOL5AG38941T.png;0.1016,0.1077,0.0399,0.0022,0.0000,0.0823,0.0000,0.0837,0.0672,0.0000,0.0000,0.0648,0.0000,0.0000,0.0000,0.0005,;7,0,0,0,0,0,0,0,0,0,0,;0.0611;6;4;1091200;3.00;
323KIQYDLQ7S9UIT4NE6QLFONB14CB.png;0.1038,0.0000,0.1077,0.0000,0.0000,0.0506,0.0000,0.0032,0.0130,0.0000,0.0000,0.0442,0.0000,0.0000,0.0000,0.0102,;6,0,0,0,0,0,0,0,0,0,0,;0.0475;3;3;818400;3.00;
3244QHISJ1ITNE98CFK36E7RG91L0N.png;0.0714,0.0000,0.0000,0.0000,0.0000,0.0601,0.0000,0.0000,0.0608,0.0000,0.0000,0.0000,0.0000,0.0000,0.0000,0.0000,;3,0,0,0,0,0,0,0,0,0,0,;0.0641;1;1;272800;1.00;
3244QHISK2XKVEPCAXDY38M44I9L04.png;0.0913,0.0095,0.0234,0.0115,0.0000,0.0000,0.0000,0.0000,0.0107,0.0000,0.0000,0.0438,0.0000,0.0000,0.0000,0.0355,;6,0,0,0,0,0,0,0,0,0,0,;0.0322;3;2;545600;1.50;
329GGY5YRI5WHTWS4FZ9QWPAMFRT4W.png;0.0604,0.0008,0.0008,0.0000,0.0000,0.0660,0.0000,0.0000,0.0000,0.0000,0.0000,0.0000,0.0000,0.0000,0.0000,0.0000,;2,0,0,0,0,0,0,0,0,0,0,;0.0320;2;2;545600;2.00;
32GVUSPLEYOYH9SP841K39EVOUOK3Z.png;0.1342,0.1203,0.1433,0.1709,0.0000,0.2092,0.0000,0.1418,0.1149,0.0000,0.0000,0.0663,0.0000,0.0000,0.0000,0.0138,;2,7,0,0,0,0,0,0,0,0,0,;0.1239;5;5;1364000;5.00;
32GVUSPLFZ61Q5EOZV799O813X5K3C.png;0.0583,0.0499,0.0398,0.0397,0.0000,0.0485,0.0000,0.0341,0.0000,0.0000,0.0000,0.0000,0.0000,0.0000,0.0000,0.0000,;6,0,0,0,0,0,0,0,0,0,0,;0.0450;3;3;818400;3.00;
32JEHGQ0QIPYH7JPSF8OLMHJ8AAU81.png;0.0581,0.0284,0.0054,0.0157,0.0000,0.0001,0.0000,0.0004,0.0000,0.0000,0.0000,0.0000,0.0000,0.0000,0.0000,0.0000,;3,0,0,0,0,0,0,0,0,0,0,;0.0180;2;2;545600;2.00;
32JRJ3GOYGFHSVM6IWA88RJNYD8U1D.png;0.2451,0.1578,0.1566,0.1689,0.0000,0.2074,0.0000,0.1114,0.1514,0.0000,0.0000,0.0290,0.0000,0.0000,0.0000,0.0193,;2,6,1,0,0,0,0,0,0,0,0,;0.1386;6;6;1636800;6.00;
32SOQFN7RN4Q5SNOXDF8KS0W4TRIPM.png;0.3248,0.0000,0.0807,0.1966,0.0000,0.0000,0.0000,0.1690,0.0000,0.0000,0.0000,0.0000,0.0000,0.0000,0.0000,0.0000,;1,2,0,1,0,0,0,0,0,0,0,;0.1928;2;1;272800;2.00;
32WAV7G60PNC75TK9C1M3A29EH0D36.png;0.0097,0.0000,0.0000,0.0000,0.0000,0.0209,0.0000,0.0605,0.0000,0.0000,0.0000,0.0280,0.0000,0.0000,0.0000,0.0000,;3,0,0,0,0,0,0,0,0,0,0,;0.0298;1;1;272800;1.00;
32WAV7G6ZOBEE25MHO1EVKD7PUBD3N.png;0.1160,0.0000,0.0567,0.0725,0.0000,0.0000,0.0000,0.0000,0.0000,0.0000,0.0000,0.0000,0.0000,0.0000,0.0000,0.0000,;2,1,0,0,0,0,0,0,0,0,0,;0.0817;1;1;272800;1.00;
330XZFCZ7R2IEZH3T3I3O6ANM0DXTM.png;0.0097,0.0000,0.0000,0.0000,0.0000,0.0000,0.0000,0.0000,0.0000,0.0000,0.0000,0.0000,0.0000,0.0000,0.0000,0.0000,;0,0,0,0,0,0,0,0,0,0,0,;0.0097;1;1;272800;1.00;
330XZFCZ7RB627L6HWI9543W690TXG.png;0.2320,0.2599,0.3424,0.2314,0.0000,0.2293,0.0000,0.0976,0.0000,0.0000,0.0000,0.0000,0.0000,0.0000,0.0000,0.0000,;1,0,4,1,0,0,0,0,0,0,0,;0.2321;2;2;545600;2.00;
33EWWXEH81XUPFZ4BLANE2SZQMJ40X.png;0.0097,0.0000,0.0000,0.0000,0.0000,0.0645,0.0000,0.0136,0.0148,0.0000,0.0000,0.0138,0.0000,0.0000,0.0000,0.0000,;4,0,0,0,0,0,0,0,0,0,0,;0.0233;1;1;272800;1.00;
33FLRCV01N0NF725EJLGLLU8UGYORG.png;0.0093,0.0000,0.0000,0.0000,0.0000,0.0000,0.0000,0.0266,0.0000,0.0000,0.0000,0.0270,0.0000,0.0000,0.0000,0.0000,;2,0,0,0,0,0,0,0,0,0,0,;0.0210;2;2;545600;2.00;
33QM7VBL79CAH7ME53S2DMVHTOZ3QX.png;0.3316,0.1925,0.1869,0.1538,0.0000,0.1681,0.0000,0.1242,0.0501,0.0000,0.0000,0.0741,0.0000,0.0000,0.0000,0.0261,;3,5,0,1,0,0,0,0,0,0,0,;0.1453;5;5;1364000;5.00;
33RX46D1RXVH625SCIG7UWSYT80X1J.png;0.0011,0.1117,0.1204,0.0981,0.0000,0.1864,0.0000,0.1751,0.0638,0.0000,0.0000,0.0626,0.0000,0.0000,0.0000,0.0231,;4,4,0,0,0,0,0,0,0,0,0,;0.0936;5;5;1364000;5.00;
33XMDKLTFSU7YK1SQJZ2MPHPZ4ZZCZ.png;0.2272,0.1423,0.1891,0.1443,0.0000,0.2548,0.0000,0.1825,0.0263,0.0000,0.0000,0.0259,0.0000,0.0000,0.0000,0.0000,;2,4,2,0,0,0,0,0,0,0,0,;0.1491;4;4;1091200;4.00;
344RGS4J7S874QSQIPH3B5TQWFPMPU.png;0.0521,0.0000,0.0000,0.0119,0.0000,0.0000,0.0000,0.0688,0.0000,0.0000,0.0000,0.0688,0.0000,0.0000,0.0000,0.0071,;4,0,0,0,0,0,0,0,0,0,0,;0.0417;3;2;545600;1.50;
34B3PHKY7L0QRWI1JO5S4NCKMT3NE1.png;0.1667,0.1599,0.0000,0.0000,0.0000,0.0000,0.0000,0.0000,0.0000,0.0000,0.0000,0.0000,0.0000,0.0000,0.0000,0.0000,;0,2,0,0,0,0,0,0,0,0,0,;0.1633;1;1;272800;1.00;
34KQN2TBKTGWLIK008X22C5QD2JSAJ.png;0.0000,0.0000,0.0000,0.0000,0.0000,0.0000,0.0000,0.0000,0.0000,0.0000,0.0000,0.0000,0.0000,0.0000,0.0000,0.0000,;0,0,0,0,0,0,0,0,0,0,0,;NaN;0;
34RF8KPUOTU14SPS6MXYXNPWVK1SBB.png;0.0059,0.0322,0.0281,0.0262,0.0000,0.0219,0.0000,0.0165,0.0000,0.0000,0.0000,0.0000,0.0000,0.0000,0.0000,0.0000,;5,0,0,0,0,0,0,0,0,0,0,;0.0187;4;4;1091200;4.00;
34RF8KPUOTU14SPS6MXYXNPWVK1SBB_1.png;0.0436,0.0543,0.0356,0.0345,0.0000,0.0496,0.0000,0.0409,0.0000,0.0000,0.0000,0.0086,0.0000,0.0000,0.0000,0.0000,;6,0,0,0,0,0,0,0,0,0,0,;0.0381;4;3;818400;2.00;
34RF8KPUOTU14SPS6MXYXNPWVK1SBB_2.png;0.0504,0.0466,0.0381,0.0423,0.0000,0.0378,0.0000,0.0485,0.0000,0.0000,0.0000,0.0000,0.0000,0.0000,0.0000,0.0000,;6,0,0,0,0,0,0,0,0,0,0,;0.0439;3;2;545600;1.50;
34RF8KPUOTU14SPS6MXYXNPWVK7SBH.png;0.0195,0.0355,0.0441,0.0062,0.0000,0.0338,0.0000,0.0001,0.0000,0.0000,0.0000,0.0000,0.0000,0.0000,0.0000,0.0000,;4,0,0,0,0,0,0,0,0,0,0,;0.0232;3;3;818400;3.00;
34YKDDZP3UMABNHOK8ECJ4FCOZJWHB.png;0.2165,0.1184,0.2586,0.1059,0.0000,0.4726,0.0000,0.1617,0.2734,0.0000,0.0000,0.0974,0.0000,0.0000,0.0000,0.0300,;3,2,3,0,1,0,0,0,0,0,0,;0.1927;4;4;1091200;4.00;
3568B45QGKRG3Y1LZDHA1JA6BSCO3E.png;0.1817,0.0000,0.0134,0.1225,0.0000,0.0000,0.0000,0.0000,0.0000,0.0000,0.0000,0.0000,0.0000,0.0000,0.0000,0.0000,;1,2,0,0,0,0,0,0,0,0,0,;0.1059;2;1;272800;2.00;
3589VT1T2BGMXIVHZGNGS492OQIJN8.png;0.2345,0.0000,0.0235,0.0755,0.0000,0.0155,0.0000,0.2103,0.0000,0.0000,0.0000,0.0276,0.0000,0.0000,0.0000,0.0000,;4,0,2,0,0,0,0,0,0,0,0,;0.0978;2;1;272800;2.00;
35DAEVU8JHJ10FFZ10EN4CRDQ8F870.png;0.1318,0.0980,0.0113,0.0000,0.0000,0.0963,0.0000,0.1095,0.0963,0.0000,0.0000,0.1112,0.0000,0.0000,0.0000,0.0000,;5,2,0,0,0,0,0,0,0,0,0,;0.0935;6;4;1091200;3.00;
35GRDJC92I6VOWRC3MF6JHNHWWLC7I.png;0.0506,0.0131,0.0000,0.0000,0.0000,0.0000,0.0000,0.0000,0.0000,0.0000,0.0000,0.0000,0.0000,0.0000,0.0000,0.0000,;2,0,0,0,0,0,0,0,0,0,0,;0.0318;1;1;272800;1.00;
35HIM1LU2HRMGPBVQO0P66HG1MBI5I.png;0.0682,0.2643,0.3436,0.2996,0.0000,0.2705,0.0000,0.0935,0.0904,0.0000,0.0000,0.0619,0.0000,0.0000,0.0000,0.0096,;4,0,3,1,0,0,0,0,0,0,0,;0.1668;4;4;1091200;4.00;
35QUA2ABY634ZYN782PTB2BL5I8EGJ.png;0.0811,0.0000,0.0000,0.0000,0.0000,0.0000,0.0000,0.0000,0.0000,0.0000,0.0000,0.0000,0.0000,0.0000,0.0000,0.0000,;1,0,0,0,0,0,0,0,0,0,0,;0.0811;1;1;272800;1.00;
35QUA2ABZ7MBAB0HZGYJHQ28USWGE7.png;0.1314,0.0000,0.0000,0.0000,0.0000,0.0000,0.0000,0.0000,0.0000,0.0000,0.0000,0.0000,0.0000,0.0000,0.0000,0.0000,;0,1,0,0,0,0,0,0,0,0,0,;0.1314;1;1;272800;1.00;
361LJMRMCQ5CDYJ025B6700NV8CUR4.png;0.0698,0.1126,0.1419,0.1603,0.0000,0.1802,0.0000,0.1091,0.1399,0.0000,0.0000,0.0870,0.0000,0.0000,0.0000,0.0294,;4,5,0,0,0,0,0,0,0,0,0,;0.1145;4;4;1091200;4.00;
369VX4MEOJAKM0DV8XRK62EAJWKGI1.png;0.2958,0.0263,0.0190,0.0433,0.0000,0.0000,0.0000,0.0000,0.0000,0.0000,0.0000,0.0000,0.0000,0.0000,0.0000,0.0000,;3,0,1,0,0,0,0,0,0,0,0,;0.0961;1;1;272800;1.00;
36ARV8EEH67U95XPYN59VTZKFJ2VA1.png;0.0961,0.0482,0.0146,0.0000,0.0000,0.0624,0.0000,0.0171,0.0353,0.0000,0.0000,0.0173,0.0000,0.0000,0.0000,0.0000,;7,0,0,0,0,0,0,0,0,0,0,;0.0416;3;3;818400;3.00;
36FIWAXJH5YZ4NF13JA9L63DO7Z3AS.png;0.2569,0.3195,0.2767,0.1185,0.0000,0.2590,0.0000,0.1191,0.2147,0.0000,0.0000,0.1786,0.0000,0.0000,0.0000,0.0581,;1,3,4,1,0,0,0,0,0,0,0,;0.2001;5;5;1364000;5.00;
36HGGQAXL6KTNEA2DMTHLEEUZ4CVBW.png;0.2271,0.3018,0.0877,0.0821,0.0000,0.0941,0.0000,0.1003,0.0917,0.0000,0.0000,0.0961,0.0000,0.0000,0.0000,0.0055,;6,0,2,0,0,0,0,0,0,0,0,;0.1207;2;2;545600;2.00;
36HGGQAXL6L87J29O35QD9YQWSFBVG.png;0.0000,0.0033,0.2170,0.0001,0.0000,0.0420,0.0000,0.0000,0.0000,0.0000,0.0000,0.0000,0.0000,0.0000,0.0000,0.0000,;1,0,1,0,0,0,0,0,0,0,0,;0.0656;1;1;272800;1.00;
36IAL8HYOXSPP9QYVLXZPMFW48E4R6.png;0.0000,0.0000,0.0534,0.1331,0.0000,0.0201,0.0000,0.0892,0.0000,0.0000,0.0000,0.0000,0.0000,0.0000,0.0000,0.0000,;3,1,0,0,0,0,0,0,0,0,0,;0.0740;2;2;545600;2.00;
36MWL0IRGCO0L6PQ7W22BBNT0ICOHL.png;0.1151,0.1281,0.0464,0.0736,0.0000,0.0000,0.0000,0.0564,0.0000,0.0000,0.0000,0.0658,0.0000,0.0000,0.0000,0.0084,;4,2,0,0,0,0,0,0,0,0,0,;0.0705;3;2;545600;1.50;
36QDS77QN9NG5USZQM0XMAC2L97HFT.png;0.3441,0.0061,0.1633,0.4540,0.0000,0.1814,0.0000,0.3760,0.0252,0.0000,0.0000,0.0135,0.0000,0.0000,0.0000,0.0000,;2,2,0,2,1,0,0,0,0,0,0,;0.1955;3;2;545600;1.50;
36QDS77QN9Y3AP81GU3ZJ983H37HFJ.png;0.0741,0.0000,0.0130,0.0000,0.0000,0.0533,0.0000,0.0403,0.0200,0.0000,0.0000,0.0407,0.0000,0.0000,0.0000,0.0000,;6,0,0,0,0,0,0,0,0,0,0,;0.0402;4;2;545600;4.00;
36R3RQSDPTXRSZ6X7FR6HZHDYAF078.png;0.0097,0.0000,0.0000,0.0000,0.0000,0.0656,0.0000,0.0281,0.0000,0.0000,0.0000,0.0285,0.0000,0.0000,0.0000,0.0000,;3,0,0,0,0,0,0,0,0,0,0,;0.0330;1;1;272800;1.00;
375FCEJV4GX4B1VR293XJCDD0I7CCJ.png;0.2084,0.1786,0.2061,0.1613,0.0000,0.2486,0.0000,0.1852,0.0741,0.0000,0.0000,0.0809,0.0000,0.0000,0.0000,0.0173,;3,5,1,0,0,0,0,0,0,0,0,;0.1512;6;6;1636800;6.00;
375MF9UHMRPR2XWE6NL8JC3TL1HSX9.png;0.1797,0.1249,0.0000,0.0000,0.0000,0.0000,0.0000,0.0000,0.0000,0.0000,0.0000,0.0000,0.0000,0.0000,0.0000,0.0000,;0,2,0,0,0,0,0,0,0,0,0,;0.1523;1;1;272800;1.00;
37672WDDC2JA93V4O46FCCJ2VAJNM9.png;0.0000,0.0000,0.0000,0.0000,0.0000,0.0000,0.0000,0.0000,0.0000,0.0000,0.0000,0.0000,0.0000,0.0000,0.0000,0.0000,;0,0,0,0,0,0,0,0,0,0,0,;NaN;0;
378UBY8FQ61LFCJMHZWZTRZI59A8TB.png;0.2375,0.2647,0.1348,0.0600,0.0000,0.0837,0.0000,0.0165,0.0376,0.0000,0.0000,0.0000,0.0000,0.0000,0.0000,0.0000,;4,1,2,0,0,0,0,0,0,0,0,;0.1193;3;3;818400;3.00;
378UBY8FR7AABMKBM232FCEFT60T8E.png;0.2332,0.2142,0.1492,0.0301,0.0000,0.0638,0.0000,0.0373,0.0023,0.0000,0.0000,0.0341,0.0000,0.0000,0.0000,0.0042,;4,1,2,0,0,0,0,0,0,0,0,;0.0854;3;3;818400;3.00;
379R4POZ46ZM5D7FMP5TH9FBQ7PRXR.png;0.0604,0.0020,0.0000,0.0009,0.0000,0.0000,0.0000,0.0100,0.0000,0.0000,0.0000,0.0000,0.0000,0.0000,0.0000,0.0000,;2,0,0,0,0,0,0,0,0,0,0,;0.0183;1;1;272800;1.00;
37CCG24EIZSNBY0O0RYFBPCKLTQZRW.png;0.0192,0.0116,0.0250,0.0131,0.0000,0.0044,0.0000,0.0070,0.0000,0.0000,0.0000,0.0000,0.0000,0.0000,0.0000,0.0000,;4,0,0,0,0,0,0,0,0,0,0,;0.0134;2;1;272800;2.00;
37CCG24EIZSNBY0O0RYFBPCKLTQZRW_1.png;0.0213,0.0191,0.0190,0.0000,0.0000,0.0059,0.0000,0.0000,0.0000,0.0000,0.0000,0.0000,0.0000,0.0000,0.0000,0.0000,;3,0,0,0,0,0,0,0,0,0,0,;0.0163;3;3;818400;3.00;
37CCG24EIZSNBY0O0RYFBPCKLTQZRW_2.png;0.0268,0.0152,0.0149,0.0152,0.0000,0.0037,0.0000,0.0040,0.0000,0.0000,0.0000,0.0000,0.0000,0.0000,0.0000,0.0002,;4,0,0,0,0,0,0,0,0,0,0,;0.0114;4;4;1091200;4.00;
37FXVUXR5NUGX6LAN3N06Z6PNZ6EWN.png;0.0000,0.0000,0.0000,0.0000,0.0000,0.0000,0.0000,0.0000,0.0000,0.0000,0.0000,0.0000,0.0000,0.0000,0.0000,0.0000,;0,0,0,0,0,0,0,0,0,0,0,;NaN;0;
37NNZ8MO7S6VRHEMSEGUVBLX898EQM.png;0.1699,0.0310,0.0077,0.0079,0.0000,0.0009,0.0000,0.0012,0.0009,0.0000,0.0000,0.0013,0.0000,0.0000,0.0000,0.0052,;1,1,0,0,0,0,0,0,0,0,0,;0.0251;2;2;545600;2.00;
37QHTW84X0Z4WRFH6C4VHQ7JNTDJDT.png;0.0310,0.0091,0.0216,0.0000,0.0000,0.0194,0.0000,0.0281,0.0000,0.0000,0.0000,0.0285,0.0000,0.0000,0.0000,0.0000,;5,0,0,0,0,0,0,0,0,0,0,;0.0230;3;2;545600;1.50;
37ZHE2JT1D250TKIB56TICN73UM88S.png;0.0995,0.0000,0.0000,0.0000,0.0000,0.0271,0.0000,0.0647,0.0361,0.0000,0.0000,0.0258,0.0000,0.0000,0.0000,0.0000,;5,0,0,0,0,0,0,0,0,0,0,;0.0506;2;1;272800;2.00;
37ZHE2JT1D250TKIB56TICN73UQ88W.png;0.4242,0.2769,0.0000,0.0000,0.0000,0.0000,0.0000,0.0000,0.0000,0.0000,0.0000,0.0000,0.0000,0.0000,0.0000,0.0000,;0,0,1,0,1,0,0,0,0,0,0,;0.3505;1;1;272800;1.00;
37ZUGP9H9BONPT0XCKXE3200JPH817.png;0.1819,0.2310,0.2191,0.2557,0.0000,0.1693,0.0000,0.1659,0.0734,0.0000,0.0000,0.0275,0.0000,0.0000,0.0000,0.0000,;2,3,3,0,0,0,0,0,0,0,0,;0.1655;6;6;1636800;6.00;
37ZUGP9H9BONPT0XCKXE3201JQL81F.png;0.1514,0.0000,0.0000,0.0000,0.0000,0.0000,0.0000,0.0000,0.0000,0.0000,0.0000,0.0000,0.0000,0.0000,0.0000,0.0000,;0,1,0,0,0,0,0,0,0,0,0,;0.1514;1;1;272800;1.00;
38464Y8J3VK9Y56OSLPV9KDIFIGV4J.png;0.0000,0.0000,0.0000,0.0000,0.0000,0.0612,0.0000,0.0448,0.0057,0.0000,0.0000,0.0394,0.0000,0.0000,0.0000,0.0000,;3,0,0,0,0,0,0,0,0,0,0,;0.0378;3;2;545600;1.50;
389X50RO4VDYCDHURIYQ7760LL5343.png;0.0680,0.0218,0.0170,0.0000,0.0000,0.0733,0.0000,0.0000,0.0000,0.0000,0.0000,0.0000,0.0000,0.0000,0.0000,0.0000,;4,0,0,0,0,0,0,0,0,0,0,;0.0450;2;2;545600;2.00;
38DNTK7MFN2OC2PZPWU81IIJXME01H.png;0.0028,0.0000,0.0000,0.0000,0.0000,0.1276,0.0000,0.0779,0.0345,0.0000,0.0000,0.0305,0.0000,0.0000,0.0000,0.0000,;3,1,0,0,0,0,0,0,0,0,0,;0.0546;2;1;272800;2.00;
38DNTK7MFN34LCW85JTSAD2CXFQ01S.png;0.1792,0.0476,0.0679,0.0000,0.0000,0.1080,0.0000,0.0000,0.0000,0.0000,0.0000,0.0000,0.0000,0.0000,0.0000,0.0000,;3,1,0,0,0,0,0,0,0,0,0,;0.1007;2;2;545600;2.00;
38DNTK7MFN3UAZX8DF8S385AB3E10K.png;0.2144,0.0977,0.0229,0.0855,0.0000,0.0441,0.0000,0.0515,0.0141,0.0000,0.0000,0.0529,0.0000,0.0000,0.0000,0.0000,;7,0,1,0,0,0,0,0,0,0,0,;0.0729;3;2;545600;1.50;
38FWZZ3ILTDK8ICQRL4PWREV0HIYN7.png;0.1554,0.1047,0.0990,0.0970,0.0000,0.0662,0.0000,0.0569,0.0000,0.0000,0.0000,0.0000,0.0000,0.0000,0.0000,0.0000,;5,1,0,0,0,0,0,0,0,0,0,;0.0965;4;4;1091200;4.00;
38GRQLZZQQCOARQX7FK2NWOBS4K0CN.png;0.0000,0.0000,0.0000,0.0000,0.0000,0.0000,0.0000,0.0000,0.0000,0.0000,0.0000,0.0000,0.0000,0.0000,0.0000,0.0000,;0,0,0,0,0,0,0,0,0,0,0,;NaN;0;
38IOEK81UIQHG7BFV93TAAEQ3W496W.png;0.0563,0.5200,0.0000,0.0000,0.0000,0.0000,0.0000,0.0000,0.0000,0.0000,0.0000,0.0000,0.0000,0.0000,0.0000,0.0000,;1,0,0,0,0,1,0,0,0,0,0,;0.2881;1;1;272800;1.00;
38LYNH3Q4ODLGFNEHSAP2J87XNZMGY.png;0.2899,0.0532,0.1044,0.0965,0.0000,0.0060,0.0000,0.0116,0.0000,0.0000,0.0000,0.0000,0.0000,0.0000,0.0000,0.0000,;4,0,1,0,0,0,0,0,0,0,0,;0.0936;3;2;545600;1.50;
38LYNH3Q5PUFYTLC9WG1VAJL0LTGM5.png;0.1611,0.1761,0.1793,0.0950,0.0000,0.3045,0.0000,0.1438,0.1795,0.0000,0.0000,0.0132,0.0000,0.0000,0.0000,0.0000,;2,5,1,0,0,0,0,0,0,0,0,;0.1566;5;5;1364000;5.00;
38MNOT6KWIG21RX6PKH1YJB8VKDT05.png;0.1283,0.0000,0.0000,0.0000,0.0000,0.0000,0.0000,0.0000,0.0000,0.0000,0.0000,0.0000,0.0000,0.0000,0.0000,0.0000,;0,1,0,0,0,0,0,0,0,0,0,;0.1283;1;1;272800;1.00;
38MNOT6KWIG21RX6PKH1YJB8VKDT05_1.png;0.5564,0.0000,0.0000,0.0000,0.0000,0.0000,0.0000,0.0000,0.0000,0.0000,0.0000,0.0000,0.0000,0.0000,0.0000,0.0000,;0,0,0,0,0,1,0,0,0,0,0,;0.5564;1;1;272800;1.00;
38MNOT6KWIG21RX6PKH1YJB8VKDT05_2.png;0.2722,0.0000,0.0000,0.0000,0.0000,0.0000,0.0000,0.0000,0.0000,0.0000,0.0000,0.0000,0.0000,0.0000,0.0000,0.0000,;0,0,1,0,0,0,0,0,0,0,0,;0.2722;1;1;272800;1.00;
38NH2CI7ROPJ1MAJ3F139HJ5CPPVU5.png;0.1545,0.2868,0.0299,0.0191,0.0000,0.0058,0.0000,0.1800,0.0000,0.0000,0.0000,0.0776,0.0000,0.0000,0.0000,0.0043,;3,2,1,0,0,0,0,0,0,0,0,;0.0948;3;2;545600;1.50;
38NH2CI7SPCMWUJ4T62C2GD654VVUY.png;0.0497,0.0076,0.0103,0.0105,0.0000,0.0372,0.0000,0.0432,0.0370,0.0000,0.0000,0.0432,0.0000,0.0000,0.0000,0.0123,;8,0,0,0,0,0,0,0,0,0,0,;0.0279;5;3;818400;2.50;
38VQ1AW9T5WCGLEK2ZAP9I6I4O826I.png;0.0767,0.0021,0.0026,0.0099,0.0000,0.2326,0.0000,0.1794,0.0000,0.0000,0.0000,0.0000,0.0000,0.0000,0.0000,0.0000,;1,1,1,0,0,0,0,0,0,0,0,;0.0839;2;1;272800;2.00;
390EOHYPK4Q05K2TRHZ1W9N0LW8X3W.png;0.0097,0.0000,0.0000,0.0000,0.0000,0.0000,0.0000,0.0281,0.0000,0.0000,0.0000,0.0285,0.0000,0.0000,0.0000,0.0000,;2,0,0,0,0,0,0,0,0,0,0,;0.0221;2;2;545600;2.00;
39393HGTI5QMIY6JHIT1M5IIGWJEOF.png;0.2730,0.1390,0.1748,0.1416,0.0000,0.2480,0.0000,0.2086,0.0588,0.0000,0.0000,0.0098,0.0000,0.0000,0.0000,0.0000,;1,4,2,0,0,0,0,0,0,0,0,;0.1567;4;4;1091200;4.00;
394TEHR260P29GUZO0UUQSDZ63O65J.png;0.1129,0.0000,0.0000,0.0000,0.0000,0.0000,0.0000,0.0000,0.0000,0.0000,0.0000,0.0000,0.0000,0.0000,0.0000,0.0000,;0,1,0,0,0,0,0,0,0,0,0,;0.1129;1;1;272800;1.00;
39PLFW4P2L2RPNN40J9QB1XCZ2O4HT.png;0.0854,0.0211,0.0099,0.0037,0.0000,0.0239,0.0000,0.0115,0.0317,0.0000,0.0000,0.0285,0.0000,0.0000,0.0000,0.0118,;7,0,0,0,0,0,0,0,0,0,0,;0.0253;3;1;272800;3.00;
39UNKKTVDF8Y9H8JFO9U930XMBHYGJ.png;0.0025,0.0000,0.0000,0.0000,0.0000,0.0000,0.0000,0.0000,0.0000,0.0000,0.0000,0.0000,0.0000,0.0000,0.0000,0.0000,;0,0,0,0,0,0,0,0,0,0,0,;0.0025;1;1;272800;1.00;
39UNKKTVDFFX9VEX2EW7RYBUQ2JGYD.png;0.1440,0.1270,0.1722,0.1138,0.0000,0.0975,0.0000,0.0042,0.0053,0.0000,0.0000,0.0000,0.0000,0.0000,0.0000,0.0000,;1,4,0,0,0,0,0,0,0,0,0,;0.0949;5;5;1364000;5.00;
39VNNFFKK59EW3XI1HP5P046ZAXXVP.png;0.0069,0.0000,0.0000,0.0000,0.0000,0.1130,0.0000,0.0956,0.0621,0.0000,0.0000,0.0154,0.0000,0.0000,0.0000,0.0000,;3,1,0,0,0,0,0,0,0,0,0,;0.0586;3;2;545600;1.50;
39Y8ZSVZWWM1XMK47AFGQNZOPQQVZE.png;0.1318,0.1398,0.1027,0.2197,0.0000,0.0482,0.0000,0.0421,0.0797,0.0000,0.0000,0.0978,0.0000,0.0000,0.0000,0.0414,;6,2,1,0,0,0,0,0,0,0,0,;0.1004;4;4;1091200;4.00;
39Y8ZSVZXXM4Z9DMIL8I9OJZBK9VZ6.png;0.2156,0.1546,0.0369,0.0000,0.0000,0.0473,0.0000,0.0000,0.0000,0.0000,0.0000,0.0000,0.0000,0.0000,0.0000,0.0000,;2,1,1,0,0,0,0,0,0,0,0,;0.1136;2;2;545600;2.00;
3AA189Q6B51983MEFLORU493K7KMWE.png;0.2233,0.0683,0.0587,0.0420,0.0000,0.0000,0.0000,0.0000,0.0000,0.0000,0.0000,0.0000,0.0000,0.0000,0.0000,0.0000,;3,0,1,0,0,0,0,0,0,0,0,;0.0981;1;1;272800;1.00;
3AA189Q6B52Z6L7EV3NS06BHCKRWMY.png;0.0463,0.0484,0.0189,0.0247,0.0000,0.0571,0.0000,0.0380,0.0000,0.0000,0.0000,0.0000,0.0000,0.0000,0.0000,0.0000,;6,0,0,0,0,0,0,0,0,0,0,;0.0389;3;3;818400;3.00;
3AA189Q6C6N6C9XRHK508ZBLMH8WM3.png;0.1263,0.0257,0.0162,0.0000,0.0000,0.0209,0.0000,0.0089,0.0000,0.0000,0.0000,0.0000,0.0000,0.0000,0.0000,0.0000,;3,1,0,0,0,0,0,0,0,0,0,;0.0396;1;1;272800;1.00;
3AA189Q6C6TLNJILLV2LOGYDJT7MWV.png;0.0000,0.0000,0.0000,0.0000,0.0000,0.1056,0.0000,0.0276,0.0486,0.0000,0.0000,0.0280,0.0000,0.0000,0.0000,0.0000,;4,0,0,0,0,0,0,0,0,0,0,;0.0525;1;1;272800;1.00;
3AJ89545NQHYX91N7X3ADUYHKVTBEA.png;0.1469,0.0000,0.0000,0.0000,0.0000,0.1003,0.0000,0.1235,0.3203,0.0000,0.0000,0.4158,0.0000,0.0000,0.0000,0.0081,;1,2,0,1,1,0,0,0,0,0,0,;0.1858;2;1;272800;2.00;
3AJ89545NQRFJUS6JU65GFBBEJ7BEW.png;0.1327,0.0000,0.0000,0.0000,0.0000,0.1316,0.0000,0.0000,0.0000,0.0000,0.0000,0.0000,0.0000,0.0000,0.0000,0.0000,;0,2,0,0,0,0,0,0,0,0,0,;0.1321;1;1;272800;1.00;
3AMAQJSW8I20H10ADEKNBNOAVRROI5.png;0.0457,0.0000,0.0000,0.0000,0.0000,0.0000,0.0000,0.0000,0.0000,0.0000,0.0000,0.0000,0.0000,0.0000,0.0000,0.0000,;1,0,0,0,0,0,0,0,0,0,0,;0.0457;1;1;272800;1.00;
3B9PUZPHFHW5PZT5Q7OV88NG9W6JA5.png;0.0310,0.0547,0.0000,0.0000,0.0000,0.0276,0.0000,0.0000,0.0280,0.0000,0.0000,0.0000,0.0000,0.0000,0.0000,0.0000,;4,0,0,0,0,0,0,0,0,0,0,;0.0353;1;1;272800;1.00;
3BGEFHL0JHEL8I3UU0A0G1OJRYOJBS.png;0.0531,0.2026,0.1903,0.0981,0.0000,0.2307,0.0000,0.1675,0.0806,0.0000,0.0000,0.1274,0.0000,0.0000,0.0000,0.0431,;4,4,1,0,0,0,0,0,0,0,0,;0.1326;4;4;1091200;4.00;
3BHOG8KFNLAK9AB1ZQLEP6Q0T3RR81.png;0.2998,0.3720,0.3075,0.4101,0.0000,0.1726,0.0000,0.2213,0.1136,0.0000,0.0000,0.0760,0.0000,0.0000,0.0000,0.0000,;1,2,3,1,1,0,0,0,0,0,0,;0.2466;4;4;1091200;4.00;
3BK5FW2G6MZ18ENS8D29GOXE9AHRCA.png;0.0558,0.0472,0.0000,0.0000,0.0000,0.0000,0.0000,0.0000,0.0000,0.0000,0.0000,0.0000,0.0000,0.0000,0.0000,0.0000,;2,0,0,0,0,0,0,0,0,0,0,;0.0515;1;1;272800;1.00;
3BRG9Q58M1LAH7AQ01RWX47CRWFYQ2.png;0.0931,0.0533,0.1603,0.0891,0.0000,0.0226,0.0000,0.0115,0.0000,0.0000,0.0000,0.0000,0.0000,0.0000,0.0000,0.0000,;5,1,0,0,0,0,0,0,0,0,0,;0.0717;3;2;545600;1.50;
3BZN229KV5TWHZF32GLR8LCC1TX6DS.png;0.0491,0.0842,0.0028,0.0000,0.0000,0.0097,0.0000,0.0282,0.0000,0.0000,0.0000,0.0000,0.0000,0.0000,0.0000,0.0000,;3,0,0,0,0,0,0,0,0,0,0,;0.0348;2;2;545600;2.00;
3C2UN3Y7UJLGZT23JF159R7GHEFMFI.png;0.1537,0.4277,0.4274,0.3811,0.0000,0.1289,0.0000,0.1040,0.0677,0.0000,0.0000,0.0988,0.0000,0.0000,0.0000,0.0425,;4,2,0,1,2,0,0,0,0,0,0,;0.2035;3;3;818400;3.00;
3CF7EZI55RWEYNZ9U956QWWUG93IL2.png;0.1043,0.0853,0.0141,0.0000,0.0000,0.1208,0.0000,0.1064,0.0078,0.0000,0.0000,0.0319,0.0000,0.0000,0.0000,0.0000,;5,1,0,0,0,0,0,0,0,0,0,;0.0672;4;3;818400;2.00;
3CP9VRCFS74RV9VXRUIMMBYWTQDUEZ.png;0.0538,0.0983,0.0000,0.0000,0.0000,0.0000,0.0000,0.0000,0.0000,0.0000,0.0000,0.0000,0.0000,0.0000,0.0000,0.0000,;2,0,0,0,0,0,0,0,0,0,0,;0.0761;1;1;272800;1.00;
3CTCX9NXB5M1LSUM0XPXZV8QE2WLJA.png;0.1956,0.0830,0.1244,0.4201,0.0000,0.0689,0.0000,0.2655,0.3085,0.0000,0.0000,0.1510,0.0000,0.0000,0.0000,0.0700,;3,3,2,0,1,0,0,0,0,0,0,;0.1875;4;2;545600;2.00;
3CTCX9NXC67QIV0KKFDEFSMCFTJJLN.png;0.1864,0.4035,0.1532,0.0000,0.0000,0.1000,0.0000,0.0000,0.1000,0.0000,0.0000,0.0000,0.0000,0.0000,0.0000,0.0000,;2,2,0,1,0,0,0,0,0,0,0,;0.1886;1;1;272800;1.00;
3CVHT3IKUYKSX9WRAWTF52715RU0R4.png;0.2061,0.0506,0.0420,0.0000,0.0000,0.2904,0.0000,0.0608,0.0000,0.0000,0.0000,0.0615,0.0000,0.0000,0.0000,0.0000,;4,1,1,0,0,0,0,0,0,0,0,;0.1186;2;2;545600;2.00;
3CYDGW98NMPSZAAQ0W8MOBJZSSBOM6.png;0.2701,0.1207,0.0955,0.0000,0.0000,0.2047,0.0000,0.1737,0.1665,0.0000,0.0000,0.1759,0.0000,0.0000,0.0000,0.0000,;1,5,1,0,0,0,0,0,0,0,0,;0.1724;4;2;545600;4.00;
3D00S7P7YG22I1NWJE5APKC40DIEZA.png;0.1760,0.0007,0.0004,0.0000,0.0000,0.0152,0.0000,0.0000,0.0000,0.0000,0.0000,0.0000,0.0000,0.0000,0.0000,0.0000,;1,1,0,0,0,0,0,0,0,0,0,;0.0481;1;1;272800;1.00;
3D3KZYB02J3NX4IAX3WJJNSJTAYV8O.png;0.2815,0.1348,0.1159,0.0000,0.0000,0.0981,0.0000,0.0000,0.0000,0.0000,0.0000,0.0000,0.0000,0.0000,0.0000,0.0000,;1,2,1,0,0,0,0,0,0,0,0,;0.1576;1;1;272800;1.00;
3D3KZYB03KLUXQ4AWC4FKH86OYE8VD.png;0.0236,0.0000,0.0000,0.0000,0.0000,0.0000,0.0000,0.0000,0.0000,0.0000,0.0000,0.0000,0.0000,0.0000,0.0000,0.0000,;1,0,0,0,0,0,0,0,0,0,0,;0.0236;1;1;272800;1.00;
3D3X1L1OBIRB9XRZKHJ79UYYYTK1VU.png;0.0087,0.0000,0.0000,0.0000,0.0000,0.0981,0.0000,0.1023,0.1327,0.0000,0.0000,0.1239,0.0000,0.0000,0.0000,0.0000,;2,2,0,0,0,0,0,0,0,0,0,;0.0931;4;2;545600;4.00;
3D3X1L1OBIRB9XRZKHJ79UYYYTK1VU_1.png;0.0730,0.0000,0.0000,0.0000,0.0000,0.0676,0.0000,0.0000,0.0000,0.0000,0.0000,0.0000,0.0000,0.0000,0.0000,0.0000,;2,0,0,0,0,0,0,0,0,0,0,;0.0703;1;1;272800;1.00;
3D3X1L1OBIRB9XRZKHJ79UYYYTK1VU_2.png;0.0166,0.0000,0.0000,0.0000,0.0000,0.1194,0.0000,0.1066,0.1979,0.0000,0.0000,0.1566,0.0000,0.0000,0.0000,0.0000,;2,3,0,0,0,0,0,0,0,0,0,;0.1194;2;1;272800;2.00;
3D7N1211O74L32LV8ZFDVQWGH61MAZ.png;0.0000,0.0034,0.1232,0.0000,0.0000,0.1796,0.0000,0.1545,0.0000,0.0000,0.0000,0.0000,0.0000,0.0000,0.0000,0.0000,;0,3,0,0,0,0,0,0,0,0,0,;0.1152;3;3;818400;3.00;
3D7N1211P8PBU1MJEXLJFBT15KWAMH.png;0.1054,0.0067,0.0046,0.0017,0.0000,0.1133,0.0000,0.0903,0.0380,0.0000,0.0000,0.0168,0.0000,0.0000,0.0000,0.0000,;4,1,0,0,0,0,0,0,0,0,0,;0.0471;3;2;545600;1.50;
3D8B00U52IVJZWECZOBXRVFXL2U83O.png;0.0933,0.0000,0.0000,0.0000,0.0000,0.0548,0.0000,0.0000,0.0661,0.0000,0.0000,0.0000,0.0000,0.0000,0.0000,0.0000,;3,0,0,0,0,0,0,0,0,0,0,;0.0714;1;1;272800;1.00;
3D8B00U52IVJZWECZOBXRVFYHAV833.png;0.0890,0.0000,0.0000,0.1055,0.0000,0.0000,0.0000,0.0539,0.0000,0.0000,0.0000,0.0000,0.0000,0.0000,0.0000,0.0000,;3,0,0,0,0,0,0,0,0,0,0,;0.0828;2;1;272800;2.00;
3DBJK6OC3AF4JLMP40JUKZIT4XNYF3.png;0.2277,0.0223,0.0948,0.0000,0.0000,0.1545,0.0000,0.0544,0.1832,0.0000,0.0000,0.0463,0.0000,0.0000,0.0000,0.0000,;4,2,1,0,0,0,0,0,0,0,0,;0.1119;3;3;818400;3.00;
3DCXWU0MSDB2RCYGDPZ82R371ZGTVX.png;0.0796,0.0679,0.1812,0.0034,0.0000,0.0783,0.0000,0.0020,0.0000,0.0000,0.0000,0.0000,0.0000,0.0000,0.0000,0.0000,;3,1,0,0,0,0,0,0,0,0,0,;0.0687;3;3;818400;3.00;
3DECMKXKT815JCLN1RI1KKDJDFAMBB.png;0.2938,0.3354,0.2475,0.3221,0.0000,0.1316,0.0000,0.3073,0.0097,0.0000,0.0000,0.1123,0.0000,0.0000,0.0000,0.0046,;0,2,3,2,0,0,0,0,0,0,0,;0.1960;5;5;1364000;5.00;
3DHOXWJRSC3OAPE5AL86OV64DJCT3O.png;0.2332,0.2142,0.1492,0.0301,0.0000,0.0638,0.0000,0.0373,0.0023,0.0000,0.0000,0.0341,0.0000,0.0000,0.0000,0.0042,;4,1,2,0,0,0,0,0,0,0,0,;0.0854;3;3;818400;3.00;
3DPZKFEUURUGTQUQB4SOUUG5ZFPI4V.png;0.0719,0.0186,0.0224,0.0054,0.0000,0.2787,0.0000,0.0161,0.0434,0.0000,0.0000,0.0000,0.0000,0.0000,0.0000,0.0000,;5,0,1,0,0,0,0,0,0,0,0,;0.0652;2;2;545600;2.00;
3DPZKFEUVSIPT2ERNEAT4GS1UAKI44.png;0.2024,0.3329,0.1948,0.1456,0.0000,0.1241,0.0000,0.1138,0.0478,0.0000,0.0000,0.1013,0.0000,0.0000,0.0000,0.1013,;3,5,0,1,0,0,0,0,0,0,0,;0.1515;3;3;818400;3.00;
3DXFGU9SKN7P79WJOTN6EK4MLG3EXS.png;0.1220,0.0640,0.0499,0.0475,0.0000,0.0096,0.0000,0.0098,0.0240,0.0000,0.0000,0.0240,0.0000,0.0000,0.0000,0.0000,;5,1,0,0,0,0,0,0,0,0,0,;0.0438;4;4;1091200;4.00;
3DXFGU9SKNVTS8DGXQ8KL6UJIRCXE8.png;0.0326,0.0059,0.0152,0.0371,0.0000,0.0757,0.0000,0.4689,0.0211,0.0000,0.0000,0.1496,0.0000,0.0000,0.0000,0.0000,;5,1,0,0,1,0,0,0,0,0,0,;0.1008;2;2;545600;2.00;
3DXFGU9SLODY46WA7XIQCVBUTMKEXQ.png;0.2407,0.2733,0.0542,0.0196,0.0000,0.0000,0.0000,0.0000,0.0000,0.0000,0.0000,0.0000,0.0000,0.0000,0.0000,0.0000,;2,0,2,0,0,0,0,0,0,0,0,;0.1470;2;2;545600;2.00;
3E9JM64F23SDM8DQUQW3OKIR1A0NP8.png;0.1588,0.0000,0.0000,0.1565,0.0000,0.0000,0.0000,0.1564,0.0000,0.0000,0.0000,0.0553,0.0000,0.0000,0.0000,0.0324,;2,3,0,0,0,0,0,0,0,0,0,;0.1119;3;2;545600;1.50;
3EGCY5R6XYZQLTGPWNN8D6V7K3JYA2.png;0.1579,0.2591,0.1657,0.1876,0.0000,0.1982,0.0000,0.2114,0.1312,0.0000,0.0000,0.1443,0.0000,0.0000,0.0000,0.0778,;1,6,2,0,0,0,0,0,0,0,0,;0.1704;4;2;545600;4.00;
3EJ1F91ANSU6O8N3S3NGZ4GVCA2IZW.png;0.0897,0.0517,0.0000,0.0000,0.0000,0.0090,0.0000,0.0171,0.0000,0.0000,0.0000,0.0000,0.0000,0.0000,0.0000,0.0000,;3,0,0,0,0,0,0,0,0,0,0,;0.0419;2;2;545600;2.00;
3EOZAW7619J5YKCNUIDNV84T8098HV.png;0.2909,0.0799,0.2294,0.5378,0.0000,0.1947,0.0000,0.3402,0.0326,0.0000,0.0000,0.4970,0.0000,0.0000,0.0000,0.3080,;2,1,3,1,1,1,0,0,0,0,0,;0.2790;5;4;1091200;2.50;
3EOZAW762AHX3MFSNYKKE4EQ4INH8Q.png;0.0051,0.0081,0.0117,0.0073,0.0000,0.3110,0.0000,0.0296,0.0518,0.0000,0.0000,0.0241,0.0000,0.0000,0.0000,0.0162,;5,0,0,1,0,0,0,0,0,0,0,;0.0517;2;2;545600;2.00;
3ERG9KP7KAETHL286FNRQ00RYLWCHM.png;0.0530,0.0000,0.0037,0.0217,0.0000,0.1243,0.0000,0.1412,0.0738,0.0000,0.0000,0.0355,0.0000,0.0000,0.0000,0.0000,;4,2,0,0,0,0,0,0,0,0,0,;0.0647;3;2;545600;1.50;
3EULM6QNGEDGI0DDZ62WA3R8YV4JXB.png;0.0097,0.0000,0.0000,0.0000,0.0000,0.0276,0.0000,0.0000,0.0280,0.0000,0.0000,0.0000,0.0000,0.0000,0.0000,0.0000,;2,0,0,0,0,0,0,0,0,0,0,;0.0218;2;2;545600;2.00;
3EX6YJ62T6GKTDIQJCCYD4JMD62ZJG.png;0.0910,0.0000,0.0000,0.0000,0.0000,0.0362,0.0000,0.1689,0.0309,0.0000,0.0000,0.1414,0.0000,0.0000,0.0000,0.0000,;3,2,0,0,0,0,0,0,0,0,0,;0.0937;2;2;545600;2.00;
3EXC7SWSR38EV80UNYXZTOBA3ESHT8.png;0.0758,0.0234,0.0023,0.0000,0.0000,0.0622,0.0000,0.0000,0.0608,0.0000,0.0000,0.0000,0.0000,0.0000,0.0000,0.0000,;4,0,0,0,0,0,0,0,0,0,0,;0.0449;3;3;818400;3.00;
3F0Z1FPMUNUP6TOTMH2XGS6T5GJLYU.png;0.0478,0.0534,0.1850,0.2589,0.0000,0.2477,0.0000,0.1135,0.1972,0.0000,0.0000,0.0000,0.0000,0.0000,0.0000,0.0000,;2,3,2,0,0,0,0,0,0,0,0,;0.1576;4;4;1091200;4.00;
3F0Z1FPMUNWB7D1EFV5M6IVBAHELYR.png;0.1038,0.1002,0.1903,0.0563,0.0000,0.1708,0.0000,0.0000,0.0000,0.0000,0.0000,0.0000,0.0000,0.0000,0.0000,0.0000,;3,2,0,0,0,0,0,0,0,0,0,;0.1243;2;2;545600;2.00;
3F12ASV6AWHSTTB7IFZKMVGLLVZM46.png;0.2989,0.3356,0.1248,0.1599,0.0000,0.0000,0.0000,0.0000,0.0000,0.0000,0.0000,0.0000,0.0000,0.0000,0.0000,0.0000,;0,2,1,1,0,0,0,0,0,0,0,;0.2298;2;2;545600;2.00;
3F2SNR5B8MKSI92Q9DG0FV11BKO0HL.png;0.0316,0.0193,0.0131,0.0187,0.0000,0.0196,0.0000,0.0439,0.0000,0.0000,0.0000,0.0000,0.0000,0.0000,0.0000,0.0000,;6,0,0,0,0,0,0,0,0,0,0,;0.0244;2;1;272800;2.00;
3FKD865UZQBJZ4661LLBINGEMFPMUJ.png;0.0892,0.0971,0.0000,0.0000,0.0000,0.0000,0.0000,0.0000,0.0000,0.0000,0.0000,0.0000,0.0000,0.0000,0.0000,0.0000,;2,0,0,0,0,0,0,0,0,0,0,;0.0931;1;1;272800;1.00;
3FKD865UZQBJZ4661LLBINGENHPMUO.png;0.0000,0.0000,0.0000,0.0000,0.0000,0.0000,0.0000,0.0000,0.0000,0.0000,0.0000,0.0000,0.0000,0.0000,0.0000,0.0000,;0,0,0,0,0,0,0,0,0,0,0,;NaN;0;
3FKD865UZQG0HB1FDHAJVT0FL3FMUG.png;0.0775,0.0287,0.0140,0.0000,0.0000,0.0579,0.0000,0.0000,0.0000,0.0000,0.0000,0.0000,0.0000,0.0000,0.0000,0.0000,;4,0,0,0,0,0,0,0,0,0,0,;0.0445;2;2;545600;2.00;
3FOA7RUSUPLLDDXZNITMB1EHL6FPGL.png;0.1462,0.0477,0.0000,0.0000,0.0000,0.0000,0.0000,0.1589,0.0800,0.0000,0.0000,0.0898,0.0000,0.0000,0.0000,0.0000,;3,2,0,0,0,0,0,0,0,0,0,;0.1045;2;1;272800;2.00;
3FQJF6D1R1SUSJ130G368H5I02G92S.png;0.4286,0.2495,0.0000,0.0000,0.0000,0.0170,0.0000,0.0000,0.0000,0.0000,0.0000,0.0000,0.0000,0.0000,0.0000,0.0000,;1,0,1,0,1,0,0,0,0,0,0,;0.2317;2;2;545600;2.00;
3FQJF6D1S2STVEIP11IICRPWDI892M.png;0.2624,0.0000,0.0000,0.0000,0.0000,0.0000,0.0000,0.0000,0.0000,0.0000,0.0000,0.0000,0.0000,0.0000,0.0000,0.0000,;0,0,1,0,0,0,0,0,0,0,0,;0.2624;1;1;272800;1.00;
3G2I6FODBC43UCDM72LBPP8Z9I0L60.png;0.0522,0.0000,0.0000,0.0000,0.0000,0.0000,0.0000,0.0000,0.0000,0.0000,0.0000,0.0000,0.0000,0.0000,0.0000,0.0000,;1,0,0,0,0,0,0,0,0,0,0,;0.0522;1;1;272800;1.00;
3GAR7VLBJNDRH4HH5ZWWCFRBGXZ4Y9.png;0.1809,0.1321,0.1756,0.1345,0.0000,0.3368,0.0000,0.1103,0.2289,0.0000,0.0000,0.0577,0.0000,0.0000,0.0000,0.0159,;2,5,1,1,0,0,0,0,0,0,0,;0.1525;4;4;1091200;4.00;
3GAR7VLBJNEKQVA3XEJQ66MZFEXY4T.png;0.2037,0.0535,0.0330,0.0502,0.0000,0.0000,0.0000,0.0000,0.0000,0.0000,0.0000,0.0000,0.0000,0.0000,0.0000,0.0000,;3,1,0,0,0,0,0,0,0,0,0,;0.0851;1;1;272800;1.00;
3GBCJUK5C2GRHG97MHYVG9NBQMOPK9.png;0.1841,0.2097,0.0539,0.1272,0.0000,0.0568,0.0000,0.0142,0.0000,0.0000,0.0000,0.0000,0.0000,0.0000,0.0000,0.0000,;3,3,0,0,0,0,0,0,0,0,0,;0.1077;3;2;545600;1.50;
3GBCJUK5C2NMDEDWS686X6QI2G8KP3.png;0.0000,0.0000,0.0000,0.0000,0.0000,0.0000,0.0000,0.0000,0.0000,0.0000,0.0000,0.0000,0.0000,0.0000,0.0000,0.0000,;0,0,0,0,0,0,0,0,0,0,0,;NaN;0;
3GC8IVJ10EOCB71QWZ4YFX98VOS9NN.png;0.1211,0.0898,0.3312,0.2724,0.0000,0.2109,0.0000,0.1442,0.0121,0.0000,0.0000,0.1387,0.0000,0.0000,0.0000,0.0758,;3,3,2,1,0,0,0,0,0,0,0,;0.1551;3;3;818400;3.00;
3GRRK9BQWRDBESRD36S5634M392PD9.png;0.0000,0.0000,0.0894,0.1064,0.0000,0.0062,0.0000,0.0097,0.0196,0.0000,0.0000,0.0000,0.0000,0.0000,0.0000,0.0000,;3,0,0,0,0,0,0,0,0,0,0,;0.0463;2;2;545600;2.00;
3GRRK9BQWRPD54OGKFA4YQ8537VPDJ.png;0.1555,0.0015,0.0017,0.0014,0.0000,0.0104,0.0000,0.0087,0.0105,0.0000,0.0000,0.0088,0.0000,0.0000,0.0000,0.0015,;2,1,0,0,0,0,0,0,0,0,0,;0.0222;1;1;272800;1.00;
3GZMSD8U5X9MRGKQIZ546O8UKB695Q.png;0.1283,0.2845,0.3761,0.1518,0.0000,0.0634,0.0000,0.0268,0.0000,0.0000,0.0000,0.0000,0.0000,0.0000,0.0000,0.0000,;2,2,1,1,0,0,0,0,0,0,0,;0.1718;2;2;545600;2.00;
3GZMSD8U5X9MRGKQIZ546O8UKC795T.png;0.1252,0.0887,0.0154,0.3424,0.0000,0.0377,0.0000,0.1046,0.0163,0.0000,0.0000,0.0000,0.0000,0.0000,0.0000,0.0000,;5,1,0,1,0,0,0,0,0,0,0,;0.1043;3;2;545600;1.50;
3GZMSD8U6Y8M82W4VRHXFG1G1IS95R.png;0.1406,0.1494,0.0668,0.0000,0.0000,0.0481,0.0000,0.0000,0.0000,0.0000,0.0000,0.0000,0.0000,0.0000,0.0000,0.0000,;2,2,0,0,0,0,0,0,0,0,0,;0.1012;2;2;545600;2.00;
3H41Q6XMRNJ731MM548PSMBGOYMG2I.png;0.2175,0.1295,0.0950,0.1022,0.0000,0.0127,0.0000,0.0195,0.0000,0.0000,0.0000,0.0000,0.0000,0.0000,0.0000,0.0000,;4,1,1,0,0,0,0,0,0,0,0,;0.0961;3;2;545600;1.50;
3H41Q6XMRNUCK2PCFPR6Y35LJFT2GW.png;0.0000,0.0696,0.0190,0.0000,0.0000,0.0238,0.0000,0.0000,0.0126,0.0000,0.0000,0.0000,0.0000,0.0000,0.0000,0.0000,;4,0,0,0,0,0,0,0,0,0,0,;0.0313;1;1;272800;1.00;
3H5CSD5832HNKRNN8SDJ6TWED17E80.png;0.1122,0.1605,0.0987,0.0901,0.0000,0.3801,0.0000,0.0796,0.2304,0.0000,0.0000,0.0142,0.0000,0.0000,0.0000,0.0384,;5,2,1,1,0,0,0,0,0,0,0,;0.1338;3;3;818400;3.00;
3H5CSD5832HNKRNN8SDJ6TWL583E8G.png;0.0763,0.0089,0.0000,0.0000,0.0000,0.0067,0.0000,0.0000,0.0246,0.0000,0.0000,0.0000,0.0000,0.0000,0.0000,0.0000,;2,0,0,0,0,0,0,0,0,0,0,;0.0291;1;1;272800;1.00;
3HBZ8AD97D3GZ7VEBIN9M1728BDNN9.png;0.1041,0.0000,0.0110,0.0000,0.0000,0.1288,0.0000,0.1155,0.1288,0.0000,0.0000,0.1181,0.0000,0.0000,0.0000,0.0000,;2,4,0,0,0,0,0,0,0,0,0,;0.1011;5;3;818400;2.50;
3HBZ8AD97D3GZ7VEBIN9M18U9EHNN5.png;0.0785,0.1022,0.0700,0.0792,0.0000,0.0885,0.0000,0.1202,0.0084,0.0000,0.0000,0.0035,0.0000,0.0000,0.0000,0.0043,;5,1,0,0,0,0,0,0,0,0,0,;0.0617;6;6;1636800;6.00;
3HL3WX653BXN6QCFW6M6ATC7KPGPQT.png;0.3191,0.0000,0.0550,0.0945,0.0000,0.0479,0.0000,0.0736,0.0436,0.0000,0.0000,0.0692,0.0000,0.0000,0.0000,0.0662,;7,0,0,1,0,0,0,0,0,0,0,;0.0962;1;1;272800;1.00;
3HQI26VRPRS5H4RSBPY2KOCMRQ13R0.png;0.0610,0.0006,0.0011,0.0015,0.0000,0.1193,0.0000,0.1148,0.0000,0.0000,0.0000,0.0000,0.0000,0.0000,0.0000,0.0000,;1,2,0,0,0,0,0,0,0,0,0,;0.0497;3;2;545600;1.50;
3HVLA9UQN4GKVQOHDHMDH1A7KETU66.png;0.1880,0.1841,0.1196,0.1427,0.0000,0.0519,0.0000,0.0485,0.0000,0.0000,0.0000,0.0548,0.0000,0.0000,0.0000,0.0028,;3,4,0,0,0,0,0,0,0,0,0,;0.0990;4;4;1091200;4.00;
3HYDIS22CWMMEZBE3G64NG7ZMZON5V.png;0.3768,0.0826,0.0221,0.0227,0.0000,0.0074,0.0000,0.0000,0.0085,0.0000,0.0000,0.0000,0.0000,0.0000,0.0000,0.0000,;3,0,0,1,0,0,0,0,0,0,0,;0.0867;1;1;272800;1.00;
3HYDIS22DXJRRCQBI3AE9ELUHK15NC.png;0.0627,0.0000,0.0000,0.0000,0.0000,0.0019,0.0000,0.0000,0.0956,0.0000,0.0000,0.0507,0.0000,0.0000,0.0000,0.0613,;4,0,0,0,0,0,0,0,0,0,0,;0.0544;3;1;272800;3.00;
3I21NMEA63DY0BA82BXKKSLPMBYSHT.png;0.2602,0.2673,0.2198,0.0784,0.0000,0.0341,0.0000,0.0222,0.0098,0.0000,0.0000,0.0083,0.0000,0.0000,0.0000,0.0844,;4,0,3,0,0,0,0,0,0,0,0,;0.1094;3;3;818400;3.00;
3I21NMEA63DY0BA82BXKKSLPMBYSHT_1.png;0.3471,0.1810,0.4598,0.2645,0.0000,0.1533,0.0000,0.0743,0.0320,0.0000,0.0000,0.0343,0.0000,0.0000,0.0000,0.0546,;4,2,1,1,1,0,0,0,0,0,0,;0.1779;4;4;1091200;4.00;
3I21NMEA63DY0BA82BXKKSLPMBYSHT_2.png;0.3152,0.2404,0.2386,0.2076,0.0000,0.0833,0.0000,0.0554,0.0154,0.0000,0.0000,0.0230,0.0000,0.0000,0.0000,0.0208,;5,1,2,1,0,0,0,0,0,0,0,;0.1333;4;4;1091200;4.00;
3I3RVCR3FK2XEB4GMX9G7IJ2RLH6XI.png;0.1038,0.0000,0.0000,0.0213,0.0000,0.0000,0.0000,0.0000,0.0075,0.0000,0.0000,0.0713,0.0000,0.0000,0.0000,0.0000,;3,0,0,0,0,0,0,0,0,0,0,;0.0510;2;1;272800;2.00;
3I5ZXD44IULX7AZS354F5V5W46GJCA.png;0.0795,0.0000,0.0000,0.0000,0.0000,0.0384,0.0000,0.0276,0.0182,0.0000,0.0000,0.0516,0.0000,0.0000,0.0000,0.0118,;6,0,0,0,0,0,0,0,0,0,0,;0.0378;3;2;545600;1.50;
3I5ZXD44JV69M8DWVE4I5ER80XVCJX.png;0.0599,0.0030,0.0024,0.0023,0.0000,0.1057,0.0000,0.1011,0.0253,0.0000,0.0000,0.0231,0.0000,0.0000,0.0000,0.0000,;5,0,0,0,0,0,0,0,0,0,0,;0.0404;3;2;545600;1.50;
3I5ZXD44JV69M8DWVE4I5ER80XVCJX_1.png;0.1545,0.0056,0.0066,0.0052,0.0000,0.0875,0.0000,0.1209,0.0052,0.0000,0.0000,0.0327,0.0000,0.0000,0.0000,0.0000,;2,2,0,0,0,0,0,0,0,0,0,;0.0523;3;2;545600;1.50;
3I5ZXD44JV69M8DWVE4I5ER80XVCJX_2.png;0.0890,0.0068,0.0028,0.0022,0.0000,0.1005,0.0000,0.1155,0.0259,0.0000,0.0000,0.0260,0.0000,0.0000,0.0000,0.0000,;4,1,0,0,0,0,0,0,0,0,0,;0.0461;3;2;545600;1.50;
3I5ZXD44JVHG9J4AOHWFS96B5XBJCP.png;0.0362,0.0091,0.0276,0.0373,0.0000,0.1307,0.0000,0.1078,0.0028,0.0000,0.0000,0.0108,0.0000,0.0000,0.0000,0.0000,;5,1,0,0,0,0,0,0,0,0,0,;0.0453;2;1;272800;2.00;
3ID43DSF5JBJ2SZGW2H8HR9RGRT5G5.png;0.0222,0.0421,0.0158,0.0000,0.0000,0.0737,0.0000,0.0000,0.0000,0.0000,0.0000,0.0000,0.0000,0.0000,0.0000,0.0000,;4,0,0,0,0,0,0,0,0,0,0,;0.0384;2;2;545600;2.00;
3IE95L92ROOBGIB0W5PPNWUUL5E7M3.png;0.0680,0.0000,0.0000,0.0000,0.0000,0.0000,0.0000,0.0000,0.0000,0.0000,0.0000,0.0000,0.0000,0.0000,0.0000,0.0000,;1,0,0,0,0,0,0,0,0,0,0,;0.0680;1;1;272800;1.00;
3IOQH27Z2E4FFLJVR8TNNB4HIMC1IN.png;0.2759,0.0000,0.0000,0.0000,0.0000,0.0000,0.0000,0.0000,0.0677,0.0000,0.0000,0.3526,0.0000,0.0000,0.0000,0.0272,;2,0,1,1,0,0,0,0,0,0,0,;0.1808;2;1;272800;2.00;
3IR329NZ7YGB0BGT612CO4BTUIW2K0.png;0.0000,0.0000,0.0000,0.0000,0.0000,0.0000,0.0000,0.0000,0.0000,0.0000,0.0000,0.0000,0.0000,0.0000,0.0000,0.0000,;0,0,0,0,0,0,0,0,0,0,0,;NaN;0;
3IRUE3ZCDH3J5468JOOGJ1Y2ZWZIC5.png;0.2048,0.2649,0.0561,0.0000,0.0000,0.0964,0.0000,0.0299,0.0304,0.0000,0.0000,0.3010,0.0000,0.0000,0.0000,0.1468,;4,2,2,0,0,0,0,0,0,0,0,;0.1413;4;2;545600;4.00;
3IXQCB6XI8S61DI53P5ICGI2I9BTIR.png;0.2094,0.2626,0.1535,0.1114,0.0000,0.1489,0.0000,0.1220,0.1374,0.0000,0.0000,0.0934,0.0000,0.0000,0.0000,0.0375,;2,6,1,0,0,0,0,0,0,0,0,;0.1418;4;4;1091200;4.00;
3J06FGISLU272UJU8S9F5O38AK5K50.png;0.0572,0.0000,0.0000,0.0000,0.0000,0.1133,0.0000,0.1995,0.0881,0.0000,0.0000,0.1390,0.0000,0.0000,0.0000,0.0000,;2,3,0,0,0,0,0,0,0,0,0,;0.1194;2;2;545600;2.00;
3J06FGISMVRO4EVZMT2NFJ1KME95KI.png;0.1324,0.0353,0.0751,0.0000,0.0000,0.1055,0.0000,0.0000,0.0000,0.0000,0.0000,0.0000,0.0000,0.0000,0.0000,0.0000,;3,1,0,0,0,0,0,0,0,0,0,;0.0871;2;2;545600;2.00;
3J567DP9LLBDQUW0322ZJ0FWFWZFPB.png;0.1586,0.0230,0.1428,0.1654,0.0000,0.0796,0.0000,0.0686,0.0330,0.0000,0.0000,0.1167,0.0000,0.0000,0.0000,0.0104,;5,4,0,0,0,0,0,0,0,0,0,;0.0887;4;2;545600;2.00;
3J5HEGTZRLQ9SE8SW9LZS2A15OXGGI.png;0.0000,0.0000,0.0000,0.0000,0.0000,0.0000,0.0000,0.0000,0.0000,0.0000,0.0000,0.0000,0.0000,0.0000,0.0000,0.0000,;0,0,0,0,0,0,0,0,0,0,0,;NaN;0;
3JCELWMC4PY7J05E7LXQXNDWO6Y3V4.png;0.1292,0.0000,0.0000,0.0000,0.0000,0.0918,0.0000,0.0919,0.0540,0.0000,0.0000,0.0564,0.0000,0.0000,0.0000,0.0000,;4,1,0,0,0,0,0,0,0,0,0,;0.0847;3;2;545600;1.50;
3JG2O8WUZH7UTHWSYCP6CNBWVH79WZ.png;0.0595,0.0064,0.0054,0.0073,0.0000,0.0482,0.0000,0.0771,0.0292,0.0000,0.0000,0.0000,0.0000,0.0000,0.0000,0.0000,;4,0,0,0,0,0,0,0,0,0,0,;0.0333;3;2;545600;1.50;
3JGBBKK855Q5HY1J6RVO56S97I9J0I.png;0.1336,0.0722,0.0176,0.0256,0.0000,0.0000,0.0000,0.0000,0.0000,0.0000,0.0000,0.0000,0.0000,0.0000,0.0000,0.0000,;3,1,0,0,0,0,0,0,0,0,0,;0.0622;2;2;545600;2.00;
3JGLGV9D6KL86TQHYYZCMI0V13JD5Y.png;0.0275,0.0267,0.0000,0.0090,0.0000,0.0633,0.0000,0.0489,0.0259,0.0000,0.0000,0.0000,0.0000,0.0000,0.0000,0.0000,;5,0,0,0,0,0,0,0,0,0,0,;0.0335;2;1;272800;2.00;
3JT4BYK2Y4IL1Z22PAHP7P5PI0U2WH.png;0.0678,0.0000,0.0000,0.0000,0.0000,0.0000,0.0000,0.0000,0.0000,0.0000,0.0000,0.0000,0.0000,0.0000,0.0000,0.0000,;1,0,0,0,0,0,0,0,0,0,0,;0.0678;1;1;272800;1.00;
3K0G5SYN9K0M6D335K10A1FE8RM8MU.png;0.2754,0.4281,0.2104,0.2261,0.0000,0.1277,0.0000,0.1953,0.0421,0.0000,0.0000,0.0622,0.0000,0.0000,0.0000,0.0008,;2,2,3,0,1,0,0,0,0,0,0,;0.1742;5;5;1364000;5.00;
3K0G5SYNALYS7SB8UL3I5RQZNM3M85.png;0.0682,0.1899,0.1728,0.1298,0.0000,0.3189,0.0000,0.2291,0.1794,0.0000,0.0000,0.1253,0.0000,0.0000,0.0000,0.0318,;2,5,1,1,0,0,0,0,0,0,0,;0.1606;5;5;1364000;5.00;
3K0T7FOBIJOUXM7ZLBPJYBSGQYWM14.png;0.0663,0.0389,0.0451,0.0000,0.0000,0.1807,0.0000,0.0276,0.0445,0.0000,0.0000,0.0280,0.0000,0.0000,0.0000,0.0000,;6,1,0,0,0,0,0,0,0,0,0,;0.0616;2;2;545600;2.00;
3K27O5FVBZ6Y1U1OKHZVRLOYVIWW5C.png;0.1100,0.0489,0.0397,0.0476,0.0000,0.0165,0.0000,0.0176,0.0141,0.0000,0.0000,0.0138,0.0000,0.0000,0.0000,0.0103,;8,1,0,0,0,0,0,0,0,0,0,;0.0354;4;4;1091200;4.00;
3K3X4GGOSLN6JKEE0NBXYD5PSA6MC7.png;0.3108,0.0000,0.1689,0.0815,0.0000,0.1394,0.0000,0.0656,0.0000,0.0000,0.0000,0.0000,0.0000,0.0000,0.0000,0.0052,;2,2,0,1,0,0,0,0,0,0,0,;0.1286;3;3;818400;3.00;
3K3X4GGOSLN6JKEE0NBXYD5PV12MCO.png;0.2815,0.1348,0.1159,0.0000,0.0000,0.0981,0.0000,0.0000,0.0000,0.0000,0.0000,0.0000,0.0000,0.0000,0.0000,0.0000,;1,2,1,0,0,0,0,0,0,0,0,;0.1576;1;1;272800;1.00;
3K3X4GGOSLN9WHITSDB41LMDI6SMCK.png;0.0000,0.0000,0.0000,0.0000,0.0000,0.0000,0.0000,0.1812,0.0000,0.0000,0.0000,0.1253,0.0000,0.0000,0.0000,0.0000,;0,2,0,0,0,0,0,0,0,0,0,;0.1533;1;1;272800;1.00;
3K9T2ON9ZE5ORLPELXZMHUO84LJMTT.png;0.1352,0.1361,0.0000,0.0000,0.0000,0.0000,0.0000,0.0608,0.0000,0.0000,0.0000,0.0615,0.0000,0.0000,0.0000,0.0000,;2,2,0,0,0,0,0,0,0,0,0,;0.0984;2;2;545600;2.00;
3KNJI1FZ8L912486RAFQQV3ZEP6NQU.png;0.1909,0.2234,0.3261,0.0523,0.0000,0.4590,0.0000,0.1260,0.0669,0.0000,0.0000,0.0583,0.0000,0.0000,0.0000,0.0070,;3,2,1,1,1,0,0,0,0,0,0,;0.1678;4;4;1091200;4.00;
3L4EWVFWCZFLPLXQZ7MWBK7MU2X9OK.png;0.1723,0.1470,0.0000,0.0000,0.0000,0.0000,0.0000,0.0000,0.0000,0.0000,0.0000,0.0000,0.0000,0.0000,0.0000,0.0000,;0,2,0,0,0,0,0,0,0,0,0,;0.1596;1;1;272800;1.00;
3L8V324VIV0JU2BOPG7PUH68F6NF91.png;0.0097,0.0000,0.0000,0.0000,0.0000,0.0000,0.0000,0.0000,0.0000,0.0000,0.0000,0.0000,0.0000,0.0000,0.0000,0.0000,;0,0,0,0,0,0,0,0,0,0,0,;0.0097;1;1;272800;1.00;
3L8V324VIVQEQ524CR2N49U2T8GF9N.png;0.0963,0.0589,0.0717,0.2056,0.0000,0.1529,0.0000,0.2503,0.0475,0.0000,0.0000,0.1096,0.0000,0.0000,0.0000,0.0457,;6,2,1,0,0,0,0,0,0,0,0,;0.1154;3;2;545600;1.50;
3LBF4GRVWQC3B97WPKKEJO5WDODDDG.png;0.0099,0.0000,0.0000,0.0000,0.0000,0.0276,0.0000,0.0000,0.0280,0.0000,0.0000,0.0000,0.0000,0.0000,0.0000,0.0000,;2,0,0,0,0,0,0,0,0,0,0,;0.0219;2;2;545600;2.00;
3LBF4GRVWQSB1V8AOKNI47EZJYMDDE.png;0.1380,0.0634,0.0544,0.0402,0.0000,0.3987,0.0000,0.3955,0.2332,0.0000,0.0000,0.2275,0.0000,0.0000,0.0000,0.0493,;4,1,2,2,0,0,0,0,0,0,0,;0.1778;4;2;545600;4.00;
3LCM1J6T1CTW3PUN949YD9G6A99CYC.png;0.0492,0.0000,0.0994,0.0000,0.0000,0.1598,0.0000,0.0000,0.0273,0.0000,0.0000,0.0000,0.0000,0.0000,0.0000,0.0000,;3,1,0,0,0,0,0,0,0,0,0,;0.0839;2;2;545600;2.00;
3LE9INWSFWFC7U06C7E8H83VJHH0ML.png;0.0000,0.0000,0.0476,0.1057,0.0000,0.0204,0.0000,0.0150,0.0101,0.0000,0.0000,0.0000,0.0000,0.0000,0.0000,0.0000,;5,0,0,0,0,0,0,0,0,0,0,;0.0398;2;2;545600;2.00;
3LJE53CC7VYWE1O3MIQ180XM33HESQ.png;0.0456,0.0000,0.0361,0.0964,0.0000,0.0332,0.0000,0.0314,0.0212,0.0000,0.0000,0.0186,0.0000,0.0000,0.0000,0.0000,;7,0,0,0,0,0,0,0,0,0,0,;0.0404;2;1;272800;2.00;
3LLXQSS3GH7EI0TIBFCZBVHJUIM2FF.png;0.0000,0.0000,0.0000,0.3625,0.0000,0.0408,0.0000,0.6085,0.0414,0.0000,0.0000,0.2796,0.0000,0.0000,0.0000,0.0000,;2,0,1,1,0,1,0,0,0,0,0,;0.2665;3;3;818400;3.00;
3LLXQSS3GH7EI0TIBFCZBVHJURL2FW.png;0.0000,0.0000,0.0000,0.3514,0.0000,0.0455,0.0000,0.6003,0.0461,0.0000,0.0000,0.2655,0.0000,0.0000,0.0000,0.0000,;2,0,1,1,0,1,0,0,0,0,0,;0.2618;3;3;818400;3.00;
3LV0310AAZ0POAIRABRDV0CJ4TWKD9.png;0.1351,0.1447,0.0917,0.0000,0.0000,0.0658,0.0000,0.0458,0.0000,0.0000,0.0000,0.0464,0.0000,0.0000,0.0000,0.0000,;4,2,0,0,0,0,0,0,0,0,0,;0.0883;3;3;818400;3.00;
3LV0310AAZ5BVL06B1AU1YGZUNKDKM.png;0.0000,0.0000,0.0000,0.0000,0.0000,0.0000,0.0000,0.0000,0.0000,0.0000,0.0000,0.0000,0.0000,0.0000,0.0000,0.0000,;0,0,0,0,0,0,0,0,0,0,0,;NaN;0;
3LV0310AAZ5BVL06B1AU1YGZUNKDKM_1.png;0.0514,0.0137,0.0152,0.0150,0.0000,0.2345,0.0000,0.2432,0.0000,0.0000,0.0000,0.0000,0.0000,0.0000,0.0000,0.0000,;4,0,2,0,0,0,0,0,0,0,0,;0.0955;2;1;272800;2.00;
3LV0310AAZ5BVL06B1AU1YGZUNKDKM_2.png;0.0333,0.0139,0.0143,0.0122,0.0000,0.2219,0.0000,0.1668,0.0000,0.0000,0.0000,0.0248,0.0000,0.0000,0.0000,0.0000,;5,1,1,0,0,0,0,0,0,0,0,;0.0696;2;1;272800;2.00;
3LV0310AAZ7UO39UCWLZNYY1B3BDKS.png;0.1612,0.0060,0.0197,0.0878,0.0000,0.1621,0.0000,0.1412,0.0821,0.0000,0.0000,0.0503,0.0000,0.0000,0.0000,0.0000,;4,3,0,0,0,0,0,0,0,0,0,;0.0888;3;2;545600;1.50;
3LV0310AB0FIJI1LDLADGNAZ3BMKDF.png;0.1807,0.1421,0.2081,0.0915,0.0000,0.3115,0.0000,0.3181,0.2467,0.0000,0.0000,0.1843,0.0000,0.0000,0.0000,0.0269,;2,4,1,2,0,0,0,0,0,0,0,;0.1900;4;4;1091200;4.00;
3LV0310AB0LE2KPSDVZ5QZ931M3DKU.png;0.0633,0.0795,0.0583,0.0000,0.0000,0.0466,0.0000,0.0124,0.0272,0.0000,0.0000,0.0000,0.0000,0.0000,0.0000,0.0000,;6,0,0,0,0,0,0,0,0,0,0,;0.0479;3;3;818400;3.00;
3M35MA94IX9MX6PXAQCG5JTOJ1HNO3.png;0.1178,0.2919,0.2449,0.1927,0.0000,0.2652,0.0000,0.1440,0.1490,0.0000,0.0000,0.0021,0.0000,0.0000,0.0000,0.0000,;0,4,3,0,0,0,0,0,0,0,0,;0.1760;4;4;1091200;4.00;
3M6KHLIXGO95W4HFFOS373KMUDHIRT.png;0.0934,0.0485,0.0399,0.0554,0.0000,0.0000,0.0000,0.0539,0.0000,0.0000,0.0000,0.0588,0.0000,0.0000,0.0000,0.0119,;7,0,0,0,0,0,0,0,0,0,0,;0.0517;4;3;818400;2.00;
3ME56J5KH09H8MTADW07EI1HZMYC6P.png;0.0496,0.0000,0.0000,0.0000,0.0000,0.0234,0.0000,0.0020,0.0000,0.0000,0.0000,0.0000,0.0000,0.0000,0.0000,0.0000,;2,0,0,0,0,0,0,0,0,0,0,;0.0250;1;1;272800;1.00;
3ME56J5KH0A6OHM7NB7LNJZ2KW86CO.png;0.1038,0.0000,0.1082,0.0044,0.0000,0.0465,0.0000,0.0371,0.0125,0.0000,0.0000,0.0472,0.0000,0.0000,0.0000,0.0144,;7,0,0,0,0,0,0,0,0,0,0,;0.0468;3;1;272800;3.00;
3MGKBFT74NRL5KAEINTLHYIV1ONSJ5.png;0.0756,0.0000,0.0000,0.0000,0.0000,0.0000,0.0000,0.0000,0.0000,0.0000,0.0000,0.0000,0.0000,0.0000,0.0000,0.0000,;1,0,0,0,0,0,0,0,0,0,0,;0.0756;1;1;272800;1.00;
3MHMBB6SGFYXPF5WOO57T0Y1YOLKW9.png;0.0680,0.0130,0.0000,0.0000,0.0000,0.0601,0.0000,0.0000,0.0608,0.0000,0.0000,0.0000,0.0000,0.0000,0.0000,0.0000,;4,0,0,0,0,0,0,0,0,0,0,;0.0505;3;3;818400;3.00;
3MK14RC5NS9WDGLCZVLGWCZQJ24T6G.png;0.0281,0.0255,0.0349,0.0289,0.0000,0.0544,0.0000,0.0538,0.0135,0.0000,0.0000,0.0203,0.0000,0.0000,0.0000,0.0000,;8,0,0,0,0,0,0,0,0,0,0,;0.0324;3;3;818400;3.00;
3MK14RC5NS9WDGLCZVLGWCZQJ2BT6N.png;0.0778,0.0101,0.0116,0.0239,0.0000,0.0011,0.0000,0.0001,0.0000,0.0000,0.0000,0.0000,0.0000,0.0000,0.0000,0.0000,;4,0,0,0,0,0,0,0,0,0,0,;0.0208;2;1;272800;2.00;
3MKP0VNPL180YVBEBVOO0GDECBIJRU.png;0.1306,0.1756,0.0000,0.0000,0.0000,0.0000,0.0000,0.0608,0.0000,0.0000,0.0000,0.0615,0.0000,0.0000,0.0000,0.0000,;2,2,0,0,0,0,0,0,0,0,0,;0.1072;2;2;545600;2.00;
3MNPSGWWOQV9GBTQIUTZ7HIZXBCPUY.png;0.2045,0.1404,0.0047,0.0665,0.0000,0.0166,0.0000,0.0341,0.0164,0.0000,0.0000,0.0000,0.0000,0.0000,0.0000,0.0000,;4,2,0,0,0,0,0,0,0,0,0,;0.0690;2;2;545600;2.00;
3MNYFQMXON9G1T2C2HOQSK4JSIPY01.png;0.0490,0.0269,0.0000,0.0000,0.0000,0.0000,0.0000,0.0000,0.0000,0.0000,0.0000,0.0000,0.0000,0.0000,0.0000,0.0000,;2,0,0,0,0,0,0,0,0,0,0,;0.0379;1;1;272800;1.00;
3MQJWSYXNGSYPF0J90X7JRB4GS9O5U.png;0.1114,0.0000,0.0000,0.0000,0.0000,0.0000,0.0000,0.0000,0.0000,0.0000,0.0000,0.0000,0.0000,0.0000,0.0000,0.0000,;0,1,0,0,0,0,0,0,0,0,0,;0.1114;1;1;272800;1.00;
3MQJWSYXOHGDXJ3GAF96UH2KF625OC.png;0.0000,0.0000,0.0000,0.0000,0.0000,0.0000,0.0000,0.0000,0.0000,0.0000,0.0000,0.0000,0.0000,0.0000,0.0000,0.0000,;0,0,0,0,0,0,0,0,0,0,0,;NaN;0;
3MXFP9RGE565H89AY0KXMF94YTQB2U.png;0.1900,0.0130,0.0076,0.0088,0.0000,0.1588,0.0000,0.2364,0.0812,0.0000,0.0000,0.2370,0.0000,0.0000,0.0000,0.0186,;3,2,2,0,0,0,0,0,0,0,0,;0.1057;4;2;545600;4.00;
3MXFP9RGE565SQ20JA2GC60T4U4B22.png;0.0506,0.0131,0.0000,0.0000,0.0000,0.0000,0.0000,0.0000,0.0000,0.0000,0.0000,0.0000,0.0000,0.0000,0.0000,0.0000,;2,0,0,0,0,0,0,0,0,0,0,;0.0318;1;1;272800;1.00;
3N9FD9XF48K5Z4R4YKZ4XC3B2YYEVL.png;0.0097,0.0000,0.0000,0.0000,0.0000,0.0677,0.0000,0.0000,0.0285,0.0000,0.0000,0.0000,0.0000,0.0000,0.0000,0.0000,;2,0,0,0,0,0,0,0,0,0,0,;0.0353;1;1;272800;1.00;
3NAD71TD8V1W7T0ET8V40F6WWDIL2U.png;0.1061,0.0598,0.3950,0.3646,0.0000,0.3351,0.0000,0.1700,0.0814,0.0000,0.0000,0.1050,0.0000,0.0000,0.0000,0.0298,;5,1,0,3,0,0,0,0,0,0,0,;0.1830;3;3;818400;3.00;
3NCF7G1XJIORLK6VK0UD85LOJVCNAC.png;0.0000,0.0000,0.2081,0.0308,0.0000,0.0601,0.0000,0.2043,0.0000,0.0000,0.0000,0.1037,0.0000,0.0000,0.0000,0.0000,;3,2,0,0,0,0,0,0,0,0,0,;0.1214;2;2;545600;2.00;
3NCF7G1XKJPJCCJPOHEQSUA1GNWANP.png;0.0037,0.0000,0.0000,0.0000,0.0000,0.0000,0.0000,0.0006,0.0000,0.0000,0.0000,0.0000,0.0000,0.0000,0.0000,0.0000,;0,0,0,0,0,0,0,0,0,0,0,;0.0021;1;1;272800;1.00;
3NCF7G1XKJPJCCJPOHEQSUA1GNWANP_1.png;0.0727,0.0041,0.0000,0.0000,0.0000,0.0153,0.0000,0.0245,0.0123,0.0000,0.0000,0.0212,0.0000,0.0000,0.0000,0.0000,;5,0,0,0,0,0,0,0,0,0,0,;0.0250;1;1;272800;1.00;
3NCF7G1XKJPJCCJPOHEQSUA1GNWANP_2.png;0.0287,0.0022,0.0000,0.0000,0.0000,0.0000,0.0000,0.0000,0.0000,0.0000,0.0000,0.0000,0.0000,0.0000,0.0000,0.0000,;1,0,0,0,0,0,0,0,0,0,0,;0.0154;1;1;272800;1.00;
3NE6EBGK47BU93BYGGU8IB2LO7NE35.png;0.0694,0.0000,0.0000,0.0000,0.0000,0.0000,0.0000,0.0000,0.0000,0.0000,0.0000,0.0000,0.0000,0.0000,0.0000,0.0000,;1,0,0,0,0,0,0,0,0,0,0,;0.0694;1;1;272800;1.00;
3NJ4SYXGOJ3OVMOHUVEMN5U7Y2PBNN.png;0.0000,0.0000,0.0000,0.0000,0.0000,0.0000,0.0000,0.1014,0.0000,0.0000,0.0000,0.1351,0.0000,0.0000,0.0000,0.0000,;1,1,0,0,0,0,0,0,0,0,0,;0.1182;1;1;272800;1.00;
3NJ4SYXGOJ3OVMOHUVEMN5U7YYPBNF.png;0.0017,0.0000,0.0000,0.0000,0.0000,0.0057,0.0000,0.0086,0.0049,0.0000,0.0000,0.0097,0.0000,0.0000,0.0000,0.0400,;1,0,0,0,0,0,0,0,0,0,0,;0.0118;1;1;272800;1.00;
3NJ4SYXGOJNVJBRMT3TGCL1CL9UBNQ.png;0.1832,0.2719,0.1257,0.0664,0.0000,0.1714,0.0000,0.0948,0.0825,0.0000,0.0000,0.0000,0.0000,0.0000,0.0000,0.0000,;3,3,1,0,0,0,0,0,0,0,0,;0.1423;3;3;818400;3.00;
3NVVDJT9G6OIY2RUWWJCMM9P5JCPXO.png;0.1964,0.1291,0.1945,0.1423,0.0000,0.1233,0.0000,0.0182,0.0003,0.0000,0.0000,0.0000,0.0000,0.0000,0.0000,0.0000,;1,5,0,0,0,0,0,0,0,0,0,;0.1149;5;5;1364000;5.00;
3NXBKB5598TPF5MRSRS8QPZELKSL9C.png;0.0430,0.0280,0.1443,0.0686,0.0000,0.2436,0.0000,0.0652,0.1819,0.0000,0.0000,0.0447,0.0000,0.0000,0.0000,0.0000,;5,2,1,0,0,0,0,0,0,0,0,;0.1024;3;3;818400;3.00;
3O5YJYPUSW7TWBM6KNWM44WLFH8KON.png;0.0812,0.0923,0.0000,0.0000,0.0000,0.0000,0.0000,0.0000,0.0227,0.0000,0.0000,0.0000,0.0000,0.0000,0.0000,0.0000,;3,0,0,0,0,0,0,0,0,0,0,;0.0654;2;2;545600;2.00;
3O73QR1UY8O4VXGQ4UMU1W2GKFC94M.png;0.1532,0.0000,0.0000,0.0000,0.0000,0.0163,0.0000,0.0056,0.0035,0.0000,0.0000,0.0004,0.0000,0.0000,0.0000,0.0000,;1,1,0,0,0,0,0,0,0,0,0,;0.0358;1;1;272800;1.00;
3O73QR1UY8O4VXGQ4UMU1W2GKGC94O.png;0.0887,0.0000,0.0000,0.0000,0.0000,0.0327,0.0000,0.0276,0.0048,0.0000,0.0000,0.0044,0.0000,0.0000,0.0000,0.0000,;3,0,0,0,0,0,0,0,0,0,0,;0.0316;2;2;545600;2.00;
3OBCKNXF1ZHFXL8XUNXW3AYWZX5J3K.png;0.1061,0.0598,0.3953,0.3646,0.0000,0.3364,0.0000,0.1700,0.0845,0.0000,0.0000,0.1050,0.0000,0.0000,0.0000,0.0298,;5,1,0,3,0,0,0,0,0,0,0,;0.1835;3;3;818400;3.00;
3OJGK8O6MRNHZCTYHMEFS503K2OL5K.png;0.0764,0.0177,0.0187,0.0248,0.0000,0.0550,0.0000,0.0550,0.0000,0.0000,0.0000,0.0000,0.0000,0.0000,0.0000,0.0000,;6,0,0,0,0,0,0,0,0,0,0,;0.0413;3;2;545600;1.50;
3OQEO5BIM1SME8SFQJ108NKG2ZKU9F.png;0.0317,0.0442,0.0315,0.0338,0.0000,0.1302,0.0000,0.1225,0.0453,0.0000,0.0000,0.0476,0.0000,0.0000,0.0000,0.0034,;6,2,0,0,0,0,0,0,0,0,0,;0.0545;2;1;272800;2.00;
3OQEO5BIM1SME8SFQJ108NKG2ZKU9F_1.png;0.0438,0.0243,0.0456,0.0306,0.0000,0.2263,0.0000,0.1068,0.1283,0.0000,0.0000,0.0108,0.0000,0.0000,0.0000,0.0000,;6,1,1,0,0,0,0,0,0,0,0,;0.0771;3;2;545600;1.50;
3OQEO5BIM1SME8SFQJ108NKG2ZKU9F_2.png;0.0359,0.0410,0.0251,0.0395,0.0000,0.0960,0.0000,0.1675,0.0192,0.0000,0.0000,0.0728,0.0000,0.0000,0.0000,0.0045,;7,1,0,0,0,0,0,0,0,0,0,;0.0557;3;2;545600;1.50;
3OQEO5BIN29PS6BYUHRH0ABF87P9UL.png;0.1932,0.1155,0.0381,0.0156,0.0000,0.0000,0.0000,0.0000,0.0000,0.0000,0.0000,0.0000,0.0000,0.0000,0.0000,0.0000,;2,2,0,0,0,0,0,0,0,0,0,;0.0906;2;2;545600;2.00;
3OR6S1RAC52TCC0V5OHKA3WQNHZAGY.png;0.1156,0.1540,0.1267,0.1192,0.0000,0.1133,0.0000,0.0635,0.0125,0.0000,0.0000,0.0000,0.0000,0.0000,0.0000,0.0000,;2,5,0,0,0,0,0,0,0,0,0,;0.1007;5;5;1364000;5.00;
3P15LLOAR9NU663LLUNNP8EDOYG9ZV.png;0.0338,0.0169,0.0147,0.0218,0.0000,0.1498,0.0000,0.2326,0.1075,0.0000,0.0000,0.1647,0.0000,0.0000,0.0000,0.0071,;5,2,1,0,0,0,0,0,0,0,0,;0.0832;4;2;545600;4.00;
3P6UG6V268Y9VTMB4YR44MFGIGC4NX.png;0.0642,0.0000,0.0000,0.0000,0.0000,0.0000,0.0000,0.0000,0.0821,0.0000,0.0000,0.0518,0.0000,0.0000,0.0000,0.0629,;4,0,0,0,0,0,0,0,0,0,0,;0.0652;1;1;272800;1.00;
3PBMWYW3D44FHQ3H0CBK078FM1J2XZ.png;0.0263,0.0000,0.0102,0.0000,0.0000,0.2607,0.0000,0.0000,0.1312,0.0000,0.0000,0.1262,0.0000,0.0000,0.0000,0.0954,;3,2,1,0,0,0,0,0,0,0,0,;0.1083;3;2;545600;1.50;
3PBMWYW3D4VOVNNOVMGLZF23LEGX22.png;0.2114,0.2350,0.1704,0.1289,0.0000,0.2265,0.0000,0.2147,0.0305,0.0000,0.0000,0.0711,0.0000,0.0000,0.0000,0.0198,;3,2,4,0,0,0,0,0,0,0,0,;0.1454;5;5;1364000;5.00;
3PBTVBPQ8T2RUQ4LSR4U2IGAMAGLG7.png;0.2090,0.0225,0.2604,0.4629,0.0000,0.2167,0.0000,0.2875,0.0000,0.0000,0.0000,0.1633,0.0000,0.0000,0.0000,0.0757,;2,2,3,0,1,0,0,0,0,0,0,;0.2123;4;4;1091200;4.00;
3PBTVBPQ9UHWF8TU0BNM18QB456LGV.png;0.1879,0.1779,0.2082,0.1281,0.0000,0.3076,0.0000,0.3963,0.2132,0.0000,0.0000,0.2608,0.0000,0.0000,0.0000,0.0000,;0,4,3,1,0,0,0,0,0,0,0,;0.2350;3;2;545600;1.50;
3PBTVBPQ9UJW25OVYU5DFTVY5MMGLK.png;0.0196,0.0371,0.0363,0.0524,0.0000,0.0071,0.0000,0.0076,0.0000,0.0000,0.0000,0.0000,0.0000,0.0000,0.0000,0.0000,;4,0,0,0,0,0,0,0,0,0,0,;0.0267;3;3;818400;3.00;
3PBTVBPQ9UJW25OVYU5DFTVY5MMGLK_1.png;0.2002,0.0714,0.0568,0.0869,0.0000,0.0194,0.0000,0.0171,0.0000,0.0000,0.0000,0.0000,0.0000,0.0000,0.0000,0.0000,;5,1,0,0,0,0,0,0,0,0,0,;0.0753;2;1;272800;2.00;
3PBTVBPQ9UJW25OVYU5DFTVY5MMGLK_2.png;0.1548,0.0801,0.1316,0.1530,0.0000,0.0127,0.0000,0.0075,0.0000,0.0000,0.0000,0.0000,0.0000,0.0000,0.0000,0.0000,;2,3,0,0,0,0,0,0,0,0,0,;0.0900;3;2;545600;1.50;
3PHLPV04IQDPW55WV8WBZJA231AP7O.png;0.1517,0.2609,0.3480,0.3151,0.0000,0.2376,0.0000,0.1719,0.0079,0.0000,0.0000,0.0000,0.0000,0.0000,0.0000,0.0000,;0,2,2,2,0,0,0,0,0,0,0,;0.2133;4;4;1091200;4.00;
3PLXPMD6WGC7AIQBYMRH2GBAFTWKBJ.png;0.0568,0.0556,0.0390,0.0319,0.0000,0.0516,0.0000,0.0401,0.0719,0.0000,0.0000,0.0596,0.0000,0.0000,0.0000,0.0049,;8,0,0,0,0,0,0,0,0,0,0,;0.0457;5;4;1091200;2.50;
3PN7FLVWM45PCCC3MA18W1ODE9IYSJ.png;0.1795,0.1678,0.3105,0.1254,0.0000,0.4288,0.0000,0.1799,0.3692,0.0000,0.0000,0.1489,0.0000,0.0000,0.0000,0.0554,;1,5,0,2,1,0,0,0,0,0,0,;0.2184;3;3;818400;3.00;
3PN7FLVWM45XULC6NHQRXFJ9Z5WSYC.png;0.0099,0.0000,0.0000,0.0000,0.0000,0.0000,0.0000,0.0000,0.0000,0.0000,0.0000,0.0000,0.0000,0.0000,0.0000,0.0000,;0,0,0,0,0,0,0,0,0,0,0,;0.0099;1;1;272800;1.00;
3Q4WZ5V3MNIH1FT2QKH2OURKHS1UGI.png;0.0580,0.0045,0.0000,0.0000,0.0000,0.3584,0.0000,0.1119,0.2881,0.0000,0.0000,0.1136,0.0000,0.0000,0.0000,0.0000,;1,2,1,1,0,0,0,0,0,0,0,;0.1558;2;2;545600;2.00;
3Q9ARQ9ZAP4L7I0LVYTFN28MIJR3MM.png;0.0100,0.0098,0.0094,0.0098,0.0000,0.1005,0.0000,0.1102,0.0100,0.0000,0.0000,0.0187,0.0000,0.0000,0.0000,0.0000,;4,1,0,0,0,0,0,0,0,0,0,;0.0348;2;1;272800;2.00;
3Q9ARQ9ZAP4L7I0LVYTFN28MIJR3MM_1.png;0.0303,0.0146,0.0112,0.0152,0.0000,0.1191,0.0000,0.1511,0.0124,0.0000,0.0000,0.0844,0.0000,0.0000,0.0000,0.0007,;6,2,0,0,0,0,0,0,0,0,0,;0.0488;3;2;545600;1.50;
3Q9ARQ9ZAP4L7I0LVYTFN28MIJR3MM_2.png;0.0239,0.0122,0.0146,0.0132,0.0000,0.1231,0.0000,0.1166,0.0198,0.0000,0.0000,0.0111,0.0000,0.0000,0.0000,0.0004,;6,2,0,0,0,0,0,0,0,0,0,;0.0372;2;1;272800;2.00;
3QKP95RWR0AXY9I3VQ7SL2A7LGY5XG.png;0.0268,0.0351,0.0000,0.0143,0.0000,0.0595,0.0000,0.0242,0.2101,0.0000,0.0000,0.0341,0.0000,0.0000,0.0000,0.0108,;7,0,1,0,0,0,0,0,0,0,0,;0.0519;2;2;545600;2.00;
3QLL1RLFYUJL8BWXI76KVR6VTA8G40.png;0.1966,0.2359,0.1125,0.0000,0.0000,0.0298,0.0000,0.0155,0.0000,0.0000,0.0000,0.0000,0.0000,0.0000,0.0000,0.0000,;2,2,1,0,0,0,0,0,0,0,0,;0.1181;2;2;545600;2.00;
3QNALI7B4S6VALH9K67QLF1VCK3Z5B.png;0.2288,0.1483,0.1364,0.1211,0.0000,0.0430,0.0000,0.0070,0.0000,0.0000,0.0000,0.0000,0.0000,0.0000,0.0000,0.0000,;1,3,1,0,0,0,0,0,0,0,0,;0.1141;4;4;1091200;4.00;
3QNALI7B4SD1ONKL4C5DCUTXSZAZ55.png;0.0845,0.0113,0.0366,0.0290,0.0000,0.0247,0.0000,0.0251,0.0053,0.0000,0.0000,0.0054,0.0000,0.0000,0.0000,0.0000,;6,0,0,0,0,0,0,0,0,0,0,;0.0277;3;2;545600;1.50;
3QPQKLUN2S87R374XHKKL49YI4M6SW.png;0.1395,0.0936,0.0837,0.1062,0.0000,0.1021,0.0000,0.1234,0.1222,0.0000,0.0000,0.1363,0.0000,0.0000,0.0000,0.1332,;4,5,0,0,0,0,0,0,0,0,0,;0.1156;5;3;818400;2.50;
3QXBZN23LG7N3HYFNCCOI0H4ZPJXNQ.png;0.4868,0.0980,0.2437,0.2851,0.0000,0.0170,0.0000,0.0923,0.0000,0.0000,0.0000,0.0054,0.0000,0.0000,0.0000,0.0000,;3,0,2,0,1,0,0,0,0,0,0,;0.1755;3;2;545600;1.50;
3R0WG3C6FAYXA2OVFH1MKSVV7DKWL8.png;0.0000,0.0000,0.0000,0.0000,0.0000,0.0041,0.0000,0.1193,0.0253,0.0000,0.0000,0.1204,0.0000,0.0000,0.0000,0.0000,;1,2,0,0,0,0,0,0,0,0,0,;0.0673;2;2;545600;2.00;
3R35RPFD7J1GHLW8Y5PUB7E29XSP1C.png;0.0000,0.0000,0.1693,0.0000,0.0000,0.0746,0.0000,0.0000,0.0828,0.0000,0.0000,0.0000,0.0000,0.0000,0.0000,0.0000,;2,1,0,0,0,0,0,0,0,0,0,;0.1089;1;1;272800;1.00;
3R35RPFD8KSAWMKG8PKUBRZ71RYP19.png;0.1605,0.1915,0.1181,0.1208,0.0000,0.0655,0.0000,0.0775,0.0452,0.0000,0.0000,0.0035,0.0000,0.0000,0.0000,0.0000,;3,4,0,0,0,0,0,0,0,0,0,;0.0978;4;4;1091200;4.00;
3R35RPFD8KW5RVQQX9OYA2WSE711PN.png;0.2202,0.2970,0.5798,0.4264,0.0000,0.2340,0.0000,0.4993,0.1398,0.0000,0.0000,0.2519,0.0000,0.0000,0.0000,0.0808,;1,1,4,0,2,1,0,0,0,0,0,;0.3032;3;3;818400;3.00;
3R39EOJX7B7B0RBVIOI0YF8QUNBFFR.png;0.0743,0.0198,0.0000,0.0000,0.0000,0.0608,0.0000,0.0000,0.0615,0.0000,0.0000,0.0000,0.0000,0.0000,0.0000,0.0000,;4,0,0,0,0,0,0,0,0,0,0,;0.0541;3;3;818400;3.00;
3R39EOJX7BI6S1MO8YC8O4DE709FF7.png;0.1319,0.0498,0.0750,0.0398,0.0000,0.0534,0.0000,0.0650,0.0000,0.0000,0.0000,0.0106,0.0000,0.0000,0.0000,0.0000,;6,1,0,0,0,0,0,0,0,0,0,;0.0608;3;2;545600;1.50;
3R7DCNC1NO24TFH8BGUHQFOR9KEUDP.png;0.0568,0.0469,0.0415,0.0347,0.0000,0.1210,0.0000,0.1216,0.1277,0.0000,0.0000,0.0700,0.0000,0.0000,0.0000,0.0028,;5,3,0,0,0,0,0,0,0,0,0,;0.0692;4;2;545600;4.00;
3R7DCNC1NO24TFH8BGUHQFOR9KEUDP_1.png;0.0269,0.0180,0.0300,0.0130,0.0000,0.0665,0.0000,0.0097,0.0560,0.0000,0.0000,0.0156,0.0000,0.0000,0.0000,0.0000,;7,0,0,0,0,0,0,0,0,0,0,;0.0295;3;3;818400;3.00;
3R7DCNC1NO24TFH8BGUHQFOR9KEUDP_2.png;0.0322,0.0408,0.0516,0.0184,0.0000,0.1783,0.0000,0.0850,0.1937,0.0000,0.0000,0.0197,0.0000,0.0000,0.0000,0.0000,;6,2,0,0,0,0,0,0,0,0,0,;0.0775;3;2;545600;1.50;
3R7DCNC1NOV5HU26IA2C7R0658YUDF.png;0.2007,0.1692,0.0714,0.1571,0.0000,0.0587,0.0000,0.0819,0.0455,0.0000,0.0000,0.0295,0.0000,0.0000,0.0000,0.0263,;6,3,0,0,0,0,0,0,0,0,0,;0.0934;3;2;545600;1.50;
3R8MKH13HFEBE45LFXZBD3ZAAT6QLU.png;0.1535,0.1842,0.0111,0.0000,0.0000,0.2548,0.0000,0.1075,0.2243,0.0000,0.0000,0.1094,0.0000,0.0000,0.0000,0.0000,;3,2,2,0,0,0,0,0,0,0,0,;0.1492;4;4;1091200;4.00;
3R8NDUBSE5C5KWKOVCROU8T8BNKK4W.png;0.0466,0.0122,0.0096,0.0062,0.0000,0.0794,0.0000,0.1258,0.0532,0.0000,0.0000,0.1053,0.0000,0.0000,0.0000,0.0015,;5,1,0,0,0,0,0,0,0,0,0,;0.0489;4;2;545600;4.00;
3R8NDUBSE5CIIDI6K37BBGYS2U64KU.png;0.0199,0.2726,0.1103,0.0000,0.0000,0.1674,0.0000,0.0000,0.0000,0.0000,0.0000,0.0255,0.0000,0.0000,0.0000,0.0000,;2,2,1,0,0,0,0,0,0,0,0,;0.1191;2;2;545600;2.00;
3R8NDUBSE5CRYRKXR6M9AB02Z7L4K5.png;0.2174,0.0661,0.0000,0.0000,0.0000,0.0000,0.0000,0.0000,0.0000,0.0000,0.0000,0.0000,0.0000,0.0000,0.0000,0.0000,;1,0,1,0,0,0,0,0,0,0,0,;0.1417;1;1;272800;1.00;
3R8NDUBSF67O3EBOSQ1IL6C0CLD4KT.png;0.2685,0.3082,0.2908,0.0000,0.0000,0.0523,0.0000,0.0000,0.0000,0.0000,0.0000,0.0000,0.0000,0.0000,0.0000,0.0000,;1,0,3,0,0,0,0,0,0,0,0,;0.2299;3;3;818400;3.00;
3RPY1MM09GJ0DPT9E5P5CCJTRTWMHE.png;0.0000,0.0000,0.0000,0.0000,0.0000,0.0000,0.0000,0.0095,0.0000,0.0000,0.0000,0.0000,0.0000,0.0000,0.0000,0.0000,;0,0,0,0,0,0,0,0,0,0,0,;0.0095;1;1;272800;1.00;
3RRYB8LG3ZH82HFOZGL7ANT68BKKUX.png;0.3080,0.1092,0.1891,0.0000,0.0000,0.1073,0.0000,0.0000,0.0875,0.0000,0.0000,0.0000,0.0000,0.0000,0.0000,0.0000,;3,1,1,0,0,0,0,0,0,0,0,;0.1602;2;1;272800;2.00;
3S1POB7GU8DKAHGA5W96UXZRMJ8QU4.png;0.2852,0.3194,0.0722,0.0031,0.0000,0.0000,0.0000,0.0000,0.0000,0.0000,0.0000,0.0000,0.0000,0.0000,0.0000,0.0000,;1,0,1,1,0,0,0,0,0,0,0,;0.1700;2;2;545600;2.00;
3S4LLGXSV3FZU47VRD0W7FI7RKKAOY.png;0.1789,0.0000,0.0000,0.0000,0.0000,0.0024,0.0000,0.0000,0.0000,0.0000,0.0000,0.0000,0.0000,0.0000,0.0000,0.0000,;0,1,0,0,0,0,0,0,0,0,0,;0.0907;1;1;272800;1.00;
3S8DC08I2JZOJ6XAR5ADV2RBM80EJJ.png;0.1052,0.0075,0.0017,0.0028,0.0000,0.1006,0.0000,0.1027,0.0147,0.0000,0.0000,0.0274,0.0000,0.0000,0.0000,0.0000,;5,0,0,0,0,0,0,0,0,0,0,;0.0453;3;2;545600;1.50;
3SBA6YTBY276L0SZ55XU5R7VV8FOBP.png;0.2065,0.0885,0.0233,0.0264,0.0000,0.0080,0.0000,0.0000,0.0090,0.0000,0.0000,0.0000,0.0000,0.0000,0.0000,0.0000,;3,1,0,0,0,0,0,0,0,0,0,;0.0603;2;2;545600;2.00;
3SFRD5IA5Z34MMJO249XJPJMVUHFBF.png;0.1290,0.1383,0.1307,0.1371,0.0000,0.0449,0.0000,0.2631,0.0000,0.0000,0.0000,0.2037,0.0000,0.0000,0.0000,0.0926,;2,5,1,0,0,0,0,0,0,0,0,;0.1424;2;2;545600;2.00;
3SI493PTSWP5AHPBIVTI1I8D7X4ZDI.png;0.0662,0.0368,0.0923,0.0598,0.0000,0.0445,0.0000,0.0374,0.0844,0.0000,0.0000,0.1407,0.0000,0.0000,0.0000,0.0046,;7,1,0,0,0,0,0,0,0,0,0,;0.0630;4;1;272800;4.00;
3SI493PTSWP6VJGGSL9VZHEJP2GDZ2.png;0.3794,0.0676,0.0000,0.0000,0.0000,0.0000,0.0000,0.0000,0.0000,0.0000,0.0000,0.0000,0.0000,0.0000,0.0000,0.0000,;1,0,0,1,0,0,0,0,0,0,0,;0.2235;1;1;272800;1.00;
3SIEQXXS6F7PLDK653FBMIWP0ADQ4C.png;0.2065,0.0885,0.0000,0.0264,0.0000,0.0080,0.0000,0.0176,0.0090,0.0000,0.0000,0.0000,0.0000,0.0000,0.0000,0.0000,;3,1,0,0,0,0,0,0,0,0,0,;0.0593;2;2;545600;2.00;
3SJ1BZ9YMZFJKL9JAYIH6SXUEFF7N6.png;0.0000,0.0000,0.0000,0.0000,0.0000,0.0608,0.0000,0.0000,0.0615,0.0000,0.0000,0.0000,0.0000,0.0000,0.0000,0.0000,;2,0,0,0,0,0,0,0,0,0,0,;0.0612;1;1;272800;1.00;
3T1550FWLKIS93DC7DPTY5M29UHWXP.png;0.2260,0.1766,0.0938,0.0000,0.0000,0.0213,0.0000,0.0000,0.0000,0.0000,0.0000,0.0000,0.0000,0.0000,0.0000,0.0000,;2,1,1,0,0,0,0,0,0,0,0,;0.1294;2;2;545600;2.00;
3T6HLR4BXW5RX3QYFIC2AVGBFN389Y.png;0.1032,0.0838,0.0697,0.1482,0.0000,0.0626,0.0000,0.0983,0.0000,0.0000,0.0000,0.0323,0.0000,0.0000,0.0000,0.0170,;7,1,0,0,0,0,0,0,0,0,0,;0.0769;4;2;545600;4.00;
3T6HLR4BXW65EY3SGXC7I8IJLZ589G.png;0.1010,0.0000,0.0000,0.0000,0.0000,0.0353,0.0000,0.0457,0.0505,0.0000,0.0000,0.0267,0.0000,0.0000,0.0000,0.0000,;5,0,0,0,0,0,0,0,0,0,0,;0.0518;1;1;272800;1.00;
3T6HLR4BXW65EY3SGXC7I8ILF1889L.png;0.1112,0.0000,0.0261,0.0812,0.0000,0.0268,0.0000,0.0076,0.0070,0.0000,0.0000,0.0042,0.0000,0.0000,0.0000,0.0000,;3,1,0,0,0,0,0,0,0,0,0,;0.0377;2;1;272800;2.00;
3T6UNEUZ5USMH6KL5FCL3O350KM199.png;0.0000,0.0000,0.0000,0.0000,0.0000,0.0000,0.0000,0.0000,0.0000,0.0000,0.0000,0.0000,0.0000,0.0000,0.0000,0.0000,;0,0,0,0,0,0,0,0,0,0,0,;NaN;0;
3T6UNEUZ5USMH6KL5FCL3O350KM199_1.png;0.0858,0.0000,0.0000,0.0219,0.0000,0.0000,0.0000,0.3401,0.0000,0.0000,0.0000,0.0604,0.0000,0.0000,0.0000,0.0000,;3,0,0,1,0,0,0,0,0,0,0,;0.1271;1;1;272800;1.00;
3T6UNEUZ5USMH6KL5FCL3O350KM199_2.png;0.0372,0.0409,0.0000,0.0000,0.0000,0.0000,0.0000,0.0000,0.0000,0.0000,0.0000,0.0000,0.0000,0.0000,0.0000,0.0000,;2,0,0,0,0,0,0,0,0,0,0,;0.0390;1;1;272800;1.00;
3TCGLRK8ZGNA4CQP60QJDQBQH1MZQ6.png;0.1556,0.1464,0.1330,0.1394,0.0000,0.0391,0.0000,0.0451,0.0000,0.0000,0.0000,0.0000,0.0000,0.0000,0.0000,0.0000,;2,4,0,0,0,0,0,0,0,0,0,;0.1098;4;4;1091200;4.00;
3TFUINTXMP1P2TVK22ZNBIA74UYT95.png;0.2250,0.1123,0.0613,0.0157,0.0000,0.0512,0.0000,0.0000,0.0168,0.0000,0.0000,0.0000,0.0000,0.0000,0.0000,0.0000,;4,1,1,0,0,0,0,0,0,0,0,;0.0804;2;2;545600;2.00;
3TFUINTXNQRB8MQUNU8RNTUAF5A9TC.png;0.0628,0.0648,0.0000,0.1013,0.0000,0.0000,0.0000,0.0918,0.0000,0.0000,0.0000,0.0000,0.0000,0.0000,0.0000,0.0000,;4,0,0,0,0,0,0,0,0,0,0,;0.0802;2;2;545600;2.00;
3TJJ8HSJVIOUEEITVOXS8LA6BWX82U.png;0.1102,0.0000,0.0000,0.0000,0.0000,0.0000,0.0000,0.0000,0.0000,0.0000,0.0000,0.0000,0.0000,0.0000,0.0000,0.0000,;0,1,0,0,0,0,0,0,0,0,0,;0.1102;1;1;272800;1.00;
3TJJ8HSJWJ7V3WKXYD3KKOVHU4N28W.png;0.0893,0.1504,0.1399,0.1035,0.0000,0.0296,0.0000,0.0296,0.0054,0.0000,0.0000,0.0058,0.0000,0.0000,0.0000,0.0299,;5,2,0,0,0,0,0,0,0,0,0,;0.0648;4;4;1091200;4.00;
3TO8OQV8RRE8TSS50K77OY4BTUOOLO.png;0.0567,0.0641,0.0622,0.0668,0.0000,0.0981,0.0000,0.1584,0.0000,0.0000,0.0000,0.0737,0.0000,0.0000,0.0000,0.0041,;6,1,0,0,0,0,0,0,0,0,0,;0.0730;3;2;545600;1.50;
3TR9CMHN3N8E2YCNTAQUMF33CUSBB8.png;0.1817,0.1855,0.2518,0.1216,0.0000,0.2300,0.0000,0.1116,0.2582,0.0000,0.0000,0.0788,0.0000,0.0000,0.0000,0.0303,;2,4,3,0,0,0,0,0,0,0,0,;0.1611;5;5;1364000;5.00;
3TYSWKZBELVFE846EGCGPUMG5XR7G5.png;0.3877,0.0000,0.0000,0.2525,0.0000,0.0000,0.0000,0.1675,0.0000,0.0000,0.0000,0.1571,0.0000,0.0000,0.0000,0.0135,;1,2,1,1,0,0,0,0,0,0,0,;0.1956;2;1;272800;2.00;
3TYSWKZBFMLN72JJOTFJJEIWD9HG7U.png;0.0555,0.1651,0.3733,0.2652,0.0000,0.1940,0.0000,0.1200,0.0040,0.0000,0.0000,0.0838,0.0000,0.0000,0.0000,0.0215,;3,3,1,1,0,0,0,0,0,0,0,;0.1425;4;4;1091200;4.00;
3U2H1DGWOPTCKLUQYVRKVZHY3Q4F4G.png;0.2298,0.0005,0.0000,0.0000,0.0000,0.0129,0.0000,0.0000,0.0422,0.0000,0.0000,0.0000,0.0000,0.0000,0.0000,0.0000,;2,0,1,0,0,0,0,0,0,0,0,;0.0713;1;1;272800;1.00;
3U47UEJKWC6S8AEVXI8SUW72VHPLB6.png;0.1155,0.0291,0.0688,0.1117,0.0000,0.0847,0.0000,0.0096,0.0864,0.0000,0.0000,0.0000,0.0000,0.0000,0.0000,0.0000,;4,2,0,0,0,0,0,0,0,0,0,;0.0723;4;3;818400;2.00;
3U47UEJKWC7M32113CRLFBCBUKFBLV.png;0.1835,0.1329,0.0201,0.0000,0.0000,0.0000,0.0000,0.0000,0.0000,0.0000,0.0000,0.0000,0.0000,0.0000,0.0000,0.0000,;1,2,0,0,0,0,0,0,0,0,0,;0.1122;2;2;545600;2.00;
3U47UEJKWC8E1D3WG0VTNM1UKCYBLF.png;0.2023,0.0259,0.0000,0.0946,0.0000,0.1217,0.0000,0.0328,0.1611,0.0000,0.0000,0.0000,0.0000,0.0000,0.0000,0.0000,;3,3,0,0,0,0,0,0,0,0,0,;0.1064;3;3;818400;3.00;
3U47UEJKXD5R38RUXLMDWG1BUJXLBR.png;0.1499,0.0105,0.0000,0.0000,0.0000,0.0000,0.0000,0.0000,0.0000,0.0000,0.0000,0.0000,0.0000,0.0000,0.0000,0.0000,;1,1,0,0,0,0,0,0,0,0,0,;0.0802;1;1;272800;1.00;
3U6BJ3K2B9GQGJVT0E99IGFE7I2MEG.png;0.0000,0.0000,0.0000,0.0000,0.0000,0.1581,0.0000,0.0871,0.1867,0.0000,0.0000,0.0015,0.0000,0.0000,0.0000,0.0000,;1,2,0,0,0,0,0,0,0,0,0,;0.1084;2;2;545600;2.00;
3UEL82N5TO6EUK0Y8E9LV0DUVX2NTJ.png;0.2602,0.1433,0.0111,0.0000,0.0000,0.1455,0.0000,0.1326,0.2195,0.0000,0.0000,0.1683,0.0000,0.0000,0.0000,0.0000,;1,4,2,0,0,0,0,0,0,0,0,;0.1543;3;1;272800;3.00;
3UEL82N5TOKN43E6MBDHCIJ23C3NTV.png;0.0097,0.0000,0.0000,0.0000,0.0000,0.0340,0.0000,0.0291,0.0000,0.0000,0.0000,0.0000,0.0000,0.0000,0.0000,0.0000,;2,0,0,0,0,0,0,0,0,0,0,;0.0243;2;1;272800;2.00;
3UKAYM2G38LNW9YPLTZSPTC333T903.png;0.1857,0.0000,0.0000,0.0000,0.0000,0.0000,0.0000,0.0000,0.0000,0.0000,0.0000,0.0000,0.0000,0.0000,0.0000,0.0000,;0,1,0,0,0,0,0,0,0,0,0,;0.1857;1;1;272800;1.00;
3USMLONC9E5MDB1GD7ZQ6SDG14K85P.png;0.0888,0.0000,0.0000,0.0000,0.0000,0.0126,0.0000,0.0489,0.0002,0.0000,0.0000,0.0243,0.0000,0.0000,0.0000,0.0000,;4,0,0,0,0,0,0,0,0,0,0,;0.0350;2;1;272800;2.00;
3USZNBD0ID5Y2E7UC1NHCD5VH1M51A.png;0.0261,0.0310,0.0000,0.0000,0.0000,0.0000,0.0000,0.0192,0.0000,0.0000,0.0000,0.0116,0.0000,0.0000,0.0000,0.0000,;4,0,0,0,0,0,0,0,0,0,0,;0.0220;2;2;545600;2.00;
3UV3KC5DTGMOGZ30EI3U2F567A15CS.png;0.2566,0.2817,0.2912,0.0469,0.0000,0.0692,0.0000,0.0000,0.0000,0.0000,0.0000,0.0000,0.0000,0.0000,0.0000,0.0000,;2,0,3,0,0,0,0,0,0,0,0,;0.1891;3;3;818400;3.00;
3UXCLCQO1UDWROO910PGOYLD3QJ20A.png;0.1425,0.0418,0.0491,0.0642,0.0000,0.0927,0.0000,0.0788,0.0369,0.0000,0.0000,0.0000,0.0000,0.0000,0.0000,0.0000,;6,1,0,0,0,0,0,0,0,0,0,;0.0723;3;2;545600;1.50;
3UXCLCQO2V425H8F0OVWTKIEO3N20G.png;0.1971,0.2499,0.1959,0.2192,0.0000,0.2216,0.0000,0.2944,0.0793,0.0000,0.0000,0.1009,0.0000,0.0000,0.0000,0.0000,;2,2,4,0,0,0,0,0,0,0,0,;0.1948;6;6;1636800;6.00;
3VHU2SWT3EI2EPQKMFU0IXHUUZKSPE.png;0.1293,0.0000,0.0000,0.0000,0.0000,0.0481,0.0000,0.0587,0.0000,0.0000,0.0000,0.0593,0.0000,0.0000,0.0000,0.0000,;3,1,0,0,0,0,0,0,0,0,0,;0.0739;1;1;272800;1.00;
3VKCYEEK5GTFPTFE2CSUAPH4AEKG1E.png;0.4970,0.4863,0.3777,0.4484,0.0000,0.3522,0.0000,0.3733,0.1481,0.0000,0.0000,0.2450,0.0000,0.0000,0.0000,0.1337,;0,2,1,3,3,0,0,0,0,0,0,;0.3402;6;6;1636800;6.00;
3VKCYEEK5GTFPTFE2CSUAPH4AEKG1E_1.png;0.3815,0.4416,0.3992,0.4024,0.0000,0.3503,0.0000,0.3862,0.1458,0.0000,0.0000,0.2313,0.0000,0.0000,0.0000,0.1018,;1,1,1,5,1,0,0,0,0,0,0,;0.3155;6;6;1636800;6.00;
3VKCYEEK5GTFPTFE2CSUAPH4AEKG1E_2.png;0.4999,0.4369,0.3941,0.3638,0.0000,0.3866,0.0000,0.3299,0.2298,0.0000,0.0000,0.1242,0.0000,0.0000,0.0000,0.0404,;1,1,1,4,2,0,0,0,0,0,0,;0.3117;6;6;1636800;6.00;
3VNGVF6XGJQ1QLT33BZ7QKAQGJTGC8.png;0.1824,0.1105,0.0000,0.0000,0.0000,0.0000,0.0000,0.0000,0.0000,0.0000,0.0000,0.0000,0.0000,0.0000,0.0000,0.0000,;0,2,0,0,0,0,0,0,0,0,0,;0.1465;1;1;272800;1.00;
3VNVHCMRM39PCV9YY08XQFC2ASTW7K.png;0.0252,0.0202,0.0000,0.0000,0.0000,0.0286,0.0000,0.0000,0.0290,0.0000,0.0000,0.0000,0.0000,0.0000,0.0000,0.0000,;4,0,0,0,0,0,0,0,0,0,0,;0.0258;2;2;545600;2.00;
3VPHDNYYW05RMXRPFB37FMZTE8FOX6.png;0.0672,0.0000,0.0000,0.0000,0.0000,0.0000,0.0000,0.0000,0.0000,0.0000,0.0000,0.0000,0.0000,0.0000,0.0000,0.0000,;1,0,0,0,0,0,0,0,0,0,0,;0.0672;1;1;272800;1.00;
3VS2P0ED9S8WCYR5XKUI3WE62NIZOD.png;0.2324,0.0000,0.3141,0.1735,0.0000,0.0188,0.0000,0.0462,0.0465,0.0000,0.0000,0.0000,0.0000,0.0000,0.0000,0.0000,;3,1,1,1,0,0,0,0,0,0,0,;0.1386;3;2;545600;1.50;
3VS2P0ED9S9HPWVU5TDRGGPE3WLOZL.png;0.0211,0.0518,0.0001,0.0002,0.0000,0.1820,0.0000,0.1141,0.1309,0.0000,0.0000,0.0430,0.0000,0.0000,0.0000,0.0039,;3,3,0,0,0,0,0,0,0,0,0,;0.0608;3;2;545600;1.50;
3VTCTNDIMBI4MSZRCFZ5EXG7KAVTGQ.png;0.1831,0.1566,0.0008,0.0000,0.0000,0.1521,0.0000,0.1131,0.0474,0.0000,0.0000,0.0633,0.0000,0.0000,0.0000,0.0000,;2,4,0,0,0,0,0,0,0,0,0,;0.1023;4;3;818400;2.00;
3VXAY8PX9568FZGV4FQLLH1QFO0UBC.png;0.0000,0.0000,0.0000,0.0000,0.0000,0.0000,0.0000,0.1406,0.0000,0.0000,0.0000,0.1444,0.0000,0.0000,0.0000,0.0000,;0,2,0,0,0,0,0,0,0,0,0,;0.1425;1;1;272800;1.00;
3VXAY8PXA67ITFS0HYENNTH6AGPBUQ.png;0.0301,0.0217,0.0217,0.0217,0.0000,0.0933,0.0000,0.0940,0.0044,0.0000,0.0000,0.0045,0.0000,0.0000,0.0000,0.0000,;6,0,0,0,0,0,0,0,0,0,0,;0.0364;2;1;272800;2.00;
3W718UE9EUVUJGAIW7WCSAJ232S8KV.png;0.0239,0.0089,0.0062,0.0055,0.0000,0.1046,0.0000,0.1378,0.0322,0.0000,0.0000,0.0674,0.0000,0.0000,0.0000,0.0002,;4,1,0,0,0,0,0,0,0,0,0,;0.0430;3;2;545600;1.50;
3W7EAH4XLRRHWHV8PSJNN5I48Z5K1Z.png;0.0492,0.0000,0.0994,0.0000,0.0000,0.2503,0.0000,0.0000,0.1404,0.0000,0.0000,0.0000,0.0000,0.0000,0.0000,0.0000,;2,1,1,0,0,0,0,0,0,0,0,;0.1348;2;2;545600;2.00;
3WAI7IWAXVDPIQMZBUA6WKWKGBTKCH.png;0.3120,0.2371,0.0000,0.1397,0.0000,0.0000,0.0000,0.1075,0.0000,0.0000,0.0000,0.0775,0.0000,0.0000,0.0000,0.0306,;3,1,1,1,0,0,0,0,0,0,0,;0.1507;2;2;545600;2.00;
3WNTBWVI6HTKT402X941XY1LBXF1DP.png;0.1764,0.1692,0.0000,0.0778,0.0000,0.0000,0.0000,0.0518,0.1649,0.0000,0.0000,0.4125,0.0000,0.0000,0.0000,0.3080,;2,3,1,0,1,0,0,0,0,0,0,;0.1944;2;2;545600;2.00;
3WNTBWVI7IICS3U5SPMYXHW39RR1DW.png;0.1794,0.2220,0.0694,0.0000,0.0000,0.0950,0.0000,0.0616,0.0000,0.0000,0.0000,0.0622,0.0000,0.0000,0.0000,0.0000,;4,1,1,0,0,0,0,0,0,0,0,;0.1149;2;2;545600;2.00;
3X3BKUX7FNI4TQBH6Z6BCBN743AUUW.png;0.0409,0.0391,0.0300,0.0093,0.0000,0.1467,0.0000,0.0530,0.0666,0.0000,0.0000,0.0285,0.0000,0.0000,0.0000,0.0000,;6,1,0,0,0,0,0,0,0,0,0,;0.0518;3;2;545600;1.50;
3XCMB0010Q8CROANL93DZ0TZ7HDP3B.png;0.0000,0.0000,0.1693,0.0000,0.0000,0.0746,0.0000,0.0000,0.0828,0.0000,0.0000,0.0000,0.0000,0.0000,0.0000,0.0000,;2,1,0,0,0,0,0,0,0,0,0,;0.1089;1;1;272800;1.00;
3XFOW6US4G39LHGXH58DQK2U59EF7W.png;0.0275,0.0113,0.0000,0.0000,0.0000,0.2052,0.0000,0.0000,0.0000,0.0000,0.0000,0.0000,0.0000,0.0000,0.0000,0.0000,;2,1,0,0,0,0,0,0,0,0,0,;0.0814;1;1;272800;1.00;
3XH5NKQXD1CEK1G2OFNXP2YO5CGQ1D.png;0.0115,0.0122,0.0132,0.0105,0.0000,0.1272,0.0000,0.1299,0.0612,0.0000,0.0000,0.0646,0.0000,0.0000,0.0000,0.0024,;6,2,0,0,0,0,0,0,0,0,0,;0.0481;4;2;545600;4.00;
3XKJYHBF1PGIGZAV82J26HU67K1S94.png;0.0551,0.0431,0.0289,0.0579,0.0000,0.0673,0.0000,0.0992,0.0553,0.0000,0.0000,0.0743,0.0000,0.0000,0.0000,0.0645,;9,0,0,0,0,0,0,0,0,0,0,;0.0606;4;3;818400;2.00;
3XKJYHBF2QXEJ36G795O9QJC5X59SV.png;0.0000,0.0000,0.0000,0.0000,0.0000,0.0000,0.0000,0.0000,0.0000,0.0000,0.0000,0.0000,0.0000,0.0000,0.0000,0.0000,;0,0,0,0,0,0,0,0,0,0,0,;NaN;0;
3XLULPCEJ5A20HTSPHJ11BGOHJ2K00.png;0.1341,0.1203,0.1433,0.1709,0.0000,0.2092,0.0000,0.1418,0.1149,0.0000,0.0000,0.0663,0.0000,0.0000,0.0000,0.0138,;2,7,0,0,0,0,0,0,0,0,0,;0.1239;5;5;1364000;5.00;
3XLULPCEK6XSKDKZU2VPQEQSWADK07.png;0.1002,0.1484,0.1765,0.0913,0.0000,0.1475,0.0000,0.0017,0.0198,0.0000,0.0000,0.0000,0.0000,0.0000,0.0000,0.0000,;3,3,0,0,0,0,0,0,0,0,0,;0.0979;4;4;1091200;4.00;
3XOONX5XJ4G5CUJT3GITEEBP8TAR9P.png;0.2297,0.0151,0.0000,0.0000,0.0000,0.0000,0.0000,0.0000,0.0000,0.0000,0.0000,0.0000,0.0000,0.0000,0.0000,0.0000,;1,0,1,0,0,0,0,0,0,0,0,;0.1224;1;1;272800;1.00;
3XQ5ITPVUWC5A41L5RJWP1DP30VQTX.png;0.2865,0.3493,0.0977,0.0000,0.0000,0.0000,0.0000,0.0000,0.0000,0.0000,0.0000,0.0000,0.0000,0.0000,0.0000,0.0000,;1,0,1,1,0,0,0,0,0,0,0,;0.2445;2;2;545600;2.00;
3XQ5ITPVUWCZXHDQO612ZU9R46PQTU.png;0.1736,0.2051,0.0113,0.0000,0.0000,0.2623,0.0000,0.1095,0.2533,0.0000,0.0000,0.1112,0.0000,0.0000,0.0000,0.0000,;2,3,2,0,0,0,0,0,0,0,0,;0.1609;4;4;1091200;4.00;
3XQ5ITPVVXEK5RIJJ0S4JMU41HATQO.png;0.0743,0.0197,0.0056,0.0000,0.0000,0.0801,0.0000,0.0000,0.0608,0.0000,0.0000,0.0000,0.0000,0.0000,0.0000,0.0000,;4,0,0,0,0,0,0,0,0,0,0,;0.0481;3;3;818400;3.00;
3XXLL7ZNZBX2S1C8S0AVX01M47X2SM.png;0.0364,0.0293,0.0316,0.0337,0.0000,0.1386,0.0000,0.1867,0.0000,0.0000,0.0000,0.0000,0.0000,0.0000,0.0000,0.0000,;4,2,0,0,0,0,0,0,0,0,0,;0.0761;2;1;272800;2.00;
3Y6OYEUGD7DBA3Z0UX7LVDP3LCIS5W.png;0.2013,0.1799,0.2682,0.1183,0.0000,0.1290,0.0000,0.0000,0.0152,0.0000,0.0000,0.0000,0.0000,0.0000,0.0000,0.0000,;1,4,1,0,0,0,0,0,0,0,0,;0.1520;3;3;818400;3.00;
3YATNUOYWN28VJEWP8MVZLA65TU5R8.png;0.0097,0.0000,0.0000,0.0000,0.0000,0.0281,0.0000,0.0000,0.0285,0.0000,0.0000,0.0000,0.0000,0.0000,0.0000,0.0000,;2,0,0,0,0,0,0,0,0,0,0,;0.0221;2;2;545600;2.00;
3YE2HAAZLWT35EOEU3RFNMQ5RC4ZU3.png;0.0523,0.0098,0.0047,0.0105,0.0000,0.0206,0.0000,0.0394,0.0211,0.0000,0.0000,0.0393,0.0000,0.0000,0.0000,0.0128,;7,0,0,0,0,0,0,0,0,0,0,;0.0234;3;2;545600;1.50;
3YJAOW5N8OU26Z949MJ65YS6Q7GNS0.png;0.0211,0.0512,0.0001,0.0002,0.0000,0.1827,0.0000,0.1150,0.1166,0.0000,0.0000,0.0417,0.0000,0.0000,0.0000,0.0039,;3,3,0,0,0,0,0,0,0,0,0,;0.0592;3;2;545600;1.50;
3YJAOW5N8OUDFKNJJE4VLVI018MNS9.png;0.1487,0.2826,0.0111,0.0000,0.0000,0.2209,0.0000,0.1075,0.2126,0.0000,0.0000,0.1094,0.0000,0.0000,0.0000,0.0000,;3,1,3,0,0,0,0,0,0,0,0,;0.1561;3;3;818400;3.00;
3YJAOW5N8OUDFKNJJE4VLVI0YDQNSK.png;0.1318,0.0980,0.0113,0.0000,0.0000,0.0963,0.0000,0.1095,0.0963,0.0000,0.0000,0.1112,0.0000,0.0000,0.0000,0.0000,;5,2,0,0,0,0,0,0,0,0,0,;0.0935;6;4;1091200;3.00;
3YJAOW5N9PI929Z2OH5BG1NQ7AGNSB.png;0.0826,0.0923,0.0000,0.0000,0.0000,0.0000,0.0000,0.0000,0.0087,0.0000,0.0000,0.0000,0.0000,0.0000,0.0000,0.0000,;2,0,0,0,0,0,0,0,0,0,0,;0.0612;2;2;545600;2.00;
3YKHA5XMY4LNHWQDYI2RHLTBGR3A75.png;0.0244,0.0320,0.0000,0.0000,0.0000,0.0276,0.0000,0.0000,0.0280,0.0000,0.0000,0.0000,0.0000,0.0000,0.0000,0.0000,;4,0,0,0,0,0,0,0,0,0,0,;0.0280;2;1;272800;2.00;
3YNFDCZ5Q3U1E5N64P4QVLD4C30NR9.png;0.1243,0.0323,0.0111,0.0000,0.0000,0.0950,0.0000,0.1661,0.0846,0.0000,0.0000,0.1550,0.0000,0.0000,0.0000,0.0000,;4,3,0,0,0,0,0,0,0,0,0,;0.0955;3;2;545600;1.50;
3YNFDCZ5R4IX1UZP9S56QRIUL8YNRO.png;0.0818,0.0996,0.0028,0.0000,0.0000,0.0012,0.0000,0.0000,0.2280,0.0000,0.0000,0.1742,0.0000,0.0000,0.0000,0.0126,;3,1,1,0,0,0,0,0,0,0,0,;0.0857;3;1;272800;3.00;
3YR6VNT52416IC86SLGIIDTF4TWB78.png;0.0588,0.0000,0.0000,0.0000,0.0000,0.0000,0.0000,0.0000,0.0000,0.0000,0.0000,0.0000,0.0000,0.0000,0.0000,0.0000,;1,0,0,0,0,0,0,0,0,0,0,;0.0588;1;1;272800;1.00;
3YR6VNT5352GKULNOMVIY5386U67BS.png;0.3370,0.2143,0.1356,0.1132,0.0000,0.0407,0.0000,0.0309,0.0000,0.0000,0.0000,0.0000,0.0000,0.0000,0.0000,0.0000,;2,2,1,1,0,0,0,0,0,0,0,;0.1453;2;2;545600;2.00;
3YS67JKWKBRVDSIQ9F8UVFJ1JQRX40.png;0.1237,0.0370,0.1174,0.1492,0.0000,0.0436,0.0000,0.0049,0.0000,0.0000,0.0000,0.0000,0.0000,0.0000,0.0000,0.0000,;2,3,0,0,0,0,0,0,0,0,0,;0.0793;3;2;545600;1.50;
3YS67JKWKBTMNDQ3LRFOMM61VUK4X5.png;0.4188,0.0959,0.0710,0.0000,0.0000,0.0057,0.0000,0.0000,0.0000,0.0000,0.0000,0.0000,0.0000,0.0000,0.0000,0.0000,;2,0,0,0,1,0,0,0,0,0,0,;0.1478;1;1;272800;1.00;
3YVLYSYEBF5NUSY0E746VZKOKNG0QY.png;0.2208,0.0816,0.0000,0.0000,0.0000,0.0000,0.0000,0.0000,0.0000,0.0000,0.0000,0.0000,0.0000,0.0000,0.0000,0.0000,;1,0,1,0,0,0,0,0,0,0,0,;0.1512;1;1;272800;1.00;
3Z1VWDJDMCSL9FEEWY1JWQIRHY8F8V.png;0.4049,0.2162,0.0501,0.0000,0.0000,0.0000,0.0000,0.0000,0.0000,0.0000,0.0000,0.0000,0.0000,0.0000,0.0000,0.0000,;1,0,1,1,0,0,0,0,0,0,0,;0.2237;1;1;272800;1.00;
3Z1VWDJDMCXXDMC10K62ECWQF20F8X.png;0.0798,0.0848,0.0012,0.0816,0.0000,0.0000,0.0000,0.0660,0.0000,0.0000,0.0000,0.0000,0.0000,0.0000,0.0000,0.0000,;4,0,0,0,0,0,0,0,0,0,0,;0.0627;4;2;545600;4.00;
3Z1VWDJDNDED63DNWYEYK1BZJ9X8FQ.png;0.0511,0.0000,0.0000,0.0000,0.0000,0.0000,0.0000,0.0000,0.0000,0.0000,0.0000,0.0000,0.0000,0.0000,0.0000,0.0000,;1,0,0,0,0,0,0,0,0,0,0,;0.0511;1;1;272800;1.00;
3ZAK6NWIZ37QLEUJSP86OBIVCQQ9VS.png;0.0099,0.0099,0.0180,0.0000,0.0000,0.2100,0.0000,0.0000,0.0000,0.0000,0.0000,0.0000,0.0000,0.0000,0.0000,0.0000,;1,0,1,0,0,0,0,0,0,0,0,;0.0620;1;1;272800;1.00;
3ZFB7PFNY1ZJD1XM4GHBRRAA6FG931.png;0.1650,0.0000,0.0000,0.0000,0.0000,0.0265,0.0000,0.0218,0.0127,0.0000,0.0000,0.0077,0.0000,0.0000,0.0000,0.0000,;3,1,0,0,0,0,0,0,0,0,0,;0.0467;1;1;272800;1.00;
3ZFB7PFNY1ZJD1XM4GHBRRAA6GF932.png;0.1520,0.0421,0.3730,0.0000,0.0000,0.1621,0.0000,0.0000,0.0294,0.0000,0.0000,0.0000,0.0000,0.0000,0.0000,0.0000,;2,2,0,1,0,0,0,0,0,0,0,;0.1517;3;3;818400;3.00;
3ZNMTDKQXPRIYI9V3LJLED84I1Z2VB.png;0.2166,0.2021,0.2274,0.2305,0.0000,0.2496,0.0000,0.2160,0.0973,0.0000,0.0000,0.0805,0.0000,0.0000,0.0000,0.0000,;2,1,5,0,0,0,0,0,0,0,0,;0.1900;6;6;1636800;6.00;
3ZSDUF3VXOXZ44ZW3SE86JT3CR623Z.png;0.0412,0.0264,0.0274,0.0000,0.0000,0.0185,0.0000,0.0281,0.0000,0.0000,0.0000,0.0285,0.0000,0.0000,0.0000,0.0000,;6,0,0,0,0,0,0,0,0,0,0,;0.0284;2;1;272800;2.00;
3ZXEP6UEFFQUF1V5KFZ2RFEFLM08OQ.png;0.0115,0.0361,0.0644,0.0285,0.0000,0.1834,0.0000,0.0981,0.0039,0.0000,0.0000,0.0052,0.0000,0.0000,0.0000,0.0000,;5,1,0,0,0,0,0,0,0,0,0,;0.0539;3;3;818400;3.00;
