imageID;text densities;Histogram of windows with text densitites b/w 0:0.1:1;threshold;windows greater than threshold;largest connected window (no. of windows);largest connected window in pixels;The average size of connected regions;
306OACM7G04QOX49OC3VEMIMU7KA8L.png;0.1626,0.0623,0.0204,0.0185,;3,1,0,0,0,0,0,0,0,0,0,;0.0660;1;1;1092800;1.00;
30E2X49V611K26Z0IIHLB47CQY53NF.png;0.1058,0.0562,0.0000,0.0000,;2,0,0,0,0,0,0,0,0,0,0,;0.0810;1;1;1092800;1.00;
30E2X49V611K26Z0IIHLB47CQY63NG.png;0.0682,0.0563,0.0481,0.0305,;4,0,0,0,0,0,0,0,0,0,0,;0.0508;2;2;2185600;2.00;
30GUUI0R316PRKEN69AJEXY15MMBCT.png;0.0653,0.0705,0.0693,0.0650,;4,0,0,0,0,0,0,0,0,0,0,;0.0675;2;2;2185600;2.00;
319N3DB42B6LKGW48RIT1IUY6MJEPG.png;0.0966,0.0300,0.0521,0.0615,;4,0,0,0,0,0,0,0,0,0,0,;0.0600;2;1;1092800;2.00;
31H4HIBP9AWNGDF6JZY7J01Z8LG5HP.png;0.2590,0.1252,0.0710,0.0729,;2,1,1,0,0,0,0,0,0,0,0,;0.1320;1;1;1092800;1.00;
31QBDMKNDPO96CGOU6OI3UH1N96L85.png;0.0000,0.0000,0.0288,0.0290,;2,0,0,0,0,0,0,0,0,0,0,;0.0289;1;1;1092800;1.00;
31QOF9ABLNAV27TO4PXO0GLATWO1L1.png;0.1177,0.1424,0.1697,0.0084,;0,3,0,0,0,0,0,0,0,0,0,;0.1095;3;3;3278400;3.00;
31R9JPCYP6DVE0AQVNO2QFRENFMWRA.png;0.3000,0.0651,0.0128,0.0000,;2,0,1,0,0,0,0,0,0,0,0,;0.1260;1;1;1092800;1.00;
31TTIPZ8XM69HILWQZWMCQMN1KS3GE.png;0.0432,0.0000,0.0000,0.0920,;2,0,0,0,0,0,0,0,0,0,0,;0.0676;1;1;1092800;1.00;
31ZZN31VRB1J1I6XNAS9X9DBA59QRV.png;0.0825,0.0350,0.0227,0.0269,;4,0,0,0,0,0,0,0,0,0,0,;0.0418;1;1;1092800;1.00;
3203J2GC2PK4HSXGZ2GG107218V84Q.png;0.1820,0.0350,0.0338,0.0175,;3,1,0,0,0,0,0,0,0,0,0,;0.0671;1;1;1092800;1.00;
3203J2GC2PK4HSXGZ2GG1073Z7V84O.png;0.1250,0.0000,0.0521,0.0448,;2,1,0,0,0,0,0,0,0,0,0,;0.0740;1;1;1092800;1.00;
3203J2GC2PK4HSXGZ2GG1074VAS84P.png;0.0896,0.0000,0.0000,0.0000,;1,0,0,0,0,0,0,0,0,0,0,;0.0896;1;1;1092800;1.00;
320GLP60AN5TS9K5PU8IGRVPKUZ14P.png;0.0327,0.0745,0.0586,0.1183,;3,1,0,0,0,0,0,0,0,0,0,;0.0710;2;1;1092800;2.00;
320GLP60AN6FM9FGZXIOL5AG38941T.png;0.1286,0.1777,0.0577,0.0378,;2,2,0,0,0,0,0,0,0,0,0,;0.1004;2;2;2185600;2.00;
323KIQYDLQ7S9UIT4NE6QLFONB14CB.png;0.0554,0.0000,0.0441,0.0144,;3,0,0,0,0,0,0,0,0,0,0,;0.0380;2;1;1092800;2.00;
3244QHISJ1ITNE98CFK36E7RG91L0N.png;0.0491,0.0000,0.0302,0.0000,;2,0,0,0,0,0,0,0,0,0,0,;0.0396;1;1;1092800;1.00;
3244QHISK2XKVEPCAXDY38M44I9L04.png;0.0866,0.0144,0.0112,0.0227,;4,0,0,0,0,0,0,0,0,0,0,;0.0337;1;1;1092800;1.00;
329GGY5YRI5WHTWS4FZ9QWPAMFRT4W.png;0.0567,0.0220,0.0167,0.0000,;3,0,0,0,0,0,0,0,0,0,0,;0.0318;1;1;1092800;1.00;
32GVUSPLEYOYH9SP841K39EVOUOK3Z.png;0.1267,0.0545,0.1167,0.0981,;2,2,0,0,0,0,0,0,0,0,0,;0.0990;2;1;1092800;2.00;
32GVUSPLFZ61Q5EOZV799O813X5K3C.png;0.1199,0.0271,0.0220,0.0184,;3,1,0,0,0,0,0,0,0,0,0,;0.0469;1;1;1092800;1.00;
32JEHGQ0QIPYH7JPSF8OLMHJ8AAU81.png;0.0416,0.0071,0.0014,0.0040,;1,0,0,0,0,0,0,0,0,0,0,;0.0135;1;1;1092800;1.00;
32JRJ3GOYGFHSVM6IWA88RJNYD8U1D.png;0.2292,0.1275,0.1485,0.0820,;1,2,1,0,0,0,0,0,0,0,0,;0.1468;2;1;1092800;2.00;
32SOQFN7RN4Q5SNOXDF8KS0W4TRIPM.png;0.1823,0.0000,0.0201,0.0913,;2,1,0,0,0,0,0,0,0,0,0,;0.0979;1;1;1092800;1.00;
32WAV7G60PNC75TK9C1M3A29EH0D36.png;0.0436,0.0541,0.0052,0.0221,;3,0,0,0,0,0,0,0,0,0,0,;0.0313;2;2;2185600;2.00;
32WAV7G6ZOBEE25MHO1EVKD7PUBD3N.png;0.0290,0.0000,0.0142,0.0181,;3,0,0,0,0,0,0,0,0,0,0,;0.0204;1;1;1092800;1.00;
330XZFCZ7R2IEZH3T3I3O6ANM0DXTM.png;0.0225,0.0162,0.0000,0.0000,;2,0,0,0,0,0,0,0,0,0,0,;0.0193;1;1;1092800;1.00;
330XZFCZ7RB627L6HWI9543W690TXG.png;0.1557,0.1256,0.1427,0.0821,;1,3,0,0,0,0,0,0,0,0,0,;0.1265;2;1;1092800;2.00;
33EWWXEH81XUPFZ4BLANE2SZQMJ40X.png;0.0284,0.0177,0.0198,0.0068,;3,0,0,0,0,0,0,0,0,0,0,;0.0182;2;1;1092800;2.00;
33FLRCV01N0NF725EJLGLLU8UGYORG.png;0.0372,0.0265,0.0000,0.0134,;3,0,0,0,0,0,0,0,0,0,0,;0.0257;2;2;2185600;2.00;
33QM7VBL79CAH7ME53S2DMVHTOZ3QX.png;0.2069,0.1230,0.1051,0.0944,;2,2,0,0,0,0,0,0,0,0,0,;0.1323;1;1;1092800;1.00;
33RX46D1RXVH625SCIG7UWSYT80X1J.png;0.0667,0.0693,0.0991,0.0896,;4,0,0,0,0,0,0,0,0,0,0,;0.0812;2;2;2185600;2.00;
33XMDKLTFSU7YK1SQJZ2MPHPZ4ZZCZ.png;0.1713,0.1025,0.1174,0.0880,;2,2,0,0,0,0,0,0,0,0,0,;0.1198;1;1;1092800;1.00;
344RGS4J7S874QSQIPH3B5TQWFPMPU.png;0.1477,0.0000,0.0000,0.0391,;1,1,0,0,0,0,0,0,0,0,0,;0.0934;1;1;1092800;1.00;
34B3PHKY7L0QRWI1JO5S4NCKMT3NE1.png;0.0919,0.0463,0.0000,0.0000,;2,0,0,0,0,0,0,0,0,0,0,;0.0691;1;1;1092800;1.00;
34KQN2TBKTGWLIK008X22C5QD2JSAJ.png;0.0000,0.0000,0.0000,0.0000,;0,0,0,0,0,0,0,0,0,0,0,;NaN;0;
34RF8KPUOTU14SPS6MXYXNPWVK1SBB.png;0.0033,0.0126,0.0125,0.0107,;3,0,0,0,0,0,0,0,0,0,0,;0.0098;3;3;3278400;3.00;
34RF8KPUOTU14SPS6MXYXNPWVK1SBB_1.png;0.0679,0.0305,0.0213,0.0210,;4,0,0,0,0,0,0,0,0,0,0,;0.0352;1;1;1092800;1.00;
34RF8KPUOTU14SPS6MXYXNPWVK1SBB_2.png;0.0524,0.0236,0.0189,0.0227,;4,0,0,0,0,0,0,0,0,0,0,;0.0294;1;1;1092800;1.00;
34RF8KPUOTU14SPS6MXYXNPWVK7SBH.png;0.0106,0.0156,0.0194,0.0016,;3,0,0,0,0,0,0,0,0,0,0,;0.0118;2;2;2185600;2.00;
34YKDDZP3UMABNHOK8ECJ4FCOZJWHB.png;0.2097,0.2377,0.2683,0.0986,;1,1,2,0,0,0,0,0,0,0,0,;0.2036;3;3;3278400;3.00;
3568B45QGKRG3Y1LZDHA1JA6BSCO3E.png;0.1438,0.0000,0.0033,0.0306,;1,1,0,0,0,0,0,0,0,0,0,;0.0592;1;1;1092800;1.00;
3589VT1T2BGMXIVHZGNGS492OQIJN8.png;0.0791,0.0000,0.0097,0.0782,;2,0,0,0,0,0,0,0,0,0,0,;0.0557;2;1;1092800;2.00;
35DAEVU8JHJ10FFZ10EN4CRDQ8F870.png;0.0610,0.0251,0.0540,0.0551,;4,0,0,0,0,0,0,0,0,0,0,;0.0488;3;2;2185600;1.50;
35GRDJC92I6VOWRC3MF6JHNHWWLC7I.png;0.0289,0.0089,0.0000,0.0000,;1,0,0,0,0,0,0,0,0,0,0,;0.0189;1;1;1092800;1.00;
35HIM1LU2HRMGPBVQO0P66HG1MBI5I.png;0.0180,0.0917,0.1785,0.1160,;2,2,0,0,0,0,0,0,0,0,0,;0.1010;2;2;2185600;2.00;
35QUA2ABY634ZYN782PTB2BL5I8EGJ.png;0.0807,0.0000,0.0000,0.0000,;1,0,0,0,0,0,0,0,0,0,0,;0.0807;1;1;1092800;1.00;
35QUA2ABZ7MBAB0HZGYJHQ28USWGE7.png;0.1193,0.0000,0.0000,0.0000,;0,1,0,0,0,0,0,0,0,0,0,;0.1193;1;1;1092800;1.00;
361LJMRMCQ5CDYJ025B6700NV8CUR4.png;0.0489,0.0549,0.1337,0.0963,;3,1,0,0,0,0,0,0,0,0,0,;0.0834;2;2;2185600;2.00;
369VX4MEOJAKM0DV8XRK62EAJWKGI1.png;0.1507,0.0111,0.0047,0.0108,;2,1,0,0,0,0,0,0,0,0,0,;0.0443;1;1;1092800;1.00;
36ARV8EEH67U95XPYN59VTZKFJ2VA1.png;0.0544,0.0430,0.0281,0.0086,;3,0,0,0,0,0,0,0,0,0,0,;0.0335;2;2;2185600;2.00;
36FIWAXJH5YZ4NF13JA9L63DO7Z3AS.png;0.1456,0.1840,0.2173,0.1184,;0,3,1,0,0,0,0,0,0,0,0,;0.1663;2;2;2185600;2.00;
36HGGQAXL6KTNEA2DMTHLEEUZ4CVBW.png;0.2366,0.2328,0.0696,0.0709,;2,0,2,0,0,0,0,0,0,0,0,;0.1525;2;2;2185600;2.00;
36HGGQAXL6L87J29O35QD9YQWSFBVG.png;0.0261,0.0725,0.0647,0.0000,;3,0,0,0,0,0,0,0,0,0,0,;0.0408;2;2;2185600;2.00;
36IAL8HYOXSPP9QYVLXZPMFW48E4R6.png;0.0000,0.0000,0.0183,0.0555,;2,0,0,0,0,0,0,0,0,0,0,;0.0369;1;1;1092800;1.00;
36MWL0IRGCO0L6PQ7W22BBNT0ICOHL.png;0.1032,0.1389,0.0116,0.0510,;3,1,0,0,0,0,0,0,0,0,0,;0.0762;2;2;2185600;2.00;
36QDS77QN9NG5USZQM0XMAC2L97HFT.png;0.1591,0.0015,0.0924,0.2106,;1,1,1,0,0,0,0,0,0,0,0,;0.1159;2;1;1092800;2.00;
36QDS77QN9Y3AP81GU3ZJ983H37HFJ.png;0.0512,0.0000,0.0215,0.0202,;3,0,0,0,0,0,0,0,0,0,0,;0.0310;1;1;1092800;1.00;
36R3RQSDPTXRSZ6X7FR6HZHDYAF078.png;0.0159,0.0050,0.0164,0.0141,;3,0,0,0,0,0,0,0,0,0,0,;0.0129;3;2;2185600;1.50;
375FCEJV4GX4B1VR293XJCDD0I7CCJ.png;0.1750,0.1421,0.1364,0.1110,;0,4,0,0,0,0,0,0,0,0,0,;0.1411;2;2;2185600;2.00;
375MF9UHMRPR2XWE6NL8JC3TL1HSX9.png;0.1191,0.0332,0.0000,0.0000,;1,1,0,0,0,0,0,0,0,0,0,;0.0761;1;1;1092800;1.00;
37672WDDC2JA93V4O46FCCJ2VAJNM9.png;0.0294,0.0692,0.0000,0.0000,;2,0,0,0,0,0,0,0,0,0,0,;0.0493;1;1;1092800;1.00;
378UBY8FQ61LFCJMHZWZTRZI59A8TB.png;0.2058,0.3007,0.0685,0.0191,;2,1,1,0,0,0,0,0,0,0,0,;0.1485;2;2;2185600;2.00;
378UBY8FR7AABMKBM232FCEFT60T8E.png;0.2112,0.1412,0.0538,0.0264,;2,1,1,0,0,0,0,0,0,0,0,;0.1081;2;2;2185600;2.00;
379R4POZ46ZM5D7FMP5TH9FBQ7PRXR.png;0.0271,0.0161,0.0000,0.0027,;2,0,0,0,0,0,0,0,0,0,0,;0.0153;2;2;2185600;2.00;
37CCG24EIZSNBY0O0RYFBPCKLTQZRW.png;0.0096,0.0034,0.0073,0.0050,;0,0,0,0,0,0,0,0,0,0,0,;0.0064;2;1;1092800;2.00;
37CCG24EIZSNBY0O0RYFBPCKLTQZRW_1.png;0.0197,0.0068,0.0062,0.0000,;1,0,0,0,0,0,0,0,0,0,0,;0.0109;1;1;1092800;1.00;
37CCG24EIZSNBY0O0RYFBPCKLTQZRW_2.png;0.0181,0.0048,0.0047,0.0048,;1,0,0,0,0,0,0,0,0,0,0,;0.0081;1;1;1092800;1.00;
37FXVUXR5NUGX6LAN3N06Z6PNZ6EWN.png;0.0097,0.0000,0.0000,0.0000,;0,0,0,0,0,0,0,0,0,0,0,;0.0097;1;1;1092800;1.00;
37NNZ8MO7S6VRHEMSEGUVBLX898EQM.png;0.1344,0.0166,0.0036,0.0039,;1,1,0,0,0,0,0,0,0,0,0,;0.0396;1;1;1092800;1.00;
37QHTW84X0Z4WRFH6C4VHQ7JNTDJDT.png;0.1093,0.0027,0.0102,0.0141,;3,0,0,0,0,0,0,0,0,0,0,;0.0341;1;1;1092800;1.00;
37ZHE2JT1D250TKIB56TICN73UM88S.png;0.1468,0.0000,0.0158,0.0226,;2,1,0,0,0,0,0,0,0,0,0,;0.0617;1;1;1092800;1.00;
37ZHE2JT1D250TKIB56TICN73UQ88W.png;0.1564,0.2196,0.0000,0.0000,;0,1,1,0,0,0,0,0,0,0,0,;0.1880;1;1;1092800;1.00;
37ZUGP9H9BONPT0XCKXE3200JPH817.png;0.1633,0.0900,0.1153,0.1121,;1,3,0,0,0,0,0,0,0,0,0,;0.1202;1;1;1092800;1.00;
37ZUGP9H9BONPT0XCKXE3201JQL81F.png;0.0726,0.0000,0.0000,0.0000,;1,0,0,0,0,0,0,0,0,0,0,;0.0726;1;1;1092800;1.00;
38464Y8J3VK9Y56OSLPV9KDIFIGV4J.png;0.0317,0.0232,0.0167,0.0210,;4,0,0,0,0,0,0,0,0,0,0,;0.0232;2;2;2185600;2.00;
389X50RO4VDYCDHURIYQ7760LL5343.png;0.0654,0.0560,0.0226,0.0000,;3,0,0,0,0,0,0,0,0,0,0,;0.0480;2;2;2185600;2.00;
38DNTK7MFN2OC2PZPWU81IIJXME01H.png;0.0211,0.0382,0.0405,0.0270,;4,0,0,0,0,0,0,0,0,0,0,;0.0317;2;2;2185600;2.00;
38DNTK7MFN34LCW85JTSAD2CXFQ01S.png;0.2326,0.0450,0.0439,0.0000,;2,0,1,0,0,0,0,0,0,0,0,;0.1072;1;1;1092800;1.00;
38DNTK7MFN3UAZX8DF8S385AB3E10K.png;0.1466,0.0559,0.0202,0.0474,;3,1,0,0,0,0,0,0,0,0,0,;0.0676;1;1;1092800;1.00;
38FWZZ3ILTDK8ICQRL4PWREV0HIYN7.png;0.0703,0.0471,0.0412,0.0384,;4,0,0,0,0,0,0,0,0,0,0,;0.0493;1;1;1092800;1.00;
38GRQLZZQQCOARQX7FK2NWOBS4K0CN.png;0.0000,0.0000,0.0000,0.0000,;0,0,0,0,0,0,0,0,0,0,0,;NaN;0;
38IOEK81UIQHG7BFV93TAAEQ3W496W.png;0.0151,0.1854,0.0000,0.0000,;1,1,0,0,0,0,0,0,0,0,0,;0.1002;1;1;1092800;1.00;
38LYNH3Q4ODLGFNEHSAP2J87XNZMGY.png;0.0833,0.0146,0.0276,0.0270,;4,0,0,0,0,0,0,0,0,0,0,;0.0381;1;1;1092800;1.00;
38LYNH3Q5PUFYTLC9WG1VAJL0LTGM5.png;0.1023,0.1178,0.1779,0.0629,;2,2,0,0,0,0,0,0,0,0,0,;0.1152;2;2;2185600;2.00;
38MNOT6KWIG21RX6PKH1YJB8VKDT05.png;0.0475,0.0000,0.0000,0.0000,;1,0,0,0,0,0,0,0,0,0,0,;0.0475;1;1;1092800;1.00;
38MNOT6KWIG21RX6PKH1YJB8VKDT05_1.png;0.2210,0.0000,0.0000,0.0000,;0,0,1,0,0,0,0,0,0,0,0,;0.2210;1;1;1092800;1.00;
38MNOT6KWIG21RX6PKH1YJB8VKDT05_2.png;0.1101,0.0000,0.0000,0.0000,;0,1,0,0,0,0,0,0,0,0,0,;0.1101;1;1;1092800;1.00;
38NH2CI7ROPJ1MAJ3F139HJ5CPPVU5.png;0.0517,0.1896,0.0089,0.0701,;2,1,0,0,0,0,0,0,0,0,0,;0.0801;1;1;1092800;1.00;
38NH2CI7SPCMWUJ4T62C2GD654VVUY.png;0.0474,0.0245,0.0243,0.0273,;4,0,0,0,0,0,0,0,0,0,0,;0.0309;1;1;1092800;1.00;
38VQ1AW9T5WCGLEK2ZAP9I6I4O826I.png;0.0715,0.0175,0.0587,0.0473,;4,0,0,0,0,0,0,0,0,0,0,;0.0487;2;1;1092800;2.00;
390EOHYPK4Q05K2TRHZ1W9N0LW8X3W.png;0.0634,0.0028,0.0000,0.0141,;2,0,0,0,0,0,0,0,0,0,0,;0.0268;1;1;1092800;1.00;
39393HGTI5QMIY6JHIT1M5IIGWJEOF.png;0.2308,0.0901,0.1250,0.0899,;2,1,1,0,0,0,0,0,0,0,0,;0.1339;1;1;1092800;1.00;
394TEHR260P29GUZO0UUQSDZ63O65J.png;0.0479,0.0000,0.0000,0.0000,;1,0,0,0,0,0,0,0,0,0,0,;0.0479;1;1;1092800;1.00;
39PLFW4P2L2RPNN40J9QB1XCZ2O4HT.png;0.0750,0.0256,0.0196,0.0139,;4,0,0,0,0,0,0,0,0,0,0,;0.0335;1;1;1092800;1.00;
39UNKKTVDF8Y9H8JFO9U930XMBHYGJ.png;0.0040,0.0000,0.0000,0.0000,;0,0,0,0,0,0,0,0,0,0,0,;0.0040;1;1;1092800;1.00;
39UNKKTVDFFX9VEX2EW7RYBUQ2JGYD.png;0.0926,0.0637,0.0687,0.0295,;4,0,0,0,0,0,0,0,0,0,0,;0.0636;3;3;3278400;3.00;
39VNNFFKK59EW3XI1HP5P046ZAXXVP.png;0.0322,0.0195,0.0437,0.0277,;4,0,0,0,0,0,0,0,0,0,0,;0.0308;2;1;1092800;2.00;
39Y8ZSVZWWM1XMK47AFGQNZOPQQVZE.png;0.0701,0.0540,0.0610,0.1001,;4,0,0,0,0,0,0,0,0,0,0,;0.0713;1;1;1092800;1.00;
39Y8ZSVZXXM4Z9DMIL8I9OJZBK9VZ6.png;0.1770,0.0852,0.0210,0.0000,;2,1,0,0,0,0,0,0,0,0,0,;0.0944;1;1;1092800;1.00;
3AA189Q6B51983MEFLORU493K7KMWE.png;0.1115,0.0217,0.0147,0.0105,;3,1,0,0,0,0,0,0,0,0,0,;0.0396;1;1;1092800;1.00;
3AA189Q6B52Z6L7EV3NS06BHCKRWMY.png;0.1795,0.0990,0.0190,0.0157,;3,1,0,0,0,0,0,0,0,0,0,;0.0783;2;2;2185600;2.00;
3AA189Q6C6N6C9XRHK508ZBLMH8WM3.png;0.0858,0.0079,0.0093,0.0022,;1,0,0,0,0,0,0,0,0,0,0,;0.0263;1;1;1092800;1.00;
3AA189Q6C6TLNJILLV2LOGYDJT7MWV.png;0.1120,0.1048,0.0385,0.0139,;3,1,0,0,0,0,0,0,0,0,0,;0.0673;2;2;2185600;2.00;
3AJ89545NQHYX91N7X3ADUYHKVTBEA.png;0.0903,0.0390,0.1102,0.1366,;2,2,0,0,0,0,0,0,0,0,0,;0.0941;2;2;2185600;2.00;
3AJ89545NQRFJUS6JU65GFBBEJ7BEW.png;0.1200,0.0016,0.0328,0.0000,;1,1,0,0,0,0,0,0,0,0,0,;0.0515;1;1;1092800;1.00;
3AMAQJSW8I20H10ADEKNBNOAVRROI5.png;0.0448,0.0000,0.0000,0.0000,;1,0,0,0,0,0,0,0,0,0,0,;0.0448;1;1;1092800;1.00;
3B9PUZPHFHW5PZT5Q7OV88NG9W6JA5.png;0.1093,0.0479,0.0139,0.0000,;3,0,0,0,0,0,0,0,0,0,0,;0.0570;1;1;1092800;1.00;
3BGEFHL0JHEL8I3UU0A0G1OJRYOJBS.png;0.0659,0.1448,0.1330,0.1089,;2,2,0,0,0,0,0,0,0,0,0,;0.1131;2;2;2185600;2.00;
3BHOG8KFNLAK9AB1ZQLEP6Q0T3RR81.png;0.1888,0.1340,0.1482,0.1766,;0,4,0,0,0,0,0,0,0,0,0,;0.1619;2;1;1092800;2.00;
3BK5FW2G6MZ18ENS8D29GOXE9AHRCA.png;0.0590,0.0965,0.0000,0.0000,;2,0,0,0,0,0,0,0,0,0,0,;0.0777;1;1;1092800;1.00;
3BRG9Q58M1LAH7AQ01RWX47CRWFYQ2.png;0.0647,0.0328,0.0457,0.0251,;4,0,0,0,0,0,0,0,0,0,0,;0.0421;2;1;1092800;2.00;
3BZN229KV5TWHZF32GLR8LCC1TX6DS.png;0.0695,0.0836,0.0031,0.0070,;2,0,0,0,0,0,0,0,0,0,0,;0.0408;2;2;2185600;2.00;
3C2UN3Y7UJLGZT23JF159R7GHEFMFI.png;0.1491,0.1941,0.1851,0.1564,;0,4,0,0,0,0,0,0,0,0,0,;0.1712;2;2;2185600;2.00;
3CF7EZI55RWEYNZ9U956QWWUG93IL2.png;0.1077,0.0528,0.0356,0.0345,;4,0,0,0,0,0,0,0,0,0,0,;0.0577;1;1;1092800;1.00;
3CP9VRCFS74RV9VXRUIMMBYWTQDUEZ.png;0.0310,0.0896,0.0000,0.0000,;2,0,0,0,0,0,0,0,0,0,0,;0.0603;1;1;1092800;1.00;
3CTCX9NXB5M1LSUM0XPXZV8QE2WLJA.png;0.1285,0.0721,0.1936,0.2263,;1,2,1,0,0,0,0,0,0,0,0,;0.1551;2;2;2185600;2.00;
3CTCX9NXC67QIV0KKFDEFSMCFTJJLN.png;0.2072,0.3922,0.0972,0.0000,;1,1,0,1,0,0,0,0,0,0,0,;0.2322;1;1;1092800;1.00;
3CVHT3IKUYKSX9WRAWTF52715RU0R4.png;0.1586,0.0630,0.0830,0.0305,;3,1,0,0,0,0,0,0,0,0,0,;0.0838;1;1;1092800;1.00;
3CYDGW98NMPSZAAQ0W8MOBJZSSBOM6.png;0.1362,0.0378,0.1181,0.0873,;2,2,0,0,0,0,0,0,0,0,0,;0.0949;2;1;1092800;2.00;
3D00S7P7YG22I1NWJE5APKC40DIEZA.png;0.1385,0.0253,0.0039,0.0000,;1,1,0,0,0,0,0,0,0,0,0,;0.0559;1;1;1092800;1.00;
3D3KZYB02J3NX4IAX3WJJNSJTAYV8O.png;0.2027,0.1013,0.0534,0.0000,;2,1,0,0,0,0,0,0,0,0,0,;0.1192;1;1;1092800;1.00;
3D3KZYB03KLUXQ4AWC4FKH86OYE8VD.png;0.1519,0.0000,0.0000,0.0000,;0,1,0,0,0,0,0,0,0,0,0,;0.1519;1;1;1092800;1.00;
3D3X1L1OBIRB9XRZKHJ79UYYYTK1VU.png;0.0712,0.0840,0.0576,0.0565,;4,0,0,0,0,0,0,0,0,0,0,;0.0673;2;2;2185600;2.00;
3D3X1L1OBIRB9XRZKHJ79UYYYTK1VU_1.png;0.0604,0.0449,0.0169,0.0000,;3,0,0,0,0,0,0,0,0,0,0,;0.0407;2;2;2185600;2.00;
3D3X1L1OBIRB9XRZKHJ79UYYYTK1VU_2.png;0.0619,0.0692,0.0792,0.0657,;4,0,0,0,0,0,0,0,0,0,0,;0.0690;2;2;2185600;2.00;
3D7N1211O74L32LV8ZFDVQWGH61MAZ.png;0.0089,0.0257,0.0756,0.0386,;3,0,0,0,0,0,0,0,0,0,0,;0.0372;2;2;2185600;2.00;
3D7N1211P8PBU1MJEXLJFBT15KWAMH.png;0.0675,0.0293,0.0389,0.0272,;4,0,0,0,0,0,0,0,0,0,0,;0.0407;1;1;1092800;1.00;
3D8B00U52IVJZWECZOBXRVFXL2U83O.png;0.1661,0.0440,0.0302,0.0000,;2,1,0,0,0,0,0,0,0,0,0,;0.0801;1;1;1092800;1.00;
3D8B00U52IVJZWECZOBXRVFYHAV833.png;0.0464,0.0003,0.0000,0.0398,;2,0,0,0,0,0,0,0,0,0,0,;0.0288;2;1;1092800;2.00;
3DBJK6OC3AF4JLMP40JUKZIT4XNYF3.png;0.3819,0.0598,0.1333,0.0251,;2,1,0,1,0,0,0,0,0,0,0,;0.1500;1;1;1092800;1.00;
3DCXWU0MSDB2RCYGDPZ82R371ZGTVX.png;0.0772,0.0895,0.0648,0.0013,;3,0,0,0,0,0,0,0,0,0,0,;0.0582;3;3;3278400;3.00;
3DECMKXKT815JCLN1RI1KKDJDFAMBB.png;0.2029,0.1354,0.0971,0.1863,;1,3,0,0,0,0,0,0,0,0,0,;0.1554;2;1;1092800;2.00;
3DHOXWJRSC3OAPE5AL86OV64DJCT3O.png;0.2111,0.1412,0.0538,0.0264,;2,1,1,0,0,0,0,0,0,0,0,;0.1081;2;2;2185600;2.00;
3DPZKFEUURUGTQUQB4SOUUG5ZFPI4V.png;0.1084,0.1264,0.0860,0.0054,;2,1,0,0,0,0,0,0,0,0,0,;0.0816;3;3;3278400;3.00;
3DPZKFEUVSIPT2ERNEAT4GS1UAKI44.png;0.1529,0.1693,0.0915,0.1155,;1,3,0,0,0,0,0,0,0,0,0,;0.1323;2;2;2185600;2.00;
3DXFGU9SKN7P79WJOTN6EK4MLG3EXS.png;0.1260,0.0929,0.0208,0.0203,;3,1,0,0,0,0,0,0,0,0,0,;0.0650;2;2;2185600;2.00;
3DXFGU9SKNVTS8DGXQ8KL6UJIRCXE8.png;0.1092,0.0018,0.0280,0.1637,;2,1,0,0,0,0,0,0,0,0,0,;0.0757;2;1;1092800;2.00;
3DXFGU9SLODY46WA7XIQCVBUTMKEXQ.png;0.2601,0.1311,0.0135,0.0049,;1,1,1,0,0,0,0,0,0,0,0,;0.1024;2;2;2185600;2.00;
3E9JM64F23SDM8DQUQW3OKIR1A0NP8.png;0.1613,0.0000,0.0000,0.1000,;1,1,0,0,0,0,0,0,0,0,0,;0.1306;1;1;1092800;1.00;
3EGCY5R6XYZQLTGPWNN8D6V7K3JYA2.png;0.1403,0.2055,0.1337,0.1550,;0,4,0,0,0,0,0,0,0,0,0,;0.1586;1;1;1092800;1.00;
3EJ1F91ANSU6O8N3S3NGZ4GVCA2IZW.png;0.0976,0.0732,0.0023,0.0043,;2,0,0,0,0,0,0,0,0,0,0,;0.0443;2;2;2185600;2.00;
3EOZAW7619J5YKCNUIDNV84T8098HV.png;0.1995,0.1005,0.1186,0.4202,;1,2,0,0,1,0,0,0,0,0,0,;0.2097;1;1;1092800;1.00;
3EOZAW762AHX3MFSNYKKE4EQ4INH8Q.png;0.1187,0.1495,0.0965,0.0193,;2,2,0,0,0,0,0,0,0,0,0,;0.0960;3;3;3278400;3.00;
3ERG9KP7KAETHL286FNRQ00RYLWCHM.png;0.1320,0.0478,0.0504,0.0495,;3,1,0,0,0,0,0,0,0,0,0,;0.0699;1;1;1092800;1.00;
3EULM6QNGEDGI0DDZ62WA3R8YV4JXB.png;0.0463,0.0000,0.0139,0.0000,;2,0,0,0,0,0,0,0,0,0,0,;0.0301;1;1;1092800;1.00;
3EX6YJ62T6GKTDIQJCCYD4JMD62ZJG.png;0.1468,0.0181,0.0167,0.0775,;3,1,0,0,0,0,0,0,0,0,0,;0.0648;2;1;1092800;2.00;
3EXC7SWSR38EV80UNYXZTOBA3ESHT8.png;0.0451,0.0235,0.0313,0.0000,;3,0,0,0,0,0,0,0,0,0,0,;0.0333;1;1;1092800;1.00;
3F0Z1FPMUNUP6TOTMH2XGS6T5GJLYU.png;0.0119,0.0209,0.1661,0.0930,;3,1,0,0,0,0,0,0,0,0,0,;0.0730;2;2;2185600;2.00;
3F0Z1FPMUNWB7D1EFV5M6IVBAHELYR.png;0.0959,0.0655,0.0901,0.0140,;4,0,0,0,0,0,0,0,0,0,0,;0.0664;2;1;1092800;2.00;
3F12ASV6AWHSTTB7IFZKMVGLLVZM46.png;0.1523,0.1704,0.0311,0.0399,;2,2,0,0,0,0,0,0,0,0,0,;0.0984;2;2;2185600;2.00;
3F2SNR5B8MKSI92Q9DG0FV11BKO0HL.png;0.0321,0.0159,0.0081,0.0156,;3,0,0,0,0,0,0,0,0,0,0,;0.0179;1;1;1092800;1.00;
3FKD865UZQBJZ4661LLBINGEMFPMUJ.png;0.1653,0.1945,0.0000,0.0000,;0,2,0,0,0,0,0,0,0,0,0,;0.1799;1;1;1092800;1.00;
3FKD865UZQBJZ4661LLBINGENHPMUO.png;0.1077,0.1393,0.0000,0.0000,;1,1,0,0,0,0,0,0,0,0,0,;0.1235;1;1;1092800;1.00;
3FKD865UZQG0HB1FDHAJVT0FL3FMUG.png;0.0672,0.0514,0.0179,0.0000,;3,0,0,0,0,0,0,0,0,0,0,;0.0455;2;2;2185600;2.00;
3FOA7RUSUPLLDDXZNITMB1EHL6FPGL.png;0.2397,0.1398,0.0354,0.0621,;2,1,1,0,0,0,0,0,0,0,0,;0.1192;2;2;2185600;2.00;
3FQJF6D1R1SUSJ130G368H5I02G92S.png;0.1929,0.0945,0.0042,0.0000,;1,1,0,0,0,0,0,0,0,0,0,;0.0972;1;1;1092800;1.00;
3FQJF6D1S2STVEIP11IICRPWDI892M.png;0.2011,0.0000,0.0000,0.0000,;0,1,0,0,0,0,0,0,0,0,0,;0.2011;1;1;1092800;1.00;
3G2I6FODBC43UCDM72LBPP8Z9I0L60.png;0.0451,0.0000,0.0000,0.0000,;1,0,0,0,0,0,0,0,0,0,0,;0.0451;1;1;1092800;1.00;
3GAR7VLBJNDRH4HH5ZWWCFRBGXZ4Y9.png;0.1809,0.1224,0.1920,0.0795,;1,3,0,0,0,0,0,0,0,0,0,;0.1437;2;1;1092800;2.00;
3GAR7VLBJNEKQVA3XEJQ66MZFEXY4T.png;0.1379,0.0161,0.0082,0.0125,;2,1,0,0,0,0,0,0,0,0,0,;0.0437;1;1;1092800;1.00;
3GBCJUK5C2GRHG97MHYVG9NBQMOPK9.png;0.1142,0.0999,0.0276,0.0353,;3,1,0,0,0,0,0,0,0,0,0,;0.0693;2;2;2185600;2.00;
3GBCJUK5C2NMDEDWS686X6QI2G8KP3.png;0.0000,0.0000,0.0000,0.0000,;0,0,0,0,0,0,0,0,0,0,0,;NaN;0;
3GC8IVJ10EOCB71QWZ4YFX98VOS9NN.png;0.0544,0.0283,0.1383,0.1576,;2,2,0,0,0,0,0,0,0,0,0,;0.0947;2;2;2185600;2.00;
3GRRK9BQWRDBESRD36S5634M392PD9.png;0.0000,0.0000,0.0288,0.0290,;2,0,0,0,0,0,0,0,0,0,0,;0.0289;1;1;1092800;1.00;
3GRRK9BQWRPD54OGKFA4YQ8537VPDJ.png;0.1199,0.0055,0.0061,0.0051,;0,1,0,0,0,0,0,0,0,0,0,;0.0342;1;1;1092800;1.00;
3GZMSD8U5X9MRGKQIZ546O8UKB695Q.png;0.0653,0.0885,0.1097,0.0446,;4,0,0,0,0,0,0,0,0,0,0,;0.0770;2;2;2185600;2.00;
3GZMSD8U5X9MRGKQIZ546O8UKC795T.png;0.0800,0.0642,0.0173,0.1116,;3,1,0,0,0,0,0,0,0,0,0,;0.0683;2;1;1092800;2.00;
3GZMSD8U6Y8M82W4VRHXFG1G1IS95R.png;0.0738,0.0545,0.0287,0.0000,;3,0,0,0,0,0,0,0,0,0,0,;0.0524;2;2;2185600;2.00;
3H41Q6XMRNJ731MM548PSMBGOYMG2I.png;0.1636,0.0514,0.0269,0.0304,;3,1,0,0,0,0,0,0,0,0,0,;0.0681;1;1;1092800;1.00;
3H41Q6XMRNUCK2PCFPR6Y35LJFT2GW.png;0.0000,0.0503,0.0138,0.0000,;2,0,0,0,0,0,0,0,0,0,0,;0.0321;1;1;1092800;1.00;
3H5CSD5832HNKRNN8SDJ6TWED17E80.png;0.0646,0.1423,0.1929,0.0555,;2,2,0,0,0,0,0,0,0,0,0,;0.1138;2;2;2185600;2.00;
3H5CSD5832HNKRNN8SDJ6TWL583E8G.png;0.0932,0.0112,0.0084,0.0000,;2,0,0,0,0,0,0,0,0,0,0,;0.0376;1;1;1092800;1.00;
3HBZ8AD97D3GZ7VEBIN9M1728BDNN9.png;0.0453,0.0000,0.0701,0.0583,;3,0,0,0,0,0,0,0,0,0,0,;0.0579;2;2;2185600;2.00;
3HBZ8AD97D3GZ7VEBIN9M18U9EHNN5.png;0.0512,0.0567,0.0438,0.0517,;4,0,0,0,0,0,0,0,0,0,0,;0.0509;3;2;2185600;1.50;
3HL3WX653BXN6QCFW6M6ATC7KPGPQT.png;0.2387,0.0664,0.0448,0.0758,;3,0,1,0,0,0,0,0,0,0,0,;0.1064;1;1;1092800;1.00;
3HQI26VRPRS5H4RSBPY2KOCMRQ13R0.png;0.0647,0.0367,0.0301,0.0290,;4,0,0,0,0,0,0,0,0,0,0,;0.0401;1;1;1092800;1.00;
3HVLA9UQN4GKVQOHDHMDH1A7KETU66.png;0.0919,0.0828,0.0428,0.0621,;4,0,0,0,0,0,0,0,0,0,0,;0.0699;2;2;2185600;2.00;
3HYDIS22CWMMEZBE3G64NG7ZMZON5V.png;0.2873,0.0326,0.0095,0.0057,;1,0,1,0,0,0,0,0,0,0,0,;0.0838;1;1;1092800;1.00;
3HYDIS22DXJRRCQBI3AE9ELUHK15NC.png;0.0536,0.0315,0.0446,0.0280,;4,0,0,0,0,0,0,0,0,0,0,;0.0394;2;1;1092800;2.00;
3I21NMEA63DY0BA82BXKKSLPMBYSHT.png;0.0910,0.1069,0.0661,0.0483,;4,0,0,0,0,0,0,0,0,0,0,;0.0781;2;2;2185600;2.00;
3I21NMEA63DY0BA82BXKKSLPMBYSHT_1.png;0.1269,0.0790,0.1610,0.1068,;2,2,0,0,0,0,0,0,0,0,0,;0.1184;2;1;1092800;2.00;
3I21NMEA63DY0BA82BXKKSLPMBYSHT_2.png;0.1109,0.0829,0.0842,0.0766,;3,1,0,0,0,0,0,0,0,0,0,;0.0886;1;1;1092800;1.00;
3I3RVCR3FK2XEB4GMX9G7IJ2RLH6XI.png;0.0421,0.0034,0.0019,0.0231,;2,0,0,0,0,0,0,0,0,0,0,;0.0176;2;1;1092800;2.00;
3I5ZXD44IULX7AZS354F5V5W46GJCA.png;0.0816,0.0000,0.0156,0.0227,;3,0,0,0,0,0,0,0,0,0,0,;0.0399;1;1;1092800;1.00;
3I5ZXD44JV69M8DWVE4I5ER80XVCJX.png;0.0544,0.0326,0.0333,0.0316,;4,0,0,0,0,0,0,0,0,0,0,;0.0380;1;1;1092800;1.00;
3I5ZXD44JV69M8DWVE4I5ER80XVCJX_1.png;0.0998,0.0199,0.0248,0.0396,;4,0,0,0,0,0,0,0,0,0,0,;0.0460;1;1;1092800;1.00;
3I5ZXD44JV69M8DWVE4I5ER80XVCJX_2.png;0.0639,0.0365,0.0322,0.0359,;4,0,0,0,0,0,0,0,0,0,0,;0.0421;1;1;1092800;1.00;
3I5ZXD44JVHG9J4AOHWFS96B5XBJCP.png;0.0863,0.0089,0.0402,0.0389,;3,0,0,0,0,0,0,0,0,0,0,;0.0436;1;1;1092800;1.00;
3ID43DSF5JBJ2SZGW2H8HR9RGRT5G5.png;0.0158,0.0179,0.0224,0.0000,;3,0,0,0,0,0,0,0,0,0,0,;0.0187;1;1;1092800;1.00;
3IE95L92ROOBGIB0W5PPNWUUL5E7M3.png;0.0352,0.0302,0.0000,0.0000,;2,0,0,0,0,0,0,0,0,0,0,;0.0327;1;1;1092800;1.00;
3IOQH27Z2E4FFLJVR8TNNB4HIMC1IN.png;0.1863,0.0041,0.0173,0.0948,;2,1,0,0,0,0,0,0,0,0,0,;0.0756;2;1;1092800;2.00;
3IR329NZ7YGB0BGT612CO4BTUIW2K0.png;0.0000,0.0000,0.0000,0.0000,;0,0,0,0,0,0,0,0,0,0,0,;NaN;0;
3IRUE3ZCDH3J5468JOOGJ1Y2ZWZIC5.png;0.1220,0.1448,0.0495,0.1192,;1,3,0,0,0,0,0,0,0,0,0,;0.1089;3;2;2185600;1.50;
3IXQCB6XI8S61DI53P5ICGI2I9BTIR.png;0.1487,0.2441,0.1275,0.0909,;1,2,1,0,0,0,0,0,0,0,0,;0.1528;1;1;1092800;1.00;
3J06FGISLU272UJU8S9F5O38AK5K50.png;0.1072,0.0954,0.0503,0.0845,;4,0,0,0,0,0,0,0,0,0,0,;0.0843;3;2;2185600;1.50;
3J06FGISMVRO4EVZMT2NFJ1KME95KI.png;0.0814,0.0088,0.0451,0.0000,;2,0,0,0,0,0,0,0,0,0,0,;0.0451;1;1;1092800;1.00;
3J567DP9LLBDQUW0322ZJ0FWFWZFPB.png;0.1296,0.0113,0.0637,0.0901,;3,1,0,0,0,0,0,0,0,0,0,;0.0737;2;1;1092800;2.00;
3J5HEGTZRLQ9SE8SW9LZS2A15OXGGI.png;0.0000,0.0000,0.0000,0.0000,;0,0,0,0,0,0,0,0,0,0,0,;NaN;0;
3JCELWMC4PY7J05E7LXQXNDWO6Y3V4.png;0.0804,0.0306,0.0364,0.0370,;4,0,0,0,0,0,0,0,0,0,0,;0.0461;1;1;1092800;1.00;
3JG2O8WUZH7UTHWSYCP6CNBWVH79WZ.png;0.0636,0.0525,0.0207,0.0211,;4,0,0,0,0,0,0,0,0,0,0,;0.0395;2;2;2185600;2.00;
3JGBBKK855Q5HY1J6RVO56S97I9J0I.png;0.1304,0.0783,0.0044,0.0064,;1,1,0,0,0,0,0,0,0,0,0,;0.0549;2;2;2185600;2.00;
3JGLGV9D6KL86TQHYYZCMI0V13JD5Y.png;0.0161,0.0727,0.0223,0.0144,;4,0,0,0,0,0,0,0,0,0,0,;0.0314;1;1;1092800;1.00;
3JT4BYK2Y4IL1Z22PAHP7P5PI0U2WH.png;0.0643,0.0291,0.0000,0.0000,;2,0,0,0,0,0,0,0,0,0,0,;0.0467;1;1;1092800;1.00;
3K0G5SYN9K0M6D335K10A1FE8RM8MU.png;0.1776,0.3191,0.1013,0.1209,;1,2,0,1,0,0,0,0,0,0,0,;0.1797;1;1;1092800;1.00;
3K0G5SYNALYS7SB8UL3I5RQZNM3M85.png;0.0888,0.1491,0.1762,0.1288,;1,3,0,0,0,0,0,0,0,0,0,;0.1357;2;2;2185600;2.00;
3K0T7FOBIJOUXM7ZLBPJYBSGQYWM14.png;0.1258,0.0738,0.0675,0.0139,;3,1,0,0,0,0,0,0,0,0,0,;0.0703;2;2;2185600;2.00;
3K27O5FVBZ6Y1U1OKHZVRLOYVIWW5C.png;0.0882,0.0274,0.0202,0.0223,;4,0,0,0,0,0,0,0,0,0,0,;0.0395;1;1;1092800;1.00;
3K3X4GGOSLN6JKEE0NBXYD5PSA6MC7.png;0.2028,0.0000,0.0770,0.0381,;2,1,0,0,0,0,0,0,0,0,0,;0.1059;1;1;1092800;1.00;
3K3X4GGOSLN6JKEE0NBXYD5PV12MCO.png;0.2027,0.1013,0.0534,0.0000,;2,1,0,0,0,0,0,0,0,0,0,;0.1192;1;1;1092800;1.00;
3K3X4GGOSLN9WHITSDB41LMDI6SMCK.png;0.0000,0.0000,0.0000,0.0765,;1,0,0,0,0,0,0,0,0,0,0,;0.0765;1;1;1092800;1.00;
3K9T2ON9ZE5ORLPELXZMHUO84LJMTT.png;0.0721,0.0414,0.0000,0.0305,;3,0,0,0,0,0,0,0,0,0,0,;0.0480;1;1;1092800;1.00;
3KNJI1FZ8L912486RAFQQV3ZEP6NQU.png;0.1114,0.2371,0.2328,0.0608,;1,1,2,0,0,0,0,0,0,0,0,;0.1605;2;2;2185600;2.00;
3L4EWVFWCZFLPLXQZ7MWBK7MU2X9OK.png;0.0741,0.0751,0.0000,0.0000,;2,0,0,0,0,0,0,0,0,0,0,;0.0746;1;1;1092800;1.00;
3L8V324VIV0JU2BOPG7PUH68F6NF91.png;0.0211,0.0249,0.0000,0.0000,;2,0,0,0,0,0,0,0,0,0,0,;0.0230;1;1;1092800;1.00;
3L8V324VIVQEQ524CR2N49U2T8GF9N.png;0.1149,0.0689,0.0679,0.1526,;2,2,0,0,0,0,0,0,0,0,0,;0.1011;2;1;1092800;2.00;
3LBF4GRVWQC3B97WPKKEJO5WDODDDG.png;0.0375,0.0000,0.0139,0.0000,;2,0,0,0,0,0,0,0,0,0,0,;0.0257;1;1;1092800;1.00;
3LBF4GRVWQSB1V8AOKNI47EZJYMDDE.png;0.2129,0.2038,0.1879,0.1779,;0,3,1,0,0,0,0,0,0,0,0,;0.1956;2;2;2185600;2.00;
3LCM1J6T1CTW3PUN949YD9G6A99CYC.png;0.0123,0.0000,0.0715,0.0000,;2,0,0,0,0,0,0,0,0,0,0,;0.0419;1;1;1092800;1.00;
3LE9INWSFWFC7U06C7E8H83VJHH0ML.png;0.0000,0.0011,0.0195,0.0301,;2,0,0,0,0,0,0,0,0,0,0,;0.0169;2;2;2185600;2.00;
3LJE53CC7VYWE1O3MIQ180XM33HESQ.png;0.0142,0.0000,0.0226,0.0366,;3,0,0,0,0,0,0,0,0,0,0,;0.0244;1;1;1092800;1.00;
3LLXQSS3GH7EI0TIBFCZBVHJUIM2FF.png;0.0000,0.0000,0.0205,0.3122,;1,0,0,1,0,0,0,0,0,0,0,;0.1663;1;1;1092800;1.00;
3LLXQSS3GH7EI0TIBFCZBVHJURL2FW.png;0.0693,0.0000,0.0229,0.3039,;2,0,1,0,0,0,0,0,0,0,0,;0.1320;1;1;1092800;1.00;
3LV0310AAZ0POAIRABRDV0CJ4TWKD9.png;0.1465,0.1196,0.0393,0.0230,;2,2,0,0,0,0,0,0,0,0,0,;0.0821;2;2;2185600;2.00;
3LV0310AAZ5BVL06B1AU1YGZUNKDKM.png;0.0000,0.0000,0.0000,0.0000,;0,0,0,0,0,0,0,0,0,0,0,;NaN;0;
3LV0310AAZ5BVL06B1AU1YGZUNKDKM_1.png;0.1332,0.0608,0.0623,0.0645,;3,1,0,0,0,0,0,0,0,0,0,;0.0802;1;1;1092800;1.00;
3LV0310AAZ5BVL06B1AU1YGZUNKDKM_2.png;0.0983,0.0601,0.0590,0.0509,;4,0,0,0,0,0,0,0,0,0,0,;0.0670;1;1;1092800;1.00;
3LV0310AAZ7UO39UCWLZNYY1B3BDKS.png;0.1700,0.0720,0.0667,0.0697,;3,1,0,0,0,0,0,0,0,0,0,;0.0946;1;1;1092800;1.00;
3LV0310AB0FIJI1LDLADGNAZ3BMKDF.png;0.1020,0.0898,0.2150,0.1550,;2,1,1,0,0,0,0,0,0,0,0,;0.1405;2;2;2185600;2.00;
3LV0310AB0LE2KPSDVZ5QZ931M3DKU.png;0.0742,0.0405,0.0330,0.0031,;3,0,0,0,0,0,0,0,0,0,0,;0.0377;2;2;2185600;2.00;
3M35MA94IX9MX6PXAQCG5JTOJ1HNO3.png;0.1371,0.2816,0.1783,0.0846,;1,2,1,0,0,0,0,0,0,0,0,;0.1704;2;2;2185600;2.00;
3M6KHLIXGO95W4HFFOS373KMUDHIRT.png;0.0927,0.0121,0.0100,0.0449,;3,0,0,0,0,0,0,0,0,0,0,;0.0399;2;1;1092800;2.00;
3ME56J5KH09H8MTADW07EI1HZMYC6P.png;0.0664,0.0130,0.0058,0.0005,;2,0,0,0,0,0,0,0,0,0,0,;0.0214;1;1;1092800;1.00;
3ME56J5KH0A6OHM7NB7LNJZ2KW86CO.png;0.0554,0.0000,0.0417,0.0257,;3,0,0,0,0,0,0,0,0,0,0,;0.0410;2;1;1092800;2.00;
3MGKBFT74NRL5KAEINTLHYIV1ONSJ5.png;0.0392,0.0000,0.0000,0.0000,;1,0,0,0,0,0,0,0,0,0,0,;0.0392;1;1;1092800;1.00;
3MHMBB6SGFYXPF5WOO57T0Y1YOLKW9.png;0.0383,0.0116,0.0302,0.0000,;3,0,0,0,0,0,0,0,0,0,0,;0.0267;2;1;1092800;2.00;
3MK14RC5NS9WDGLCZVLGWCZQJ24T6G.png;0.0365,0.0222,0.0257,0.0257,;4,0,0,0,0,0,0,0,0,0,0,;0.0275;1;1;1092800;1.00;
3MK14RC5NS9WDGLCZVLGWCZQJ2BT6N.png;0.0742,0.0043,0.0032,0.0060,;1,0,0,0,0,0,0,0,0,0,0,;0.0219;1;1;1092800;1.00;
3MKP0VNPL180YVBEBVOO0GDECBIJRU.png;0.0905,0.0438,0.0000,0.0305,;3,0,0,0,0,0,0,0,0,0,0,;0.0550;1;1;1092800;1.00;
3MNPSGWWOQV9GBTQIUTZ7HIZXBCPUY.png;0.1498,0.2089,0.0094,0.0251,;1,2,0,0,0,0,0,0,0,0,0,;0.0983;2;2;2185600;2.00;
3MNYFQMXON9G1T2C2HOQSK4JSIPY01.png;0.0837,0.0117,0.0000,0.0000,;2,0,0,0,0,0,0,0,0,0,0,;0.0477;1;1;1092800;1.00;
3MQJWSYXNGSYPF0J90X7JRB4GS9O5U.png;0.0514,0.0000,0.0000,0.0000,;1,0,0,0,0,0,0,0,0,0,0,;0.0514;1;1;1092800;1.00;
3MQJWSYXOHGDXJ3GAF96UH2KF625OC.png;0.0197,0.0000,0.0000,0.0000,;1,0,0,0,0,0,0,0,0,0,0,;0.0197;1;1;1092800;1.00;
3MXFP9RGE565H89AY0KXMF94YTQB2U.png;0.1259,0.1199,0.0633,0.1250,;1,3,0,0,0,0,0,0,0,0,0,;0.1085;3;2;2185600;1.50;
3MXFP9RGE565SQ20JA2GC60T4U4B22.png;0.0289,0.0089,0.0000,0.0000,;1,0,0,0,0,0,0,0,0,0,0,;0.0189;1;1;1092800;1.00;
3N9FD9XF48K5Z4R4YKZ4XC3B2YYEVL.png;0.0220,0.0009,0.0240,0.0000,;2,0,0,0,0,0,0,0,0,0,0,;0.0157;2;1;1092800;2.00;
3NAD71TD8V1W7T0ET8V40F6WWDIL2U.png;0.0281,0.0187,0.2026,0.1671,;2,2,0,0,0,0,0,0,0,0,0,;0.1041;2;2;2185600;2.00;
3NCF7G1XJIORLK6VK0UD85LOJVCNAC.png;0.0145,0.0566,0.0669,0.0846,;4,0,0,0,0,0,0,0,0,0,0,;0.0557;3;3;3278400;3.00;
3NCF7G1XKJPJCCJPOHEQSUA1GNWANP.png;0.0009,0.0000,0.0000,0.0001,;0,0,0,0,0,0,0,0,0,0,0,;0.0005;1;1;1092800;1.00;
3NCF7G1XKJPJCCJPOHEQSUA1GNWANP_1.png;0.1294,0.0995,0.0069,0.0114,;2,1,0,0,0,0,0,0,0,0,0,;0.0618;2;2;2185600;2.00;
3NCF7G1XKJPJCCJPOHEQSUA1GNWANP_2.png;0.0805,0.0045,0.0000,0.0000,;1,0,0,0,0,0,0,0,0,0,0,;0.0425;1;1;1092800;1.00;
3NE6EBGK47BU93BYGGU8IB2LO7NE35.png;0.0173,0.0000,0.0000,0.0000,;1,0,0,0,0,0,0,0,0,0,0,;0.0173;1;1;1092800;1.00;
3NJ4SYXGOJ3OVMOHUVEMN5U7Y2PBNN.png;0.0000,0.0000,0.0000,0.0590,;1,0,0,0,0,0,0,0,0,0,0,;0.0590;1;1;1092800;1.00;
3NJ4SYXGOJ3OVMOHUVEMN5U7YYPBNF.png;0.0183,0.0044,0.0037,0.0146,;2,0,0,0,0,0,0,0,0,0,0,;0.0102;2;1;1092800;2.00;
3NJ4SYXGOJNVJBRMT3TGCL1CL9UBNQ.png;0.1700,0.1389,0.1024,0.0402,;2,2,0,0,0,0,0,0,0,0,0,;0.1129;2;2;2185600;2.00;
3NVVDJT9G6OIY2RUWWJCMM9P5JCPXO.png;0.1178,0.0359,0.0794,0.0401,;3,1,0,0,0,0,0,0,0,0,0,;0.0683;2;1;1092800;2.00;
3NXBKB5598TPF5MRSRS8QPZELKSL9C.png;0.1530,0.0531,0.1434,0.0446,;2,2,0,0,0,0,0,0,0,0,0,;0.0985;2;1;1092800;2.00;
3O5YJYPUSW7TWBM6KNWM44WLFH8KON.png;0.1383,0.1697,0.0057,0.0000,;0,2,0,0,0,0,0,0,0,0,0,;0.1045;2;2;2185600;2.00;
3O73QR1UY8O4VXGQ4UMU1W2GKFC94M.png;0.0785,0.0125,0.0049,0.0015,;2,0,0,0,0,0,0,0,0,0,0,;0.0244;1;1;1092800;1.00;
3O73QR1UY8O4VXGQ4UMU1W2GKGC94O.png;0.0617,0.0052,0.0094,0.0080,;1,0,0,0,0,0,0,0,0,0,0,;0.0210;1;1;1092800;1.00;
3OBCKNXF1ZHFXL8XUNXW3AYWZX5J3K.png;0.0281,0.0187,0.2037,0.1671,;2,2,0,0,0,0,0,0,0,0,0,;0.1044;2;2;2185600;2.00;
3OJGK8O6MRNHZCTYHMEFS503K2OL5K.png;0.1675,0.0116,0.0184,0.0199,;3,1,0,0,0,0,0,0,0,0,0,;0.0544;1;1;1092800;1.00;
3OQEO5BIM1SME8SFQJ108NKG2ZKU9F.png;0.0690,0.0734,0.0521,0.0517,;4,0,0,0,0,0,0,0,0,0,0,;0.0616;2;2;2185600;2.00;
3OQEO5BIM1SME8SFQJ108NKG2ZKU9F_1.png;0.0949,0.0403,0.1014,0.0370,;4,0,0,0,0,0,0,0,0,0,0,;0.0684;2;1;1092800;2.00;
3OQEO5BIM1SME8SFQJ108NKG2ZKU9F_2.png;0.0730,0.0841,0.0350,0.0710,;4,0,0,0,0,0,0,0,0,0,0,;0.0658;3;2;2185600;1.50;
3OQEO5BIN29PS6BYUHRH0ABF87P9UL.png;0.2670,0.1742,0.0095,0.0039,;0,1,1,0,0,0,0,0,0,0,0,;0.1136;2;2;2185600;2.00;
3OR6S1RAC52TCC0V5OHKA3WQNHZAGY.png;0.1343,0.1223,0.0630,0.0456,;2,2,0,0,0,0,0,0,0,0,0,;0.0913;2;2;2185600;2.00;
3P15LLOAR9NU663LLUNNP8EDOYG9ZV.png;0.0554,0.0620,0.0687,0.1064,;4,0,0,0,0,0,0,0,0,0,0,;0.0731;1;1;1092800;1.00;
3P6UG6V268Y9VTMB4YR44MFGIGC4NX.png;0.0713,0.0481,0.0413,0.0286,;4,0,0,0,0,0,0,0,0,0,0,;0.0473;2;2;2185600;2.00;
3PBMWYW3D44FHQ3H0CBK078FM1J2XZ.png;0.0646,0.0673,0.1209,0.0553,;3,1,0,0,0,0,0,0,0,0,0,;0.0770;1;1;1092800;1.00;
3PBMWYW3D4VOVNNOVMGLZF23LEGX22.png;0.2648,0.1640,0.1067,0.1085,;2,1,1,0,0,0,0,0,0,0,0,;0.1610;2;2;2185600;2.00;
3PBTVBPQ8T2RUQ4LSR4U2IGAMAGLG7.png;0.1588,0.0168,0.1191,0.2470,;1,2,1,0,0,0,0,0,0,0,0,;0.1354;2;1;1092800;2.00;
3PBTVBPQ9UHWF8TU0BNM18QB456LGV.png;0.1038,0.1011,0.2049,0.1960,;2,2,0,0,0,0,0,0,0,0,0,;0.1515;2;2;2185600;2.00;
3PBTVBPQ9UJW25OVYU5DFTVY5MMGLK.png;0.0058,0.0112,0.0108,0.0150,;3,0,0,0,0,0,0,0,0,0,0,;0.0107;3;3;3278400;3.00;
3PBTVBPQ9UJW25OVYU5DFTVY5MMGLK_1.png;0.0815,0.0222,0.0190,0.0260,;4,0,0,0,0,0,0,0,0,0,0,;0.0372;1;1;1092800;1.00;
3PBTVBPQ9UJW25OVYU5DFTVY5MMGLK_2.png;0.0611,0.0230,0.0360,0.0401,;4,0,0,0,0,0,0,0,0,0,0,;0.0400;2;1;1092800;2.00;
3PHLPV04IQDPW55WV8WBZJA231AP7O.png;0.1338,0.1994,0.1482,0.1216,;0,4,0,0,0,0,0,0,0,0,0,;0.1507;1;1;1092800;1.00;
3PLXPMD6WGC7AIQBYMRH2GBAFTWKBJ.png;0.0507,0.0753,0.0417,0.0341,;4,0,0,0,0,0,0,0,0,0,0,;0.0504;2;2;2185600;2.00;
3PN7FLVWM45PCCC3MA18W1ODE9IYSJ.png;0.1497,0.1295,0.3224,0.1272,;0,3,0,1,0,0,0,0,0,0,0,;0.1822;1;1;1092800;1.00;
3PN7FLVWM45XULC6NHQRXFJ9Z5WSYC.png;0.0250,0.0141,0.0000,0.0000,;2,0,0,0,0,0,0,0,0,0,0,;0.0196;1;1;1092800;1.00;
3Q4WZ5V3MNIH1FT2QKH2OURKHS1UGI.png;0.0208,0.2070,0.1643,0.0563,;2,2,0,0,0,0,0,0,0,0,0,;0.1121;2;2;2185600;2.00;
3Q9ARQ9ZAP4L7I0LVYTFN28MIJR3MM.png;0.0381,0.0327,0.0299,0.0346,;4,0,0,0,0,0,0,0,0,0,0,;0.0338;2;1;1092800;2.00;
3Q9ARQ9ZAP4L7I0LVYTFN28MIJR3MM_1.png;0.0455,0.0448,0.0357,0.0628,;4,0,0,0,0,0,0,0,0,0,0,;0.0472;1;1;1092800;1.00;
3Q9ARQ9ZAP4L7I0LVYTFN28MIJR3MM_2.png;0.0438,0.0460,0.0395,0.0353,;4,0,0,0,0,0,0,0,0,0,0,;0.0411;2;2;2185600;2.00;
3QKP95RWR0AXY9I3VQ7SL2A7LGY5XG.png;0.0475,0.0924,0.0956,0.0208,;4,0,0,0,0,0,0,0,0,0,0,;0.0641;2;2;2185600;2.00;
3QLL1RLFYUJL8BWXI76KVR6VTA8G40.png;0.0837,0.1046,0.0355,0.0039,;3,0,0,0,0,0,0,0,0,0,0,;0.0569;2;2;2185600;2.00;
3QNALI7B4S6VALH9K67QLF1VCK3Z5B.png;0.1267,0.0413,0.0448,0.0320,;3,1,0,0,0,0,0,0,0,0,0,;0.0612;1;1;1092800;1.00;
3QNALI7B4SD1ONKL4C5DCUTXSZAZ55.png;0.0562,0.0028,0.0166,0.0149,;3,0,0,0,0,0,0,0,0,0,0,;0.0226;1;1;1092800;1.00;
3QPQKLUN2S87R374XHKKL49YI4M6SW.png;0.1508,0.1209,0.1044,0.1246,;1,3,0,0,0,0,0,0,0,0,0,;0.1252;1;1;1092800;1.00;
3QXBZN23LG7N3HYFNCCOI0H4ZPJXNQ.png;0.3317,0.0901,0.0651,0.0955,;3,0,0,1,0,0,0,0,0,0,0,;0.1456;1;1;1092800;1.00;
3R0WG3C6FAYXA2OVFH1MKSVV7DKWL8.png;0.0032,0.0000,0.0073,0.0598,;1,0,0,0,0,0,0,0,0,0,0,;0.0234;1;1;1092800;1.00;
3R35RPFD7J1GHLW8Y5PUB7E29XSP1C.png;0.0000,0.0000,0.0815,0.0000,;1,0,0,0,0,0,0,0,0,0,0,;0.0815;1;1;1092800;1.00;
3R35RPFD8KSAWMKG8PKUBRZ71RYP19.png;0.1410,0.1563,0.0583,0.0504,;2,2,0,0,0,0,0,0,0,0,0,;0.1015;2;2;2185600;2.00;
3R35RPFD8KW5RVQQX9OYA2WSE711PN.png;0.0971,0.1142,0.2625,0.3141,;1,1,1,1,0,0,0,0,0,0,0,;0.1970;2;2;2185600;2.00;
3R39EOJX7B7B0RBVIOI0YF8QUNBFFR.png;0.0559,0.0211,0.0305,0.0000,;3,0,0,0,0,0,0,0,0,0,0,;0.0358;1;1;1092800;1.00;
3R39EOJX7BI6S1MO8YC8O4DE709FF7.png;0.1143,0.0860,0.0320,0.0288,;3,1,0,0,0,0,0,0,0,0,0,;0.0653;2;2;2185600;2.00;
3R7DCNC1NO24TFH8BGUHQFOR9KEUDP.png;0.1907,0.0831,0.0739,0.0572,;3,1,0,0,0,0,0,0,0,0,0,;0.1012;1;1;1092800;1.00;
3R7DCNC1NO24TFH8BGUHQFOR9KEUDP_1.png;0.0181,0.1098,0.0391,0.0096,;3,0,0,0,0,0,0,0,0,0,0,;0.0442;1;1;1092800;1.00;
3R7DCNC1NO24TFH8BGUHQFOR9KEUDP_2.png;0.0627,0.0923,0.1077,0.0307,;4,0,0,0,0,0,0,0,0,0,0,;0.0734;2;2;2185600;2.00;
3R7DCNC1NOV5HU26IA2C7R0658YUDF.png;0.1277,0.0892,0.0498,0.0736,;3,1,0,0,0,0,0,0,0,0,0,;0.0851;2;2;2185600;2.00;
3R8MKH13HFEBE45LFXZBD3ZAAT6QLU.png;0.0670,0.0708,0.1254,0.0541,;3,1,0,0,0,0,0,0,0,0,0,;0.0793;1;1;1092800;1.00;
3R8NDUBSE5C5KWKOVCROU8T8BNKK4W.png;0.0261,0.0428,0.0356,0.0596,;4,0,0,0,0,0,0,0,0,0,0,;0.0410;2;1;1092800;2.00;
3R8NDUBSE5CIIDI6K37BBGYS2U64KU.png;0.0130,0.1136,0.0693,0.0064,;2,1,0,0,0,0,0,0,0,0,0,;0.0506;2;2;2185600;2.00;
3R8NDUBSE5CRYRKXR6M9AB02Z7L4K5.png;0.2025,0.0614,0.0000,0.0000,;1,1,0,0,0,0,0,0,0,0,0,;0.1320;1;1;1092800;1.00;
3R8NDUBSF67O3EBOSQ1IL6C0CLD4KT.png;0.1174,0.0915,0.0856,0.0000,;2,1,0,0,0,0,0,0,0,0,0,;0.0982;1;1;1092800;1.00;
3RPY1MM09GJ0DPT9E5P5CCJTRTWMHE.png;0.0000,0.0072,0.0000,0.0024,;0,0,0,0,0,0,0,0,0,0,0,;0.0048;1;1;1092800;1.00;
3RRYB8LG3ZH82HFOZGL7ANT68BKKUX.png;0.1696,0.0665,0.1159,0.0000,;1,2,0,0,0,0,0,0,0,0,0,;0.1173;1;1;1092800;1.00;
3S1POB7GU8DKAHGA5W96UXZRMJ8QU4.png;0.1397,0.1625,0.0180,0.0008,;1,2,0,0,0,0,0,0,0,0,0,;0.0803;2;2;2185600;2.00;
3S4LLGXSV3FZU47VRD0W7FI7RKKAOY.png;0.0522,0.0251,0.0006,0.0000,;2,0,0,0,0,0,0,0,0,0,0,;0.0260;1;1;1092800;1.00;
3S8DC08I2JZOJ6XAR5ADV2RBM80EJJ.png;0.0741,0.0352,0.0292,0.0332,;4,0,0,0,0,0,0,0,0,0,0,;0.0429;1;1;1092800;1.00;
3SBA6YTBY276L0SZ55XU5R7VV8FOBP.png;0.0992,0.0302,0.0101,0.0066,;3,0,0,0,0,0,0,0,0,0,0,;0.0365;1;1;1092800;1.00;
3SFRD5IA5Z34MMJO249XJPJMVUHFBF.png;0.0810,0.0711,0.0488,0.1739,;3,1,0,0,0,0,0,0,0,0,0,;0.0937;1;1;1092800;1.00;
3SI493PTSWP5AHPBIVTI1I8D7X4ZDI.png;0.0238,0.0346,0.0645,0.0605,;4,0,0,0,0,0,0,0,0,0,0,;0.0458;2;2;2185600;2.00;
3SI493PTSWP6VJGGSL9VZHEJP2GDZ2.png;0.1170,0.0272,0.0000,0.0000,;1,1,0,0,0,0,0,0,0,0,0,;0.0721;1;1;1092800;1.00;
3SIEQXXS6F7PLDK653FBMIWP0ADQ4C.png;0.0992,0.0287,0.0043,0.0110,;3,0,0,0,0,0,0,0,0,0,0,;0.0358;1;1;1092800;1.00;
3SJ1BZ9YMZFJKL9JAYIH6SXUEFF7N6.png;0.0112,0.0004,0.0305,0.0000,;2,0,0,0,0,0,0,0,0,0,0,;0.0140;1;1;1092800;1.00;
3T1550FWLKIS93DC7DPTY5M29UHWXP.png;0.1846,0.1012,0.0287,0.0000,;2,1,0,0,0,0,0,0,0,0,0,;0.1048;1;1;1092800;1.00;
3T6HLR4BXW5RX3QYFIC2AVGBFN389Y.png;0.0308,0.0570,0.0330,0.0738,;4,0,0,0,0,0,0,0,0,0,0,;0.0486;2;1;1092800;2.00;
3T6HLR4BXW65EY3SGXC7I8IJLZ589G.png;0.1598,0.0126,0.0214,0.0181,;3,1,0,0,0,0,0,0,0,0,0,;0.0530;1;1;1092800;1.00;
3T6HLR4BXW65EY3SGXC7I8ILF1889L.png;0.0717,0.0112,0.0149,0.0232,;4,0,0,0,0,0,0,0,0,0,0,;0.0302;1;1;1092800;1.00;
3T6UNEUZ5USMH6KL5FCL3O350KM199.png;0.0000,0.0000,0.0000,0.0000,;0,0,0,0,0,0,0,0,0,0,0,;NaN;0;
3T6UNEUZ5USMH6KL5FCL3O350KM199_1.png;0.0380,0.0000,0.0000,0.1055,;2,0,0,0,0,0,0,0,0,0,0,;0.0717;1;1;1092800;1.00;
3T6UNEUZ5USMH6KL5FCL3O350KM199_2.png;0.0168,0.0218,0.0000,0.0000,;2,0,0,0,0,0,0,0,0,0,0,;0.0193;1;1;1092800;1.00;
3TCGLRK8ZGNA4CQP60QJDQBQH1MZQ6.png;0.0850,0.0518,0.0430,0.0461,;4,0,0,0,0,0,0,0,0,0,0,;0.0565;1;1;1092800;1.00;
3TFUINTXMP1P2TVK22ZNBIA74UYT95.png;0.1284,0.0506,0.0323,0.0039,;2,1,0,0,0,0,0,0,0,0,0,;0.0538;1;1;1092800;1.00;
3TFUINTXNQRB8MQUNU8RNTUAF5A9TC.png;0.0387,0.0411,0.0000,0.0482,;3,0,0,0,0,0,0,0,0,0,0,;0.0427;1;1;1092800;1.00;
3TJJ8HSJVIOUEEITVOXS8LA6BWX82U.png;0.0628,0.0000,0.0000,0.0000,;1,0,0,0,0,0,0,0,0,0,0,;0.0628;1;1;1092800;1.00;
3TJJ8HSJWJ7V3WKXYD3KKOVHU4N28W.png;0.0423,0.0608,0.0591,0.0421,;4,0,0,0,0,0,0,0,0,0,0,;0.0511;2;2;2185600;2.00;
3TO8OQV8RRE8TSS50K77OY4BTUOOLO.png;0.1336,0.0627,0.0400,0.0757,;3,1,0,0,0,0,0,0,0,0,0,;0.0780;1;1;1092800;1.00;
3TR9CMHN3N8E2YCNTAQUMF33CUSBB8.png;0.0656,0.1420,0.2246,0.0854,;2,1,1,0,0,0,0,0,0,0,0,;0.1294;2;2;2185600;2.00;
3TYSWKZBELVFE846EGCGPUMG5XR7G5.png;0.2358,0.0000,0.0000,0.1474,;0,1,1,0,0,0,0,0,0,0,0,;0.1916;1;1;1092800;1.00;
3TYSWKZBFMLN72JJOTFJJEIWD9HG7U.png;0.0139,0.0433,0.1426,0.1224,;2,2,0,0,0,0,0,0,0,0,0,;0.0805;2;2;2185600;2.00;
3U2H1DGWOPTCKLUQYVRKVZHY3Q4F4G.png;0.1896,0.0276,0.0140,0.0000,;2,1,0,0,0,0,0,0,0,0,0,;0.0771;1;1;1092800;1.00;
3U47UEJKWC6S8AEVXI8SUW72VHPLB6.png;0.0446,0.0131,0.0599,0.0303,;4,0,0,0,0,0,0,0,0,0,0,;0.0370;2;1;1092800;2.00;
3U47UEJKWC7M32113CRLFBCBUKFBLV.png;0.1031,0.0456,0.0050,0.0000,;2,0,0,0,0,0,0,0,0,0,0,;0.0512;1;1;1092800;1.00;
3U47UEJKWC8E1D3WG0VTNM1UKCYBLF.png;0.1126,0.0906,0.0769,0.0318,;3,1,0,0,0,0,0,0,0,0,0,;0.0780;2;2;2185600;2.00;
3U47UEJKXD5R38RUXLMDWG1BUJXLBR.png;0.1192,0.1397,0.0079,0.0000,;0,2,0,0,0,0,0,0,0,0,0,;0.0889;2;2;2185600;2.00;
3U6BJ3K2B9GQGJVT0E99IGFE7I2MEG.png;0.1131,0.0469,0.0861,0.0221,;3,1,0,0,0,0,0,0,0,0,0,;0.0671;2;1;1092800;2.00;
3UEL82N5TO6EUK0Y8E9LV0DUVX2NTJ.png;0.0998,0.0548,0.0969,0.0751,;4,0,0,0,0,0,0,0,0,0,0,;0.0817;2;1;1092800;2.00;
3UEL82N5TOKN43E6MBDHCIJ23C3NTV.png;0.0305,0.0457,0.0085,0.0073,;2,0,0,0,0,0,0,0,0,0,0,;0.0230;2;2;2185600;2.00;
3UKAYM2G38LNW9YPLTZSPTC333T903.png;0.0912,0.0000,0.0000,0.0000,;1,0,0,0,0,0,0,0,0,0,0,;0.0912;1;1;1092800;1.00;
3USMLONC9E5MDB1GD7ZQ6SDG14K85P.png;0.1454,0.0146,0.0032,0.0183,;2,1,0,0,0,0,0,0,0,0,0,;0.0454;1;1;1092800;1.00;
3USZNBD0ID5Y2E7UC1NHCD5VH1M51A.png;0.0229,0.0945,0.0000,0.0077,;2,0,0,0,0,0,0,0,0,0,0,;0.0417;1;1;1092800;1.00;
3UV3KC5DTGMOGZ30EI3U2F567A15CS.png;0.0956,0.0939,0.0900,0.0117,;4,0,0,0,0,0,0,0,0,0,0,;0.0728;3;3;3278400;3.00;
3UXCLCQO1UDWROO910PGOYLD3QJ20A.png;0.1047,0.1350,0.0590,0.0357,;3,1,0,0,0,0,0,0,0,0,0,;0.0836;2;2;2185600;2.00;
3UXCLCQO2V425H8F0OVWTKIEO3N20G.png;0.1522,0.1647,0.1240,0.1534,;0,4,0,0,0,0,0,0,0,0,0,;0.1486;3;2;2185600;1.50;
3VHU2SWT3EI2EPQKMFU0IXHUUZKSPE.png;0.1549,0.0000,0.0120,0.0295,;2,1,0,0,0,0,0,0,0,0,0,;0.0654;1;1;1092800;1.00;
3VKCYEEK5GTFPTFE2CSUAPH4AEKG1E.png;0.2842,0.3019,0.2287,0.2997,;0,0,4,0,0,0,0,0,0,0,0,;0.2786;3;2;2185600;1.50;
3VKCYEEK5GTFPTFE2CSUAPH4AEKG1E_1.png;0.2481,0.2409,0.2240,0.2800,;0,0,4,0,0,0,0,0,0,0,0,;0.2482;1;1;1092800;1.00;
3VKCYEEK5GTFPTFE2CSUAPH4AEKG1E_2.png;0.2908,0.2332,0.2741,0.2143,;0,0,4,0,0,0,0,0,0,0,0,;0.2531;2;1;1092800;2.00;
3VNGVF6XGJQ1QLT33BZ7QKAQGJTGC8.png;0.1327,0.0744,0.0000,0.0000,;1,1,0,0,0,0,0,0,0,0,0,;0.1035;1;1;1092800;1.00;
3VNVHCMRM39PCV9YY08XQFC2ASTW7K.png;0.1509,0.0340,0.0144,0.0000,;2,1,0,0,0,0,0,0,0,0,0,;0.0664;1;1;1092800;1.00;
3VPHDNYYW05RMXRPFB37FMZTE8FOX6.png;0.0345,0.0302,0.0000,0.0000,;2,0,0,0,0,0,0,0,0,0,0,;0.0323;1;1;1092800;1.00;
3VS2P0ED9S8WCYR5XKUI3WE62NIZOD.png;0.1798,0.2184,0.0947,0.0548,;2,1,1,0,0,0,0,0,0,0,0,;0.1369;2;2;2185600;2.00;
3VS2P0ED9S9HPWVU5TDRGGPE3WLOZL.png;0.0388,0.0967,0.0790,0.0402,;4,0,0,0,0,0,0,0,0,0,0,;0.0637;2;2;2185600;2.00;
3VTCTNDIMBI4MSZRCFZ5EXG7KAVTGQ.png;0.1100,0.1999,0.0500,0.0440,;2,2,0,0,0,0,0,0,0,0,0,;0.1010;2;2;2185600;2.00;
3VXAY8PX9568FZGV4FQLLH1QFO0UBC.png;0.1123,0.1968,0.0000,0.0711,;1,2,0,0,0,0,0,0,0,0,0,;0.1267;1;1;1092800;1.00;
3VXAY8PXA67ITFS0HYENNTH6AGPBUQ.png;0.0874,0.0272,0.0298,0.0300,;4,0,0,0,0,0,0,0,0,0,0,;0.0436;1;1;1092800;1.00;
3W718UE9EUVUJGAIW7WCSAJ232S8KV.png;0.0113,0.0235,0.0357,0.0527,;4,0,0,0,0,0,0,0,0,0,0,;0.0308;2;2;2185600;2.00;
3W7EAH4XLRRHWHV8PSJNN5I48Z5K1Z.png;0.0123,0.0000,0.1223,0.0000,;1,1,0,0,0,0,0,0,0,0,0,;0.0673;1;1;1092800;1.00;
3WAI7IWAXVDPIQMZBUA6WKWKGBTKCH.png;0.0851,0.1004,0.0000,0.0887,;3,0,0,0,0,0,0,0,0,0,0,;0.0914;1;1;1092800;1.00;
3WNTBWVI6HTKT402X941XY1LBXF1DP.png;0.0704,0.0914,0.0870,0.2122,;3,0,1,0,0,0,0,0,0,0,0,;0.1153;1;1;1092800;1.00;
3WNTBWVI7IICS3U5SPMYXHW39RR1DW.png;0.1726,0.1376,0.0410,0.0309,;2,2,0,0,0,0,0,0,0,0,0,;0.0955;2;2;2185600;2.00;
3X3BKUX7FNI4TQBH6Z6BCBN743AUUW.png;0.1221,0.0876,0.0607,0.0227,;3,1,0,0,0,0,0,0,0,0,0,;0.0733;2;2;2185600;2.00;
3XCMB0010Q8CROANL93DZ0TZ7HDP3B.png;0.0000,0.0000,0.0815,0.0000,;1,0,0,0,0,0,0,0,0,0,0,;0.0815;1;1;1092800;1.00;
3XFOW6US4G39LHGXH58DQK2U59EF7W.png;0.0771,0.0527,0.0512,0.0000,;3,0,0,0,0,0,0,0,0,0,0,;0.0603;1;1;1092800;1.00;
3XH5NKQXD1CEK1G2OFNXP2YO5CGQ1D.png;0.0545,0.0451,0.0516,0.0518,;4,0,0,0,0,0,0,0,0,0,0,;0.0507;3;2;2185600;1.50;
3XKJYHBF1PGIGZAV82J26HU67K1S94.png;0.0637,0.0519,0.0394,0.0738,;4,0,0,0,0,0,0,0,0,0,0,;0.0572;2;1;1092800;2.00;
3XKJYHBF2QXEJ36G795O9QJC5X59SV.png;0.1057,0.0000,0.0000,0.0000,;1,0,0,0,0,0,0,0,0,0,0,;0.1057;1;1;1092800;1.00;
3XLULPCEJ5A20HTSPHJ11BGOHJ2K00.png;0.1293,0.0545,0.1167,0.0981,;2,2,0,0,0,0,0,0,0,0,0,;0.0996;2;1;1092800;2.00;
3XLULPCEK6XSKDKZU2VPQEQSWADK07.png;0.1567,0.1656,0.0891,0.0232,;2,2,0,0,0,0,0,0,0,0,0,;0.1087;2;2;2185600;2.00;
3XOONX5XJ4G5CUJT3GITEEBP8TAR9P.png;0.1312,0.0061,0.0000,0.0000,;0,1,0,0,0,0,0,0,0,0,0,;0.0687;1;1;1092800;1.00;
3XQ5ITPVUWC5A41L5RJWP1DP30VQTX.png;0.1694,0.2019,0.0244,0.0000,;1,2,0,0,0,0,0,0,0,0,0,;0.1319;2;2;2185600;2.00;
3XQ5ITPVUWCZXHDQO612ZU9R46PQTU.png;0.0734,0.0763,0.1346,0.0551,;3,1,0,0,0,0,0,0,0,0,0,;0.0849;1;1;1092800;1.00;
3XQ5ITPVVXEK5RIJJ0S4JMU41HATQO.png;0.0482,0.0295,0.0365,0.0000,;3,0,0,0,0,0,0,0,0,0,0,;0.0381;1;1;1092800;1.00;
3XXLL7ZNZBX2S1C8S0AVX01M47X2SM.png;0.0342,0.0334,0.0425,0.0550,;4,0,0,0,0,0,0,0,0,0,0,;0.0413;2;2;2185600;2.00;
3Y6OYEUGD7DBA3Z0UX7LVDP3LCIS5W.png;0.1160,0.0487,0.1030,0.0295,;3,1,0,0,0,0,0,0,0,0,0,;0.0743;2;1;1092800;2.00;
3YATNUOYWN28VJEWP8MVZLA65TU5R8.png;0.0417,0.0327,0.0141,0.0000,;3,0,0,0,0,0,0,0,0,0,0,;0.0295;2;2;2185600;2.00;
3YE2HAAZLWT35EOEU3RFNMQ5RC4ZU3.png;0.0549,0.0260,0.0131,0.0255,;4,0,0,0,0,0,0,0,0,0,0,;0.0299;1;1;1092800;1.00;
3YJAOW5N8OU26Z949MJ65YS6Q7GNS0.png;0.0388,0.0973,0.0758,0.0402,;4,0,0,0,0,0,0,0,0,0,0,;0.0630;2;2;2185600;2.00;
3YJAOW5N8OUDFKNJJE4VLVI018MNS9.png;0.0670,0.0823,0.1141,0.0541,;3,1,0,0,0,0,0,0,0,0,0,;0.0794;2;2;2185600;2.00;
3YJAOW5N8OUDFKNJJE4VLVI0YDQNSK.png;0.0610,0.0251,0.0540,0.0551,;4,0,0,0,0,0,0,0,0,0,0,;0.0488;3;2;2185600;1.50;
3YJAOW5N9PI929Z2OH5BG1NQ7AGNSB.png;0.1386,0.1696,0.0022,0.0000,;0,2,0,0,0,0,0,0,0,0,0,;0.1034;2;2;2185600;2.00;
3YKHA5XMY4LNHWQDYI2RHLTBGR3A75.png;0.0549,0.0769,0.0139,0.0000,;3,0,0,0,0,0,0,0,0,0,0,;0.0486;2;2;2185600;2.00;
3YNFDCZ5Q3U1E5N64P4QVLD4C30NR9.png;0.0605,0.0134,0.0501,0.0802,;4,0,0,0,0,0,0,0,0,0,0,;0.0510;2;1;1092800;2.00;
3YNFDCZ5R4IX1UZP9S56QRIUL8YNRO.png;0.1420,0.1714,0.0607,0.0466,;2,2,0,0,0,0,0,0,0,0,0,;0.1052;2;2;2185600;2.00;
3YR6VNT52416IC86SLGIIDTF4TWB78.png;0.0208,0.0000,0.0000,0.0000,;1,0,0,0,0,0,0,0,0,0,0,;0.0208;1;1;1092800;1.00;
3YR6VNT5352GKULNOMVIY5386U67BS.png;0.1274,0.0726,0.0440,0.0360,;3,1,0,0,0,0,0,0,0,0,0,;0.0700;2;2;2185600;2.00;
3YS67JKWKBRVDSIQ9F8UVFJ1JQRX40.png;0.0309,0.0092,0.0402,0.0385,;3,0,0,0,0,0,0,0,0,0,0,;0.0297;3;2;2185600;1.50;
3YS67JKWKBTMNDQ3LRFOMM61VUK4X5.png;0.2792,0.0283,0.0192,0.0000,;2,0,1,0,0,0,0,0,0,0,0,;0.1089;1;1;1092800;1.00;
3YVLYSYEBF5NUSY0E746VZKOKNG0QY.png;0.0828,0.0392,0.0000,0.0000,;2,0,0,0,0,0,0,0,0,0,0,;0.0610;1;1;1092800;1.00;
3Z1VWDJDMCSL9FEEWY1JWQIRHY8F8V.png;0.2254,0.0618,0.0125,0.0000,;2,0,1,0,0,0,0,0,0,0,0,;0.0999;1;1;1092800;1.00;
3Z1VWDJDMCXXDMC10K62ECWQF20F8X.png;0.0526,0.0600,0.0003,0.0369,;3,0,0,0,0,0,0,0,0,0,0,;0.0374;2;2;2185600;2.00;
3Z1VWDJDNDED63DNWYEYK1BZJ9X8FQ.png;0.0597,0.0054,0.0000,0.0000,;1,0,0,0,0,0,0,0,0,0,0,;0.0326;1;1;1092800;1.00;
3ZAK6NWIZ37QLEUJSP86OBIVCQQ9VS.png;0.0317,0.0964,0.0569,0.0000,;3,0,0,0,0,0,0,0,0,0,0,;0.0617;1;1;1092800;1.00;
3ZFB7PFNY1ZJD1XM4GHBRRAA6FG931.png;0.0863,0.0098,0.0098,0.0074,;1,0,0,0,0,0,0,0,0,0,0,;0.0283;1;1;1092800;1.00;
3ZFB7PFNY1ZJD1XM4GHBRRAA6GF932.png;0.0843,0.0117,0.1409,0.0000,;2,1,0,0,0,0,0,0,0,0,0,;0.0790;2;1;1092800;2.00;
3ZNMTDKQXPRIYI9V3LJLED84I1Z2VB.png;0.1167,0.1171,0.1434,0.1316,;0,4,0,0,0,0,0,0,0,0,0,;0.1272;2;2;2185600;2.00;
3ZSDUF3VXOXZ44ZW3SE86JT3CR623Z.png;0.1290,0.0087,0.0115,0.0141,;2,1,0,0,0,0,0,0,0,0,0,;0.0408;1;1;1092800;1.00;
3ZXEP6UEFFQUF1V5KFZ2RFEFLM08OQ.png;0.0261,0.0192,0.0629,0.0329,;4,0,0,0,0,0,0,0,0,0,0,;0.0353;1;1;1092800;1.00;
