imageID;text densities;Histogram of windows with text densitites b/w 0:0.1:1;threshold;windows greater than threshold;largest connected window (no. of windows);largest connected window in pixels;The average size of connected regions;
306OACM7G04QOX49OC3VEMIMU7KA8L.png;0.1982,0.0971,0.0325,0.0301,0.0000,0.0083,0.0000,0.0070,;3,1,0,0,0,0,0,0,0,0,0,;0.0622;2;2;1092800;2.00;
30E2X49V611K26Z0IIHLB47CQY53NF.png;0.2116,0.1123,0.0000,0.0000,0.0000,0.0000,0.0000,0.0000,;0,1,1,0,0,0,0,0,0,0,0,;0.1620;1;1;546400;1.00;
30E2X49V611K26Z0IIHLB47CQY63NG.png;0.0891,0.1011,0.0858,0.0305,0.0000,0.0104,0.0000,0.0305,;6,0,0,0,0,0,0,0,0,0,0,;0.0579;3;3;1639200;3.00;
30GUUI0R316PRKEN69AJEXY15MMBCT.png;0.1242,0.1342,0.1369,0.1233,0.0000,0.0018,0.0000,0.0068,;0,4,0,0,0,0,0,0,0,0,0,;0.0878;4;4;2185600;4.00;
319N3DB42B6LKGW48RIT1IUY6MJEPG.png;0.1376,0.0260,0.0902,0.0956,0.0000,0.0140,0.0000,0.0274,;5,1,0,0,0,0,0,0,0,0,0,;0.0651;3;3;1639200;3.00;
31H4HIBP9AWNGDF6JZY7J01Z8LG5HP.png;0.3031,0.2038,0.1231,0.1252,0.0000,0.0190,0.0000,0.0206,;2,3,1,0,0,0,0,0,0,0,0,;0.1325;2;2;1092800;2.00;
31QBDMKNDPO96CGOU6OI3UH1N96L85.png;0.0000,0.0000,0.0478,0.0580,0.0000,0.0098,0.0000,0.0000,;2,0,0,0,0,0,0,0,0,0,0,;0.0385;2;2;1092800;2.00;
31QOF9ABLNAV27TO4PXO0GLATWO1L1.png;0.2047,0.2013,0.2614,0.0000,0.0000,0.0779,0.0000,0.0169,;2,2,1,0,0,0,0,0,0,0,0,;0.1525;3;3;1639200;3.00;
31R9JPCYP6DVE0AQVNO2QFRENFMWRA.png;0.2586,0.1204,0.0257,0.0000,0.0000,0.0000,0.0000,0.0000,;1,1,1,0,0,0,0,0,0,0,0,;0.1349;1;1;546400;1.00;
31TTIPZ8XM69HILWQZWMCQMN1KS3GE.png;0.0435,0.0000,0.0000,0.1202,0.0000,0.0000,0.0000,0.0637,;2,1,0,0,0,0,0,0,0,0,0,;0.0758;1;1;546400;1.00;
31ZZN31VRB1J1I6XNAS9X9DBA59QRV.png;0.1152,0.0683,0.0454,0.0539,0.0000,0.0000,0.0000,0.0000,;3,1,0,0,0,0,0,0,0,0,0,;0.0707;1;1;546400;1.00;
3203J2GC2PK4HSXGZ2GG107218V84Q.png;0.1488,0.0274,0.0355,0.0187,0.0000,0.0322,0.0000,0.0163,;5,1,0,0,0,0,0,0,0,0,0,;0.0465;1;1;546400;1.00;
3203J2GC2PK4HSXGZ2GG1073Z7V84O.png;0.0959,0.0000,0.1034,0.0768,0.0000,0.0008,0.0000,0.0127,;4,0,0,0,0,0,0,0,0,0,0,;0.0579;3;3;1639200;3.00;
3203J2GC2PK4HSXGZ2GG1074VAS84P.png;0.1479,0.0000,0.0000,0.0000,0.0000,0.0000,0.0000,0.0000,;0,1,0,0,0,0,0,0,0,0,0,;0.1479;1;1;546400;1.00;
320GLP60AN5TS9K5PU8IGRVPKUZ14P.png;0.0480,0.0321,0.0365,0.1398,0.0000,0.0807,0.0000,0.0968,;5,1,0,0,0,0,0,0,0,0,0,;0.0723;3;3;1639200;3.00;
320GLP60AN6FM9FGZXIOL5AG38941T.png;0.1241,0.1598,0.0611,0.0433,0.0000,0.0543,0.0000,0.0322,;4,2,0,0,0,0,0,0,0,0,0,;0.0791;2;2;1092800;2.00;
323KIQYDLQ7S9UIT4NE6QLFONB14CB.png;0.1091,0.0000,0.0790,0.0016,0.0000,0.0092,0.0000,0.0272,;3,0,0,0,0,0,0,0,0,0,0,;0.0452;2;2;1092800;2.00;
3244QHISJ1ITNE98CFK36E7RG91L0N.png;0.0975,0.0000,0.0302,0.0000,0.0000,0.0302,0.0000,0.0000,;3,0,0,0,0,0,0,0,0,0,0,;0.0526;1;1;546400;1.00;
3244QHISK2XKVEPCAXDY38M44I9L04.png;0.1057,0.0224,0.0117,0.0057,0.0000,0.0107,0.0000,0.0396,;5,0,0,0,0,0,0,0,0,0,0,;0.0326;2;1;546400;2.00;
329GGY5YRI5WHTWS4FZ9QWPAMFRT4W.png;0.0840,0.0441,0.0334,0.0000,0.0000,0.0000,0.0000,0.0000,;3,0,0,0,0,0,0,0,0,0,0,;0.0538;1;1;546400;1.00;
32GVUSPLEYOYH9SP841K39EVOUOK3Z.png;0.1855,0.1031,0.1762,0.1562,0.0000,0.0572,0.0000,0.0399,;3,3,0,0,0,0,0,0,0,0,0,;0.1197;3;3;1639200;3.00;
32GVUSPLFZ61Q5EOZV799O813X5K3C.png;0.1662,0.0541,0.0441,0.0368,0.0000,0.0000,0.0000,0.0000,;3,1,0,0,0,0,0,0,0,0,0,;0.0753;1;1;546400;1.00;
32JEHGQ0QIPYH7JPSF8OLMHJ8AAU81.png;0.0511,0.0142,0.0028,0.0080,0.0000,0.0000,0.0000,0.0000,;2,0,0,0,0,0,0,0,0,0,0,;0.0190;1;1;546400;1.00;
32JRJ3GOYGFHSVM6IWA88RJNYD8U1D.png;0.2804,0.1520,0.1821,0.1400,0.0000,0.1149,0.0000,0.0241,;1,4,1,0,0,0,0,0,0,0,0,;0.1489;3;3;1639200;3.00;
32SOQFN7RN4Q5SNOXDF8KS0W4TRIPM.png;0.2698,0.0000,0.0403,0.1825,0.0000,0.0000,0.0000,0.0000,;1,1,1,0,0,0,0,0,0,0,0,;0.1642;2;2;1092800;2.00;
32WAV7G60PNC75TK9C1M3A29EH0D36.png;0.0826,0.0466,0.0104,0.0303,0.0000,0.0000,0.0000,0.0139,;5,0,0,0,0,0,0,0,0,0,0,;0.0368;2;2;1092800;2.00;
32WAV7G6ZOBEE25MHO1EVKD7PUBD3N.png;0.0579,0.0000,0.0283,0.0362,0.0000,0.0000,0.0000,0.0000,;3,0,0,0,0,0,0,0,0,0,0,;0.0408;1;1;546400;1.00;
330XZFCZ7R2IEZH3T3I3O6ANM0DXTM.png;0.0451,0.0182,0.0000,0.0000,0.0000,0.0000,0.0000,0.0000,;2,0,0,0,0,0,0,0,0,0,0,;0.0316;1;1;546400;1.00;
330XZFCZ7RB627L6HWI9543W690TXG.png;0.2032,0.1648,0.2854,0.1643,0.0000,0.0000,0.0000,0.0000,;0,3,1,0,0,0,0,0,0,0,0,;0.2044;1;1;546400;1.00;
33EWWXEH81XUPFZ4BLANE2SZQMJ40X.png;0.0535,0.0354,0.0323,0.0068,0.0000,0.0073,0.0000,0.0068,;3,0,0,0,0,0,0,0,0,0,0,;0.0237;3;3;1639200;3.00;
33FLRCV01N0NF725EJLGLLU8UGYORG.png;0.0688,0.0523,0.0000,0.0134,0.0000,0.0000,0.0000,0.0134,;4,0,0,0,0,0,0,0,0,0,0,;0.0370;2;2;1092800;2.00;
33QM7VBL79CAH7ME53S2DMVHTOZ3QX.png;0.2891,0.1824,0.1774,0.1390,0.0000,0.0328,0.0000,0.0498,;2,3,1,0,0,0,0,0,0,0,0,;0.1451;3;3;1639200;3.00;
33RX46D1RXVH625SCIG7UWSYT80X1J.png;0.0083,0.1125,0.1533,0.1365,0.0000,0.0448,0.0000,0.0427,;2,3,0,0,0,0,0,0,0,0,0,;0.0830;3;3;1639200;3.00;
33XMDKLTFSU7YK1SQJZ2MPHPZ4ZZCZ.png;0.2517,0.1642,0.2219,0.1634,0.0000,0.0129,0.0000,0.0127,;2,2,2,0,0,0,0,0,0,0,0,;0.1378;4;4;2185600;4.00;
344RGS4J7S874QSQIPH3B5TQWFPMPU.png;0.1908,0.0000,0.0000,0.0404,0.0000,0.0000,0.0000,0.0377,;2,1,0,0,0,0,0,0,0,0,0,;0.0896;1;1;546400;1.00;
34B3PHKY7L0QRWI1JO5S4NCKMT3NE1.png;0.1637,0.0925,0.0000,0.0000,0.0000,0.0000,0.0000,0.0000,;1,1,0,0,0,0,0,0,0,0,0,;0.1281;1;1;546400;1.00;
34KQN2TBKTGWLIK008X22C5QD2JSAJ.png;0.0000,0.0000,0.0000,0.0000,0.0000,0.0000,0.0000,0.0000,;0,0,0,0,0,0,0,0,0,0,0,;NaN;0;
34RF8KPUOTU14SPS6MXYXNPWVK1SBB.png;0.0065,0.0253,0.0250,0.0213,0.0000,0.0000,0.0000,0.0000,;3,0,0,0,0,0,0,0,0,0,0,;0.0156;3;3;1639200;3.00;
34RF8KPUOTU14SPS6MXYXNPWVK1SBB_1.png;0.0890,0.0582,0.0425,0.0376,0.0000,0.0000,0.0000,0.0043,;4,0,0,0,0,0,0,0,0,0,0,;0.0463;2;2;1092800;2.00;
34RF8KPUOTU14SPS6MXYXNPWVK1SBB_2.png;0.0802,0.0472,0.0379,0.0453,0.0000,0.0000,0.0000,0.0000,;4,0,0,0,0,0,0,0,0,0,0,;0.0526;1;1;546400;1.00;
34RF8KPUOTU14SPS6MXYXNPWVK7SBH.png;0.0148,0.0313,0.0389,0.0031,0.0000,0.0000,0.0000,0.0000,;3,0,0,0,0,0,0,0,0,0,0,;0.0220;2;2;1092800;2.00;
34YKDDZP3UMABNHOK8ECJ4FCOZJWHB.png;0.2641,0.2465,0.3655,0.1338,0.0000,0.1711,0.0000,0.0634,;1,2,2,1,0,0,0,0,0,0,0,;0.2074;3;3;1639200;3.00;
3568B45QGKRG3Y1LZDHA1JA6BSCO3E.png;0.1834,0.0000,0.0067,0.0611,0.0000,0.0000,0.0000,0.0000,;1,1,0,0,0,0,0,0,0,0,0,;0.0837;1;1;546400;1.00;
3589VT1T2BGMXIVHZGNGS492OQIJN8.png;0.1583,0.0000,0.0194,0.1429,0.0000,0.0000,0.0000,0.0135,;2,2,0,0,0,0,0,0,0,0,0,;0.0835;2;2;1092800;2.00;
35DAEVU8JHJ10FFZ10EN4CRDQ8F870.png;0.1038,0.0501,0.0538,0.0549,0.0000,0.0541,0.0000,0.0553,;6,0,0,0,0,0,0,0,0,0,0,;0.0620;1;1;546400;1.00;
35GRDJC92I6VOWRC3MF6JHNHWWLC7I.png;0.0444,0.0177,0.0000,0.0000,0.0000,0.0000,0.0000,0.0000,;2,0,0,0,0,0,0,0,0,0,0,;0.0310;1;1;546400;1.00;
35HIM1LU2HRMGPBVQO0P66HG1MBI5I.png;0.0361,0.1833,0.3069,0.1964,0.0000,0.0500,0.0000,0.0356,;3,2,1,0,0,0,0,0,0,0,0,;0.1347;3;3;1639200;3.00;
35QUA2ABY634ZYN782PTB2BL5I8EGJ.png;0.0880,0.0000,0.0000,0.0000,0.0000,0.0000,0.0000,0.0000,;1,0,0,0,0,0,0,0,0,0,0,;0.0880;1;1;546400;1.00;
35QUA2ABZ7MBAB0HZGYJHQ28USWGE7.png;0.1793,0.0000,0.0000,0.0000,0.0000,0.0000,0.0000,0.0000,;0,1,0,0,0,0,0,0,0,0,0,;0.1793;1;1;546400;1.00;
361LJMRMCQ5CDYJ025B6700NV8CUR4.png;0.0646,0.1097,0.1610,0.1347,0.0000,0.1063,0.0000,0.0580,;4,2,0,0,0,0,0,0,0,0,0,;0.1057;4;4;2185600;4.00;
369VX4MEOJAKM0DV8XRK62EAJWKGI1.png;0.2340,0.0221,0.0095,0.0216,0.0000,0.0000,0.0000,0.0000,;2,0,1,0,0,0,0,0,0,0,0,;0.0718;1;1;546400;1.00;
36ARV8EEH67U95XPYN59VTZKFJ2VA1.png;0.1078,0.0859,0.0386,0.0086,0.0000,0.0175,0.0000,0.0086,;4,0,0,0,0,0,0,0,0,0,0,;0.0445;2;2;1092800;2.00;
36FIWAXJH5YZ4NF13JA9L63DO7Z3AS.png;0.1871,0.2693,0.2678,0.1187,0.0000,0.1669,0.0000,0.1181,;0,4,2,0,0,0,0,0,0,0,0,;0.1880;2;2;1092800;2.00;
36HGGQAXL6KTNEA2DMTHLEEUZ4CVBW.png;0.2809,0.3415,0.0909,0.0912,0.0000,0.0484,0.0000,0.0506,;4,0,1,1,0,0,0,0,0,0,0,;0.1506;2;2;1092800;2.00;
36HGGQAXL6L87J29O35QD9YQWSFBVG.png;0.0261,0.0656,0.1293,0.0000,0.0000,0.0000,0.0000,0.0000,;2,1,0,0,0,0,0,0,0,0,0,;0.0553;2;2;1092800;2.00;
36IAL8HYOXSPP9QYVLXZPMFW48E4R6.png;0.0000,0.0000,0.0367,0.1110,0.0000,0.0000,0.0000,0.0000,;1,1,0,0,0,0,0,0,0,0,0,;0.0738;1;1;546400;1.00;
36MWL0IRGCO0L6PQ7W22BBNT0ICOHL.png;0.1268,0.1647,0.0232,0.0652,0.0000,0.0000,0.0000,0.0368,;3,2,0,0,0,0,0,0,0,0,0,;0.0833;2;2;1092800;2.00;
36QDS77QN9NG5USZQM0XMAC2L97HFT.png;0.3105,0.0030,0.1725,0.4146,0.0000,0.0123,0.0000,0.0066,;1,1,0,1,1,0,0,0,0,0,0,;0.1532;3;3;1639200;3.00;
36QDS77QN9Y3AP81GU3ZJ983H37HFJ.png;0.0930,0.0000,0.0331,0.0202,0.0000,0.0099,0.0000,0.0202,;4,0,0,0,0,0,0,0,0,0,0,;0.0353;1;1;546400;1.00;
36R3RQSDPTXRSZ6X7FR6HZHDYAF078.png;0.0318,0.0100,0.0327,0.0141,0.0000,0.0000,0.0000,0.0141,;4,0,0,0,0,0,0,0,0,0,0,;0.0206;2;2;1092800;2.00;
375FCEJV4GX4B1VR293XJCDD0I7CCJ.png;0.2367,0.2028,0.2273,0.1732,0.0000,0.0455,0.0000,0.0488,;2,2,2,0,0,0,0,0,0,0,0,;0.1557;4;4;2185600;4.00;
375MF9UHMRPR2XWE6NL8JC3TL1HSX9.png;0.2012,0.0663,0.0000,0.0000,0.0000,0.0000,0.0000,0.0000,;1,1,0,0,0,0,0,0,0,0,0,;0.1338;1;1;546400;1.00;
37672WDDC2JA93V4O46FCCJ2VAJNM9.png;0.0289,0.0805,0.0000,0.0000,0.0000,0.0000,0.0000,0.0000,;2,0,0,0,0,0,0,0,0,0,0,;0.0547;1;1;546400;1.00;
378UBY8FQ61LFCJMHZWZTRZI59A8TB.png;0.2984,0.3627,0.1092,0.0382,0.0000,0.0279,0.0000,0.0000,;3,0,1,1,0,0,0,0,0,0,0,;0.1673;2;2;1092800;2.00;
378UBY8FR7AABMKBM232FCEFT60T8E.png;0.2806,0.2169,0.1064,0.0337,0.0000,0.0011,0.0000,0.0191,;3,0,2,0,0,0,0,0,0,0,0,;0.1096;2;2;1092800;2.00;
379R4POZ46ZM5D7FMP5TH9FBQ7PRXR.png;0.0543,0.0323,0.0000,0.0054,0.0000,0.0000,0.0000,0.0000,;2,0,0,0,0,0,0,0,0,0,0,;0.0307;2;2;1092800;2.00;
37CCG24EIZSNBY0O0RYFBPCKLTQZRW.png;0.0193,0.0069,0.0147,0.0100,0.0000,0.0000,0.0000,0.0000,;3,0,0,0,0,0,0,0,0,0,0,;0.0127;2;2;1092800;2.00;
37CCG24EIZSNBY0O0RYFBPCKLTQZRW_1.png;0.0394,0.0136,0.0124,0.0000,0.0000,0.0000,0.0000,0.0000,;3,0,0,0,0,0,0,0,0,0,0,;0.0218;1;1;546400;1.00;
37CCG24EIZSNBY0O0RYFBPCKLTQZRW_2.png;0.0362,0.0096,0.0093,0.0095,0.0000,0.0001,0.0000,0.0001,;1,0,0,0,0,0,0,0,0,0,0,;0.0108;1;1;546400;1.00;
37FXVUXR5NUGX6LAN3N06Z6PNZ6EWN.png;0.0000,0.0000,0.0000,0.0000,0.0000,0.0000,0.0000,0.0000,;0,0,0,0,0,0,0,0,0,0,0,;NaN;0;
37NNZ8MO7S6VRHEMSEGUVBLX898EQM.png;0.1602,0.0221,0.0043,0.0046,0.0000,0.0028,0.0000,0.0032,;1,1,0,0,0,0,0,0,0,0,0,;0.0329;1;1;546400;1.00;
37QHTW84X0Z4WRFH6C4VHQ7JNTDJDT.png;0.1667,0.0053,0.0205,0.0141,0.0000,0.0000,0.0000,0.0141,;3,1,0,0,0,0,0,0,0,0,0,;0.0442;1;1;546400;1.00;
37ZHE2JT1D250TKIB56TICN73UM88S.png;0.1048,0.0000,0.0136,0.0324,0.0000,0.0179,0.0000,0.0127,;5,0,0,0,0,0,0,0,0,0,0,;0.0363;1;1;546400;1.00;
37ZHE2JT1D250TKIB56TICN73UQ88W.png;0.2888,0.2586,0.0000,0.0000,0.0000,0.0000,0.0000,0.0000,;0,0,2,0,0,0,0,0,0,0,0,;0.2737;1;1;546400;1.00;
37ZUGP9H9BONPT0XCKXE3200JPH817.png;0.1427,0.1567,0.1941,0.2107,0.0000,0.0365,0.0000,0.0136,;2,3,1,0,0,0,0,0,0,0,0,;0.1257;4;4;2185600;4.00;
37ZUGP9H9BONPT0XCKXE3201JQL81F.png;0.1256,0.0000,0.0000,0.0000,0.0000,0.0000,0.0000,0.0000,;0,1,0,0,0,0,0,0,0,0,0,;0.1256;1;1;546400;1.00;
38464Y8J3VK9Y56OSLPV9KDIFIGV4J.png;0.0426,0.0358,0.0308,0.0226,0.0000,0.0026,0.0000,0.0195,;5,0,0,0,0,0,0,0,0,0,0,;0.0256;3;3;1639200;3.00;
389X50RO4VDYCDHURIYQ7760LL5343.png;0.1142,0.0838,0.0451,0.0000,0.0000,0.0000,0.0000,0.0000,;2,1,0,0,0,0,0,0,0,0,0,;0.0810;2;2;1092800;2.00;
38DNTK7MFN2OC2PZPWU81IIJXME01H.png;0.0423,0.0692,0.0639,0.0390,0.0000,0.0171,0.0000,0.0151,;6,0,0,0,0,0,0,0,0,0,0,;0.0411;3;3;1639200;3.00;
38DNTK7MFN34LCW85JTSAD2CXFQ01S.png;0.2912,0.0901,0.0878,0.0000,0.0000,0.0000,0.0000,0.0000,;2,0,1,0,0,0,0,0,0,0,0,;0.1564;1;1;546400;1.00;
38DNTK7MFN3UAZX8DF8S385AB3E10K.png;0.2291,0.0967,0.0335,0.0684,0.0000,0.0070,0.0000,0.0264,;4,0,1,0,0,0,0,0,0,0,0,;0.0768;2;2;1092800;2.00;
38FWZZ3ILTDK8ICQRL4PWREV0HIYN7.png;0.1406,0.0598,0.0825,0.0768,0.0000,0.0000,0.0000,0.0000,;3,1,0,0,0,0,0,0,0,0,0,;0.0899;1;1;546400;1.00;
38GRQLZZQQCOARQX7FK2NWOBS4K0CN.png;0.0000,0.0000,0.0000,0.0000,0.0000,0.0000,0.0000,0.0000,;0,0,0,0,0,0,0,0,0,0,0,;NaN;0;
38IOEK81UIQHG7BFV93TAAEQ3W496W.png;0.0301,0.3709,0.0000,0.0000,0.0000,0.0000,0.0000,0.0000,;1,0,0,1,0,0,0,0,0,0,0,;0.2005;1;1;546400;1.00;
38LYNH3Q4ODLGFNEHSAP2J87XNZMGY.png;0.1666,0.0292,0.0551,0.0540,0.0000,0.0000,0.0000,0.0000,;3,1,0,0,0,0,0,0,0,0,0,;0.0762;1;1;546400;1.00;
38LYNH3Q5PUFYTLC9WG1VAJL0LTGM5.png;0.1795,0.1766,0.2419,0.1194,0.0000,0.1139,0.0000,0.0065,;0,4,1,0,0,0,0,0,0,0,0,;0.1396;3;3;1639200;3.00;
38MNOT6KWIG21RX6PKH1YJB8VKDT05.png;0.0936,0.0000,0.0000,0.0000,0.0000,0.0000,0.0000,0.0000,;1,0,0,0,0,0,0,0,0,0,0,;0.0936;1;1;546400;1.00;
38MNOT6KWIG21RX6PKH1YJB8VKDT05_1.png;0.4239,0.0000,0.0000,0.0000,0.0000,0.0000,0.0000,0.0000,;0,0,0,0,1,0,0,0,0,0,0,;0.4239;1;1;546400;1.00;
38MNOT6KWIG21RX6PKH1YJB8VKDT05_2.png;0.2112,0.0000,0.0000,0.0000,0.0000,0.0000,0.0000,0.0000,;0,0,1,0,0,0,0,0,0,0,0,;0.2112;1;1;546400;1.00;
38NH2CI7ROPJ1MAJ3F139HJ5CPPVU5.png;0.1034,0.3498,0.0178,0.0997,0.0000,0.0000,0.0000,0.0406,;4,0,0,1,0,0,0,0,0,0,0,;0.1223;1;1;546400;1.00;
38NH2CI7SPCMWUJ4T62C2GD654VVUY.png;0.0613,0.0245,0.0238,0.0270,0.0000,0.0247,0.0000,0.0276,;6,0,0,0,0,0,0,0,0,0,0,;0.0315;1;1;546400;1.00;
38VQ1AW9T5WCGLEK2ZAP9I6I4O826I.png;0.1220,0.0350,0.1174,0.0945,0.0000,0.0000,0.0000,0.0000,;2,2,0,0,0,0,0,0,0,0,0,;0.0922;3;3;1639200;3.00;
390EOHYPK4Q05K2TRHZ1W9N0LW8X3W.png;0.0633,0.0056,0.0000,0.0141,0.0000,0.0000,0.0000,0.0141,;3,0,0,0,0,0,0,0,0,0,0,;0.0243;1;1;546400;1.00;
39393HGTI5QMIY6JHIT1M5IIGWJEOF.png;0.3022,0.1380,0.2114,0.1750,0.0000,0.0386,0.0000,0.0047,;1,2,2,0,0,0,0,0,0,0,0,;0.1450;3;3;1639200;3.00;
394TEHR260P29GUZO0UUQSDZ63O65J.png;0.0958,0.0000,0.0000,0.0000,0.0000,0.0000,0.0000,0.0000,;1,0,0,0,0,0,0,0,0,0,0,;0.0958;1;1;546400;1.00;
39PLFW4P2L2RPNN40J9QB1XCZ2O4HT.png;0.1067,0.0245,0.0169,0.0076,0.0000,0.0224,0.0000,0.0201,;5,0,0,0,0,0,0,0,0,0,0,;0.0330;1;1;546400;1.00;
39UNKKTVDF8Y9H8JFO9U930XMBHYGJ.png;0.0079,0.0000,0.0000,0.0000,0.0000,0.0000,0.0000,0.0000,;0,0,0,0,0,0,0,0,0,0,0,;0.0079;1;1;546400;1.00;
39UNKKTVDFFX9VEX2EW7RYBUQ2JGYD.png;0.1595,0.1273,0.1348,0.0589,0.0000,0.0025,0.0000,0.0000,;1,3,0,0,0,0,0,0,0,0,0,;0.0966;3;3;1639200;3.00;
39VNNFFKK59EW3XI1HP5P046ZAXXVP.png;0.0641,0.0253,0.0567,0.0478,0.0000,0.0308,0.0000,0.0076,;5,0,0,0,0,0,0,0,0,0,0,;0.0387;3;3;1639200;3.00;
39Y8ZSVZWWM1XMK47AFGQNZOPQQVZE.png;0.0970,0.0804,0.0755,0.1314,0.0000,0.0465,0.0000,0.0688,;5,1,0,0,0,0,0,0,0,0,0,;0.0833;2;2;1092800;2.00;
39Y8ZSVZXXM4Z9DMIL8I9OJZBK9VZ6.png;0.2708,0.1656,0.0421,0.0000,0.0000,0.0000,0.0000,0.0000,;1,1,1,0,0,0,0,0,0,0,0,;0.1595;2;2;1092800;2.00;
3AA189Q6B51983MEFLORU493K7KMWE.png;0.1654,0.0434,0.0293,0.0210,0.0000,0.0000,0.0000,0.0000,;3,1,0,0,0,0,0,0,0,0,0,;0.0648;1;1;546400;1.00;
3AA189Q6B52Z6L7EV3NS06BHCKRWMY.png;0.2389,0.1827,0.0380,0.0313,0.0000,0.0000,0.0000,0.0000,;2,1,1,0,0,0,0,0,0,0,0,;0.1227;2;2;1092800;2.00;
3AA189Q6C6N6C9XRHK508ZBLMH8WM3.png;0.1376,0.0158,0.0185,0.0045,0.0000,0.0000,0.0000,0.0000,;2,1,0,0,0,0,0,0,0,0,0,;0.0441;1;1;546400;1.00;
3AA189Q6C6TLNJILLV2LOGYDJT7MWV.png;0.1455,0.1566,0.0529,0.0139,0.0000,0.0241,0.0000,0.0139,;4,2,0,0,0,0,0,0,0,0,0,;0.0678;2;2;1092800;2.00;
3AJ89545NQHYX91N7X3ADUYHKVTBEA.png;0.1385,0.0233,0.0508,0.0626,0.0000,0.1697,0.0000,0.2107,;3,2,1,0,0,0,0,0,0,0,0,;0.1093;3;2;1092800;1.50;
3AJ89545NQRFJUS6JU65GFBBEJ7BEW.png;0.1808,0.0033,0.0657,0.0000,0.0000,0.0000,0.0000,0.0000,;1,1,0,0,0,0,0,0,0,0,0,;0.0832;1;1;546400;1.00;
3AMAQJSW8I20H10ADEKNBNOAVRROI5.png;0.0513,0.0000,0.0000,0.0000,0.0000,0.0000,0.0000,0.0000,;1,0,0,0,0,0,0,0,0,0,0,;0.0513;1;1;546400;1.00;
3B9PUZPHFHW5PZT5Q7OV88NG9W6JA5.png;0.1667,0.0834,0.0139,0.0000,0.0000,0.0139,0.0000,0.0000,;3,1,0,0,0,0,0,0,0,0,0,;0.0695;2;2;1092800;2.00;
3BGEFHL0JHEL8I3UU0A0G1OJRYOJBS.png;0.0952,0.2227,0.2103,0.1328,0.0000,0.0557,0.0000,0.0849,;3,1,2,0,0,0,0,0,0,0,0,;0.1336;2;2;1092800;2.00;
3BHOG8KFNLAK9AB1ZQLEP6Q0T3RR81.png;0.2710,0.2591,0.2399,0.3155,0.0000,0.0565,0.0000,0.0377,;2,0,3,1,0,0,0,0,0,0,0,;0.1966;4;4;2185600;4.00;
3BK5FW2G6MZ18ENS8D29GOXE9AHRCA.png;0.1098,0.1087,0.0000,0.0000,0.0000,0.0000,0.0000,0.0000,;2,0,0,0,0,0,0,0,0,0,0,;0.1092;1;1;546400;1.00;
3BRG9Q58M1LAH7AQ01RWX47CRWFYQ2.png;0.1266,0.0656,0.0913,0.0503,0.0000,0.0000,0.0000,0.0000,;3,1,0,0,0,0,0,0,0,0,0,;0.0835;2;2;1092800;2.00;
3BZN229KV5TWHZF32GLR8LCC1TX6DS.png;0.0878,0.0961,0.0062,0.0141,0.0000,0.0000,0.0000,0.0000,;3,0,0,0,0,0,0,0,0,0,0,;0.0511;2;2;1092800;2.00;
3C2UN3Y7UJLGZT23JF159R7GHEFMFI.png;0.1687,0.2369,0.2780,0.2423,0.0000,0.0922,0.0000,0.0704,;2,1,3,0,0,0,0,0,0,0,0,;0.1814;3;3;1639200;3.00;
3CF7EZI55RWEYNZ9U956QWWUG93IL2.png;0.1595,0.1030,0.0674,0.0532,0.0000,0.0039,0.0000,0.0159,;4,1,0,0,0,0,0,0,0,0,0,;0.0671;3;3;1639200;3.00;
3CP9VRCFS74RV9VXRUIMMBYWTQDUEZ.png;0.0269,0.0578,0.0000,0.0000,0.0000,0.0000,0.0000,0.0000,;2,0,0,0,0,0,0,0,0,0,0,;0.0423;1;1;546400;1.00;
3CTCX9NXB5M1LSUM0XPXZV8QE2WLJA.png;0.1798,0.0714,0.0965,0.3426,0.0000,0.2906,0.0000,0.1100,;2,2,1,1,0,0,0,0,0,0,0,;0.1818;2;2;1092800;2.00;
3CTCX9NXC67QIV0KKFDEFSMCFTJJLN.png;0.2433,0.5470,0.1265,0.0000,0.0000,0.0679,0.0000,0.0000,;1,1,1,0,0,1,0,0,0,0,0,;0.2462;1;1;546400;1.00;
3CVHT3IKUYKSX9WRAWTF52715RU0R4.png;0.2452,0.1184,0.1659,0.0305,0.0000,0.0000,0.0000,0.0305,;2,2,1,0,0,0,0,0,0,0,0,;0.1181;3;3;1639200;3.00;
3CYDGW98NMPSZAAQ0W8MOBJZSSBOM6.png;0.2066,0.0757,0.1503,0.0872,0.0000,0.0860,0.0000,0.0873,;4,2,0,0,0,0,0,0,0,0,0,;0.1155;2;2;1092800;2.00;
3D00S7P7YG22I1NWJE5APKC40DIEZA.png;0.2179,0.0506,0.0078,0.0000,0.0000,0.0000,0.0000,0.0000,;1,0,1,0,0,0,0,0,0,0,0,;0.0921;1;1;546400;1.00;
3D3KZYB02J3NX4IAX3WJJNSJTAYV8O.png;0.2550,0.1255,0.1068,0.0000,0.0000,0.0000,0.0000,0.0000,;1,1,1,0,0,0,0,0,0,0,0,;0.1624;1;1;546400;1.00;
3D3KZYB03KLUXQ4AWC4FKH86OYE8VD.png;0.1412,0.0000,0.0000,0.0000,0.0000,0.0000,0.0000,0.0000,;0,1,0,0,0,0,0,0,0,0,0,;0.1412;1;1;546400;1.00;
3D3X1L1OBIRB9XRZKHJ79UYYYTK1VU.png;0.0589,0.0654,0.0493,0.0514,0.0000,0.0659,0.0000,0.0615,;6,0,0,0,0,0,0,0,0,0,0,;0.0587;4;2;1092800;4.00;
3D3X1L1OBIRB9XRZKHJ79UYYYTK1VU_1.png;0.0783,0.0507,0.0338,0.0000,0.0000,0.0000,0.0000,0.0000,;3,0,0,0,0,0,0,0,0,0,0,;0.0542;1;1;546400;1.00;
3D3X1L1OBIRB9XRZKHJ79UYYYTK1VU_2.png;0.0544,0.0532,0.0601,0.0536,0.0000,0.0983,0.0000,0.0778,;6,0,0,0,0,0,0,0,0,0,0,;0.0662;2;2;1092800;2.00;
3D7N1211O74L32LV8ZFDVQWGH61MAZ.png;0.0178,0.0514,0.1512,0.0771,0.0000,0.0000,0.0000,0.0000,;3,1,0,0,0,0,0,0,0,0,0,;0.0744;2;2;1092800;2.00;
3D7N1211P8PBU1MJEXLJFBT15KWAMH.png;0.1064,0.0549,0.0590,0.0460,0.0000,0.0188,0.0000,0.0084,;5,0,0,0,0,0,0,0,0,0,0,;0.0489;3;3;1639200;3.00;
3D8B00U52IVJZWECZOBXRVFXL2U83O.png;0.1050,0.0254,0.0275,0.0000,0.0000,0.0328,0.0000,0.0000,;4,0,0,0,0,0,0,0,0,0,0,;0.0477;1;1;546400;1.00;
3D8B00U52IVJZWECZOBXRVFYHAV833.png;0.0838,0.0005,0.0000,0.0796,0.0000,0.0000,0.0000,0.0000,;2,0,0,0,0,0,0,0,0,0,0,;0.0546;2;2;1092800;2.00;
3DBJK6OC3AF4JLMP40JUKZIT4XNYF3.png;0.3524,0.0539,0.1248,0.0274,0.0000,0.1419,0.0000,0.0229,;3,2,0,1,0,0,0,0,0,0,0,;0.1205;3;3;1639200;3.00;
3DCXWU0MSDB2RCYGDPZ82R371ZGTVX.png;0.1314,0.1791,0.1296,0.0027,0.0000,0.0000,0.0000,0.0000,;0,3,0,0,0,0,0,0,0,0,0,;0.1107;3;3;1639200;3.00;
3DECMKXKT815JCLN1RI1KKDJDFAMBB.png;0.2836,0.2663,0.1894,0.3145,0.0000,0.0047,0.0000,0.0581,;1,1,2,1,0,0,0,0,0,0,0,;0.1861;4;4;2185600;4.00;
3DHOXWJRSC3OAPE5AL86OV64DJCT3O.png;0.2806,0.2169,0.1064,0.0337,0.0000,0.0011,0.0000,0.0191,;3,0,2,0,0,0,0,0,0,0,0,;0.1096;2;2;1092800;2.00;
3DPZKFEUURUGTQUQB4SOUUG5ZFPI4V.png;0.1674,0.1852,0.1506,0.0107,0.0000,0.0214,0.0000,0.0000,;2,3,0,0,0,0,0,0,0,0,0,;0.1071;3;3;1639200;3.00;
3DPZKFEUVSIPT2ERNEAT4GS1UAKI44.png;0.2037,0.2896,0.1594,0.1297,0.0000,0.0237,0.0000,0.1013,;2,3,1,0,0,0,0,0,0,0,0,;0.1512;3;3;1639200;3.00;
3DXFGU9SKN7P79WJOTN6EK4MLG3EXS.png;0.1540,0.0890,0.0297,0.0287,0.0000,0.0119,0.0000,0.0119,;5,1,0,0,0,0,0,0,0,0,0,;0.0542;2;2;1092800;2.00;
3DXFGU9SKNVTS8DGXQ8KL6UJIRCXE8.png;0.1511,0.0036,0.0455,0.2531,0.0000,0.0104,0.0000,0.0742,;3,1,1,0,0,0,0,0,0,0,0,;0.0897;2;2;1092800;2.00;
3DXFGU9SLODY46WA7XIQCVBUTMKEXQ.png;0.3102,0.2488,0.0271,0.0098,0.0000,0.0000,0.0000,0.0000,;1,0,1,1,0,0,0,0,0,0,0,;0.1489;2;2;1092800;2.00;
3E9JM64F23SDM8DQUQW3OKIR1A0NP8.png;0.2095,0.0000,0.0000,0.1563,0.0000,0.0000,0.0000,0.0438,;1,2,0,0,0,0,0,0,0,0,0,;0.1365;2;2;1092800;2.00;
3EGCY5R6XYZQLTGPWNN8D6V7K3JYA2.png;0.1590,0.2547,0.1818,0.1993,0.0000,0.0855,0.0000,0.1108,;1,4,1,0,0,0,0,0,0,0,0,;0.1652;3;3;1639200;3.00;
3EJ1F91ANSU6O8N3S3NGZ4GVCA2IZW.png;0.1226,0.0765,0.0045,0.0085,0.0000,0.0000,0.0000,0.0000,;1,1,0,0,0,0,0,0,0,0,0,;0.0530;2;2;1092800;2.00;
3EOZAW7619J5YKCNUIDNV84T8098HV.png;0.2900,0.1200,0.2119,0.4390,0.0000,0.0254,0.0000,0.4013,;1,1,2,1,1,0,0,0,0,0,0,;0.2479;3;2;1092800;1.50;
3EOZAW762AHX3MFSNYKKE4EQ4INH8Q.png;0.1460,0.2626,0.1614,0.0184,0.0000,0.0316,0.0000,0.0201,;3,2,1,0,0,0,0,0,0,0,0,;0.1067;3;3;1639200;3.00;
3ERG9KP7KAETHL286FNRQ00RYLWCHM.png;0.1560,0.0499,0.0641,0.0816,0.0000,0.0366,0.0000,0.0175,;5,1,0,0,0,0,0,0,0,0,0,;0.0676;2;2;1092800;2.00;
3EULM6QNGEDGI0DDZ62WA3R8YV4JXB.png;0.0890,0.0000,0.0139,0.0000,0.0000,0.0139,0.0000,0.0000,;3,0,0,0,0,0,0,0,0,0,0,;0.0389;1;1;546400;1.00;
3EX6YJ62T6GKTDIQJCCYD4JMD62ZJG.png;0.1514,0.0186,0.0183,0.0848,0.0000,0.0152,0.0000,0.0701,;5,1,0,0,0,0,0,0,0,0,0,;0.0597;3;2;1092800;1.50;
3EXC7SWSR38EV80UNYXZTOBA3ESHT8.png;0.0874,0.0470,0.0324,0.0000,0.0000,0.0302,0.0000,0.0000,;4,0,0,0,0,0,0,0,0,0,0,;0.0492;1;1;546400;1.00;
3F0Z1FPMUNUP6TOTMH2XGS6T5GJLYU.png;0.0239,0.0418,0.2164,0.1859,0.0000,0.1158,0.0000,0.0000,;2,2,1,0,0,0,0,0,0,0,0,;0.1168;2;2;1092800;2.00;
3F0Z1FPMUNWB7D1EFV5M6IVBAHELYR.png;0.1439,0.1310,0.1803,0.0281,0.0000,0.0000,0.0000,0.0000,;1,3,0,0,0,0,0,0,0,0,0,;0.1208;3;3;1639200;3.00;
3F12ASV6AWHSTTB7IFZKMVGLLVZM46.png;0.2306,0.2627,0.0623,0.0798,0.0000,0.0000,0.0000,0.0000,;2,0,2,0,0,0,0,0,0,0,0,;0.1589;2;2;1092800;2.00;
3F2SNR5B8MKSI92Q9DG0FV11BKO0HL.png;0.0470,0.0305,0.0163,0.0313,0.0000,0.0000,0.0000,0.0000,;4,0,0,0,0,0,0,0,0,0,0,;0.0313;1;1;546400;1.00;
3FKD865UZQBJZ4661LLBINGEMFPMUJ.png;0.1928,0.2457,0.0000,0.0000,0.0000,0.0000,0.0000,0.0000,;0,1,1,0,0,0,0,0,0,0,0,;0.2193;1;1;546400;1.00;
3FKD865UZQBJZ4661LLBINGENHPMUO.png;0.1294,0.1866,0.0000,0.0000,0.0000,0.0000,0.0000,0.0000,;0,2,0,0,0,0,0,0,0,0,0,;0.1580;1;1;546400;1.00;
3FKD865UZQG0HB1FDHAJVT0FL3FMUG.png;0.1344,0.1028,0.0359,0.0000,0.0000,0.0000,0.0000,0.0000,;2,1,0,0,0,0,0,0,0,0,0,;0.0910;2;2;1092800;2.00;
3FOA7RUSUPLLDDXZNITMB1EHL6FPGL.png;0.2725,0.0638,0.0000,0.0796,0.0000,0.0707,0.0000,0.0446,;4,0,1,0,0,0,0,0,0,0,0,;0.1062;1;1;546400;1.00;
3FQJF6D1R1SUSJ130G368H5I02G92S.png;0.3523,0.1890,0.0085,0.0000,0.0000,0.0000,0.0000,0.0000,;0,1,0,1,0,0,0,0,0,0,0,;0.1832;2;2;1092800;2.00;
3FQJF6D1S2STVEIP11IICRPWDI892M.png;0.2903,0.0000,0.0000,0.0000,0.0000,0.0000,0.0000,0.0000,;0,0,1,0,0,0,0,0,0,0,0,;0.2903;1;1;546400;1.00;
3G2I6FODBC43UCDM72LBPP8Z9I0L60.png;0.0880,0.0000,0.0000,0.0000,0.0000,0.0000,0.0000,0.0000,;1,0,0,0,0,0,0,0,0,0,0,;0.0880;1;1;546400;1.00;
3GAR7VLBJNDRH4HH5ZWWCFRBGXZ4Y9.png;0.2370,0.1758,0.2562,0.1223,0.0000,0.1278,0.0000,0.0366,;1,3,2,0,0,0,0,0,0,0,0,;0.1593;3;3;1639200;3.00;
3GAR7VLBJNEKQVA3XEJQ66MZFEXY4T.png;0.1806,0.0318,0.0165,0.0251,0.0000,0.0000,0.0000,0.0000,;3,1,0,0,0,0,0,0,0,0,0,;0.0635;1;1;546400;1.00;
3GBCJUK5C2GRHG97MHYVG9NBQMOPK9.png;0.2170,0.1895,0.0553,0.0706,0.0000,0.0000,0.0000,0.0000,;2,1,1,0,0,0,0,0,0,0,0,;0.1331;2;2;1092800;2.00;
3GBCJUK5C2NMDEDWS686X6QI2G8KP3.png;0.0000,0.0000,0.0000,0.0000,0.0000,0.0000,0.0000,0.0000,;0,0,0,0,0,0,0,0,0,0,0,;NaN;0;
3GC8IVJ10EOCB71QWZ4YFX98VOS9NN.png;0.0841,0.0567,0.2707,0.2082,0.0000,0.0060,0.0000,0.1070,;3,1,1,0,0,0,0,0,0,0,0,;0.1221;2;2;1092800;2.00;
3GRRK9BQWRDBESRD36S5634M392PD9.png;0.0000,0.0000,0.0478,0.0580,0.0000,0.0098,0.0000,0.0000,;2,0,0,0,0,0,0,0,0,0,0,;0.0385;2;2;1092800;2.00;
3GRRK9BQWRPD54OGKFA4YQ8537VPDJ.png;0.1582,0.0055,0.0061,0.0051,0.0000,0.0061,0.0000,0.0051,;0,1,0,0,0,0,0,0,0,0,0,;0.0310;1;1;546400;1.00;
3GZMSD8U5X9MRGKQIZ546O8UKB695Q.png;0.1114,0.1770,0.2194,0.0892,0.0000,0.0000,0.0000,0.0000,;1,2,1,0,0,0,0,0,0,0,0,;0.1493;2;2;1092800;2.00;
3GZMSD8U5X9MRGKQIZ546O8UKC795T.png;0.1183,0.1028,0.0267,0.2231,0.0000,0.0080,0.0000,0.0000,;2,1,1,0,0,0,0,0,0,0,0,;0.0958;3;3;1639200;3.00;
3GZMSD8U6Y8M82W4VRHXFG1G1IS95R.png;0.1477,0.1091,0.0574,0.0000,0.0000,0.0000,0.0000,0.0000,;2,1,0,0,0,0,0,0,0,0,0,;0.1047;2;2;1092800;2.00;
3H41Q6XMRNJ731MM548PSMBGOYMG2I.png;0.2503,0.0887,0.0538,0.0608,0.0000,0.0000,0.0000,0.0000,;3,0,1,0,0,0,0,0,0,0,0,;0.1134;1;1;546400;1.00;
3H41Q6XMRNUCK2PCFPR6Y35LJFT2GW.png;0.0000,0.0717,0.0214,0.0000,0.0000,0.0063,0.0000,0.0000,;2,0,0,0,0,0,0,0,0,0,0,;0.0331;1;1;546400;1.00;
3H5CSD5832HNKRNN8SDJ6TWED17E80.png;0.0990,0.1901,0.2396,0.0847,0.0000,0.1462,0.0000,0.0262,;3,2,1,0,0,0,0,0,0,0,0,;0.1310;3;3;1639200;3.00;
3H5CSD5832HNKRNN8SDJ6TWL583E8G.png;0.1117,0.0192,0.0034,0.0000,0.0000,0.0133,0.0000,0.0000,;2,1,0,0,0,0,0,0,0,0,0,;0.0369;1;1;546400;1.00;
3HBZ8AD97D3GZ7VEBIN9M1728BDNN9.png;0.0877,0.0000,0.0700,0.0580,0.0000,0.0701,0.0000,0.0587,;5,0,0,0,0,0,0,0,0,0,0,;0.0689;3;3;1639200;3.00;
3HBZ8AD97D3GZ7VEBIN9M18U9EHNN5.png;0.0934,0.1080,0.0791,0.0996,0.0000,0.0084,0.0000,0.0039,;4,0,0,0,0,0,0,0,0,0,0,;0.0654;4;4;2185600;4.00;
3HL3WX653BXN6QCFW6M6ATC7KPGPQT.png;0.3046,0.0248,0.0515,0.0841,0.0000,0.0381,0.0000,0.0675,;5,0,1,0,0,0,0,0,0,0,0,;0.0951;1;1;546400;1.00;
3HQI26VRPRS5H4RSBPY2KOCMRQ13R0.png;0.0731,0.0563,0.0601,0.0581,0.0000,0.0000,0.0000,0.0000,;4,0,0,0,0,0,0,0,0,0,0,;0.0619;1;1;546400;1.00;
3HVLA9UQN4GKVQOHDHMDH1A7KETU66.png;0.1839,0.1657,0.0856,0.0956,0.0000,0.0000,0.0000,0.0286,;3,2,0,0,0,0,0,0,0,0,0,;0.1119;2;2;1092800;2.00;
3HYDIS22CWMMEZBE3G64NG7ZMZON5V.png;0.3962,0.0652,0.0148,0.0114,0.0000,0.0042,0.0000,0.0000,;3,0,0,1,0,0,0,0,0,0,0,;0.0983;1;1;546400;1.00;
3HYDIS22DXJRRCQBI3AE9ELUHK15NC.png;0.0444,0.0000,0.0010,0.0000,0.0000,0.0883,0.0000,0.0559,;3,0,0,0,0,0,0,0,0,0,0,;0.0474;2;2;1092800;2.00;
3I21NMEA63DY0BA82BXKKSLPMBYSHT.png;0.1814,0.1957,0.1268,0.0503,0.0000,0.0055,0.0000,0.0462,;2,3,0,0,0,0,0,0,0,0,0,;0.1010;3;3;1639200;3.00;
3I21NMEA63DY0BA82BXKKSLPMBYSHT_1.png;0.2524,0.1339,0.3063,0.1692,0.0000,0.0158,0.0000,0.0443,;2,2,2,0,0,0,0,0,0,0,0,;0.1537;3;3;1639200;3.00;
3I21NMEA63DY0BA82BXKKSLPMBYSHT_2.png;0.2209,0.1470,0.1608,0.1314,0.0000,0.0076,0.0000,0.0218,;1,3,1,0,0,0,0,0,0,0,0,;0.1149;4;4;2185600;4.00;
3I3RVCR3FK2XEB4GMX9G7IJ2RLH6XI.png;0.0653,0.0000,0.0000,0.0106,0.0000,0.0037,0.0000,0.0356,;3,0,0,0,0,0,0,0,0,0,0,;0.0288;2;1;546400;2.00;
3I5ZXD44IULX7AZS354F5V5W46GJCA.png;0.0979,0.0000,0.0192,0.0139,0.0000,0.0120,0.0000,0.0315,;5,0,0,0,0,0,0,0,0,0,0,;0.0349;1;1;546400;1.00;
3I5ZXD44JV69M8DWVE4I5ER80XVCJX.png;0.0872,0.0521,0.0540,0.0517,0.0000,0.0126,0.0000,0.0115,;6,0,0,0,0,0,0,0,0,0,0,;0.0448;4;4;2185600;4.00;
3I5ZXD44JV69M8DWVE4I5ER80XVCJX_1.png;0.1450,0.0384,0.0470,0.0631,0.0000,0.0026,0.0000,0.0162,;4,1,0,0,0,0,0,0,0,0,0,;0.0520;2;2;1092800;2.00;
3I5ZXD44JV69M8DWVE4I5ER80XVCJX_2.png;0.0993,0.0624,0.0516,0.0588,0.0000,0.0129,0.0000,0.0129,;6,0,0,0,0,0,0,0,0,0,0,;0.0497;4;4;2185600;4.00;
3I5ZXD44JVHG9J4AOHWFS96B5XBJCP.png;0.1473,0.0178,0.0791,0.0725,0.0000,0.0013,0.0000,0.0053,;3,1,0,0,0,0,0,0,0,0,0,;0.0539;3;3;1639200;3.00;
3ID43DSF5JBJ2SZGW2H8HR9RGRT5G5.png;0.0315,0.0357,0.0447,0.0000,0.0000,0.0000,0.0000,0.0000,;3,0,0,0,0,0,0,0,0,0,0,;0.0373;1;1;546400;1.00;
3IE95L92ROOBGIB0W5PPNWUUL5E7M3.png;0.0705,0.0302,0.0000,0.0000,0.0000,0.0000,0.0000,0.0000,;2,0,0,0,0,0,0,0,0,0,0,;0.0503;1;1;546400;1.00;
3IOQH27Z2E4FFLJVR8TNNB4HIMC1IN.png;0.2474,0.0000,0.0000,0.0000,0.0000,0.0345,0.0000,0.1896,;1,1,1,0,0,0,0,0,0,0,0,;0.1572;2;1;546400;2.00;
3IR329NZ7YGB0BGT612CO4BTUIW2K0.png;0.0000,0.0000,0.0000,0.0000,0.0000,0.0000,0.0000,0.0000,;0,0,0,0,0,0,0,0,0,0,0,;NaN;0;
3IRUE3ZCDH3J5468JOOGJ1Y2ZWZIC5.png;0.2005,0.2330,0.0764,0.0156,0.0000,0.0226,0.0000,0.2229,;3,1,2,0,0,0,0,0,0,0,0,;0.1285;3;2;1092800;1.50;
3IXQCB6XI8S61DI53P5ICGI2I9BTIR.png;0.2249,0.2766,0.1512,0.1167,0.0000,0.1039,0.0000,0.0652,;2,2,2,0,0,0,0,0,0,0,0,;0.1564;2;2;1092800;2.00;
3J06FGISLU272UJU8S9F5O38AK5K50.png;0.1356,0.1148,0.0568,0.1000,0.0000,0.0438,0.0000,0.0691,;4,2,0,0,0,0,0,0,0,0,0,;0.0867;3;3;1639200;3.00;
3J06FGISMVRO4EVZMT2NFJ1KME95KI.png;0.1481,0.0176,0.0902,0.0000,0.0000,0.0000,0.0000,0.0000,;2,1,0,0,0,0,0,0,0,0,0,;0.0853;2;2;1092800;2.00;
3J567DP9LLBDQUW0322ZJ0FWFWZFPB.png;0.1868,0.0225,0.1110,0.1169,0.0000,0.0165,0.0000,0.0634,;3,3,0,0,0,0,0,0,0,0,0,;0.0862;3;3;1639200;3.00;
3J5HEGTZRLQ9SE8SW9LZS2A15OXGGI.png;0.0000,0.0000,0.0000,0.0000,0.0000,0.0000,0.0000,0.0000,;0,0,0,0,0,0,0,0,0,0,0,;NaN;0;
3JCELWMC4PY7J05E7LXQXNDWO6Y3V4.png;0.1209,0.0431,0.0460,0.0460,0.0000,0.0268,0.0000,0.0280,;5,1,0,0,0,0,0,0,0,0,0,;0.0518;1;1;546400;1.00;
3JG2O8WUZH7UTHWSYCP6CNBWVH79WZ.png;0.1022,0.0870,0.0268,0.0421,0.0000,0.0145,0.0000,0.0000,;5,0,0,0,0,0,0,0,0,0,0,;0.0545;2;2;1092800;2.00;
3JGBBKK855Q5HY1J6RVO56S97I9J0I.png;0.1884,0.0867,0.0088,0.0128,0.0000,0.0000,0.0000,0.0000,;2,1,0,0,0,0,0,0,0,0,0,;0.0742;2;2;1092800;2.00;
3JGLGV9D6KL86TQHYYZCMI0V13JD5Y.png;0.0321,0.0940,0.0317,0.0289,0.0000,0.0129,0.0000,0.0000,;5,0,0,0,0,0,0,0,0,0,0,;0.0399;1;1;546400;1.00;
3JT4BYK2Y4IL1Z22PAHP7P5PI0U2WH.png;0.0858,0.0291,0.0000,0.0000,0.0000,0.0000,0.0000,0.0000,;2,0,0,0,0,0,0,0,0,0,0,;0.0575;1;1;546400;1.00;
3K0G5SYN9K0M6D335K10A1FE8RM8MU.png;0.2426,0.3965,0.1689,0.2106,0.0000,0.0337,0.0000,0.0313,;2,1,2,1,0,0,0,0,0,0,0,;0.1806;3;3;1639200;3.00;
3K0G5SYNALYS7SB8UL3I5RQZNM3M85.png;0.1216,0.2284,0.2458,0.1794,0.0000,0.1066,0.0000,0.0782,;2,2,2,0,0,0,0,0,0,0,0,;0.1600;3;3;1639200;3.00;
3K0T7FOBIJOUXM7ZLBPJYBSGQYWM14.png;0.1677,0.1054,0.1128,0.0139,0.0000,0.0221,0.0000,0.0139,;4,2,0,0,0,0,0,0,0,0,0,;0.0726;3;3;1639200;3.00;
3K27O5FVBZ6Y1U1OKHZVRLOYVIWW5C.png;0.1359,0.0412,0.0281,0.0326,0.0000,0.0123,0.0000,0.0120,;5,1,0,0,0,0,0,0,0,0,0,;0.0437;1;1;546400;1.00;
3K3X4GGOSLN6JKEE0NBXYD5PSA6MC7.png;0.3074,0.0000,0.1539,0.0734,0.0000,0.0000,0.0000,0.0027,;1,1,1,0,0,0,0,0,0,0,0,;0.1344;2;2;1092800;2.00;
3K3X4GGOSLN6JKEE0NBXYD5PV12MCO.png;0.2550,0.1255,0.1068,0.0000,0.0000,0.0000,0.0000,0.0000,;1,1,1,0,0,0,0,0,0,0,0,;0.1624;1;1;546400;1.00;
3K3X4GGOSLN9WHITSDB41LMDI6SMCK.png;0.0000,0.0000,0.0000,0.0909,0.0000,0.0000,0.0000,0.0621,;2,0,0,0,0,0,0,0,0,0,0,;0.0765;1;1;546400;1.00;
3K9T2ON9ZE5ORLPELXZMHUO84LJMTT.png;0.1236,0.0829,0.0000,0.0305,0.0000,0.0000,0.0000,0.0305,;3,1,0,0,0,0,0,0,0,0,0,;0.0669;2;2;1092800;2.00;
3KNJI1FZ8L912486RAFQQV3ZEP6NQU.png;0.1906,0.2474,0.3925,0.0892,0.0000,0.0732,0.0000,0.0324,;3,1,1,1,0,0,0,0,0,0,0,;0.1709;3;3;1639200;3.00;
3L4EWVFWCZFLPLXQZ7MWBK7MU2X9OK.png;0.1481,0.1501,0.0000,0.0000,0.0000,0.0000,0.0000,0.0000,;0,2,0,0,0,0,0,0,0,0,0,;0.1491;1;1;546400;1.00;
3L8V324VIV0JU2BOPG7PUH68F6NF91.png;0.0421,0.0357,0.0000,0.0000,0.0000,0.0000,0.0000,0.0000,;2,0,0,0,0,0,0,0,0,0,0,;0.0389;1;1;546400;1.00;
3L8V324VIVQEQ524CR2N49U2T8GF9N.png;0.1209,0.0671,0.1123,0.2279,0.0000,0.0235,0.0000,0.0772,;3,2,1,0,0,0,0,0,0,0,0,;0.1048;3;3;1639200;3.00;
3LBF4GRVWQC3B97WPKKEJO5WDODDDG.png;0.0615,0.0000,0.0139,0.0000,0.0000,0.0139,0.0000,0.0000,;3,0,0,0,0,0,0,0,0,0,0,;0.0298;1;1;546400;1.00;
3LBF4GRVWQSB1V8AOKNI47EZJYMDDE.png;0.2652,0.2290,0.2266,0.2180,0.0000,0.1492,0.0000,0.1377,;0,2,4,0,0,0,0,0,0,0,0,;0.2043;4;4;2185600;4.00;
3LCM1J6T1CTW3PUN949YD9G6A99CYC.png;0.0246,0.0000,0.1295,0.0000,0.0000,0.0135,0.0000,0.0000,;2,1,0,0,0,0,0,0,0,0,0,;0.0559;1;1;546400;1.00;
3LE9INWSFWFC7U06C7E8H83VJHH0ML.png;0.0000,0.0000,0.0340,0.0602,0.0000,0.0051,0.0000,0.0000,;2,0,0,0,0,0,0,0,0,0,0,;0.0331;2;2;1092800;2.00;
3LJE53CC7VYWE1O3MIQ180XM33HESQ.png;0.0284,0.0000,0.0346,0.0638,0.0000,0.0106,0.0000,0.0093,;4,0,0,0,0,0,0,0,0,0,0,;0.0293;2;2;1092800;2.00;
3LLXQSS3GH7EI0TIBFCZBVHJUIM2FF.png;0.0000,0.0000,0.0205,0.4856,0.0000,0.0206,0.0000,0.1387,;2,1,0,0,1,0,0,0,0,0,0,;0.1663;1;1;546400;1.00;
3LLXQSS3GH7EI0TIBFCZBVHJURL2FW.png;0.0692,0.0000,0.0228,0.4759,0.0000,0.0229,0.0000,0.1318,;3,1,0,0,1,0,0,0,0,0,0,;0.1445;1;1;546400;1.00;
3LV0310AAZ0POAIRABRDV0CJ4TWKD9.png;0.2138,0.1660,0.0786,0.0230,0.0000,0.0000,0.0000,0.0230,;3,1,1,0,0,0,0,0,0,0,0,;0.1009;2;2;1092800;2.00;
3LV0310AAZ5BVL06B1AU1YGZUNKDKM.png;0.0000,0.0000,0.0000,0.0000,0.0000,0.0000,0.0000,0.0000,;0,0,0,0,0,0,0,0,0,0,0,;NaN;0;
3LV0310AAZ5BVL06B1AU1YGZUNKDKM_1.png;0.1637,0.0966,0.1247,0.1289,0.0000,0.0000,0.0000,0.0000,;1,3,0,0,0,0,0,0,0,0,0,;0.1285;2;2;1092800;2.00;
3LV0310AAZ5BVL06B1AU1YGZUNKDKM_2.png;0.1359,0.1097,0.1179,0.0894,0.0000,0.0000,0.0000,0.0124,;3,2,0,0,0,0,0,0,0,0,0,;0.0931;3;3;1639200;3.00;
3LV0310AAZ7UO39UCWLZNYY1B3BDKS.png;0.2031,0.0826,0.0910,0.1146,0.0000,0.0424,0.0000,0.0249,;4,2,0,0,0,0,0,0,0,0,0,;0.0931;2;2;1092800;2.00;
3LV0310AB0FIJI1LDLADGNAZ3BMKDF.png;0.2019,0.1576,0.2599,0.2050,0.0000,0.1701,0.0000,0.1049,;1,4,1,0,0,0,0,0,0,0,0,;0.1833;3;3;1639200;3.00;
3LV0310AB0LE2KPSDVZ5QZ931M3DKU.png;0.1361,0.0732,0.0525,0.0062,0.0000,0.0135,0.0000,0.0000,;3,1,0,0,0,0,0,0,0,0,0,;0.0563;2;2;1092800;2.00;
3M35MA94IX9MX6PXAQCG5JTOJ1HNO3.png;0.1603,0.3583,0.2549,0.1682,0.0000,0.1017,0.0000,0.0010,;1,2,1,1,0,0,0,0,0,0,0,;0.1741;2;2;1092800;2.00;
3M6KHLIXGO95W4HFFOS373KMUDHIRT.png;0.1129,0.0242,0.0199,0.0546,0.0000,0.0000,0.0000,0.0353,;4,1,0,0,0,0,0,0,0,0,0,;0.0494;2;2;1092800;2.00;
3ME56J5KH09H8MTADW07EI1HZMYC6P.png;0.0887,0.0260,0.0117,0.0010,0.0000,0.0000,0.0000,0.0000,;3,0,0,0,0,0,0,0,0,0,0,;0.0318;1;1;546400;1.00;
3ME56J5KH0A6OHM7NB7LNJZ2KW86CO.png;0.1091,0.0000,0.0772,0.0207,0.0000,0.0062,0.0000,0.0307,;4,0,0,0,0,0,0,0,0,0,0,;0.0488;2;2;1092800;2.00;
3MGKBFT74NRL5KAEINTLHYIV1ONSJ5.png;0.0758,0.0000,0.0000,0.0000,0.0000,0.0000,0.0000,0.0000,;1,0,0,0,0,0,0,0,0,0,0,;0.0758;1;1;546400;1.00;
3MHMBB6SGFYXPF5WOO57T0Y1YOLKW9.png;0.0767,0.0232,0.0302,0.0000,0.0000,0.0302,0.0000,0.0000,;4,0,0,0,0,0,0,0,0,0,0,;0.0401;1;1;546400;1.00;
3MK14RC5NS9WDGLCZVLGWCZQJ24T6G.png;0.0432,0.0398,0.0447,0.0414,0.0000,0.0066,0.0000,0.0101,;5,0,0,0,0,0,0,0,0,0,0,;0.0310;4;4;2185600;4.00;
3MK14RC5NS9WDGLCZVLGWCZQJ2BT6N.png;0.0977,0.0054,0.0063,0.0120,0.0000,0.0000,0.0000,0.0000,;2,0,0,0,0,0,0,0,0,0,0,;0.0303;1;1;546400;1.00;
3MKP0VNPL180YVBEBVOO0GDECBIJRU.png;0.1685,0.0877,0.0000,0.0305,0.0000,0.0000,0.0000,0.0305,;3,1,0,0,0,0,0,0,0,0,0,;0.0793;2;2;1092800;2.00;
3MNPSGWWOQV9GBTQIUTZ7HIZXBCPUY.png;0.2102,0.2403,0.0107,0.0503,0.0000,0.0082,0.0000,0.0000,;2,0,2,0,0,0,0,0,0,0,0,;0.1039;2;2;1092800;2.00;
3MNYFQMXON9G1T2C2HOQSK4JSIPY01.png;0.1323,0.0233,0.0000,0.0000,0.0000,0.0000,0.0000,0.0000,;1,1,0,0,0,0,0,0,0,0,0,;0.0778;1;1;546400;1.00;
3MQJWSYXNGSYPF0J90X7JRB4GS9O5U.png;0.0556,0.0000,0.0000,0.0000,0.0000,0.0000,0.0000,0.0000,;1,0,0,0,0,0,0,0,0,0,0,;0.0556;1;1;546400;1.00;
3MQJWSYXOHGDXJ3GAF96UH2KF625OC.png;0.0197,0.0000,0.0000,0.0000,0.0000,0.0000,0.0000,0.0000,;1,0,0,0,0,0,0,0,0,0,0,;0.0197;1;1;546400;1.00;
3MXFP9RGE565H89AY0KXMF94YTQB2U.png;0.2032,0.1405,0.0833,0.1228,0.0000,0.0433,0.0000,0.1272,;2,4,0,0,0,0,0,0,0,0,0,;0.1200;4;3;1639200;2.00;
3MXFP9RGE565SQ20JA2GC60T4U4B22.png;0.0444,0.0177,0.0000,0.0000,0.0000,0.0000,0.0000,0.0000,;2,0,0,0,0,0,0,0,0,0,0,;0.0310;1;1;546400;1.00;
3N9FD9XF48K5Z4R4YKZ4XC3B2YYEVL.png;0.0440,0.0019,0.0339,0.0000,0.0000,0.0141,0.0000,0.0000,;3,0,0,0,0,0,0,0,0,0,0,;0.0235;2;2;1092800;2.00;
3NAD71TD8V1W7T0ET8V40F6WWDIL2U.png;0.0562,0.0373,0.3648,0.2671,0.0000,0.0404,0.0000,0.0671,;4,0,1,1,0,0,0,0,0,0,0,;0.1388;2;2;1092800;2.00;
3NCF7G1XJIORLK6VK0UD85LOJVCNAC.png;0.0290,0.0828,0.1339,0.1179,0.0000,0.0000,0.0000,0.0513,;3,2,0,0,0,0,0,0,0,0,0,;0.0830;2;2;1092800;2.00;
3NCF7G1XKJPJCCJPOHEQSUA1GNWANP.png;0.0018,0.0000,0.0000,0.0003,0.0000,0.0000,0.0000,0.0000,;0,0,0,0,0,0,0,0,0,0,0,;0.0011;1;1;546400;1.00;
3NCF7G1XKJPJCCJPOHEQSUA1GNWANP_1.png;0.1524,0.0950,0.0077,0.0123,0.0000,0.0061,0.0000,0.0105,;3,1,0,0,0,0,0,0,0,0,0,;0.0473;2;2;1092800;2.00;
3NCF7G1XKJPJCCJPOHEQSUA1GNWANP_2.png;0.0934,0.0053,0.0000,0.0000,0.0000,0.0000,0.0000,0.0000,;1,0,0,0,0,0,0,0,0,0,0,;0.0494;1;1;546400;1.00;
3NE6EBGK47BU93BYGGU8IB2LO7NE35.png;0.0346,0.0000,0.0000,0.0000,0.0000,0.0000,0.0000,0.0000,;1,0,0,0,0,0,0,0,0,0,0,;0.0346;1;1;546400;1.00;
3NJ4SYXGOJ3OVMOHUVEMN5U7Y2PBNN.png;0.0000,0.0000,0.0000,0.0510,0.0000,0.0000,0.0000,0.0671,;2,0,0,0,0,0,0,0,0,0,0,;0.0590;1;1;546400;1.00;
3NJ4SYXGOJ3OVMOHUVEMN5U7YYPBNF.png;0.0060,0.0049,0.0029,0.0043,0.0000,0.0045,0.0000,0.0249,;1,0,0,0,0,0,0,0,0,0,0,;0.0079;1;1;546400;1.00;
3NJ4SYXGOJNVJBRMT3TGCL1CL9UBNQ.png;0.1968,0.2620,0.1485,0.0804,0.0000,0.0563,0.0000,0.0000,;2,2,1,0,0,0,0,0,0,0,0,;0.1488;2;2;1092800;2.00;
3NVVDJT9G6OIY2RUWWJCMM9P5JCPXO.png;0.1826,0.0719,0.1587,0.0801,0.0000,0.0001,0.0000,0.0000,;2,2,0,0,0,0,0,0,0,0,0,;0.0987;2;2;1092800;2.00;
3NXBKB5598TPF5MRSRS8QPZELKSL9C.png;0.1483,0.0777,0.1943,0.0669,0.0000,0.0924,0.0000,0.0222,;4,2,0,0,0,0,0,0,0,0,0,;0.1003;2;2;1092800;2.00;
3O5YJYPUSW7TWBM6KNWM44WLFH8KON.png;0.1664,0.2280,0.0000,0.0000,0.0000,0.0113,0.0000,0.0000,;1,1,1,0,0,0,0,0,0,0,0,;0.1353;2;2;1092800;2.00;
3O73QR1UY8O4VXGQ4UMU1W2GKFC94M.png;0.1289,0.0197,0.0082,0.0028,0.0000,0.0016,0.0000,0.0002,;1,1,0,0,0,0,0,0,0,0,0,;0.0269;1;1;546400;1.00;
3O73QR1UY8O4VXGQ4UMU1W2GKGC94O.png;0.0937,0.0090,0.0165,0.0139,0.0000,0.0023,0.0000,0.0021,;3,0,0,0,0,0,0,0,0,0,0,;0.0229;1;1;546400;1.00;
3OBCKNXF1ZHFXL8XUNXW3AYWZX5J3K.png;0.0562,0.0373,0.3656,0.2671,0.0000,0.0419,0.0000,0.0671,;4,0,1,1,0,0,0,0,0,0,0,;0.1392;2;2;1092800;2.00;
3OJGK8O6MRNHZCTYHMEFS503K2OL5K.png;0.2101,0.0232,0.0368,0.0398,0.0000,0.0000,0.0000,0.0000,;3,0,1,0,0,0,0,0,0,0,0,;0.0775;1;1;546400;1.00;
3OQEO5BIM1SME8SFQJ108NKG2ZKU9F.png;0.0979,0.1097,0.0810,0.0782,0.0000,0.0233,0.0000,0.0253,;6,0,0,0,0,0,0,0,0,0,0,;0.0692;4;4;2185600;4.00;
3OQEO5BIM1SME8SFQJ108NKG2ZKU9F_1.png;0.1266,0.0649,0.1360,0.0688,0.0000,0.0668,0.0000,0.0053,;3,2,0,0,0,0,0,0,0,0,0,;0.0780;2;2;1092800;2.00;
3OQEO5BIM1SME8SFQJ108NKG2ZKU9F_2.png;0.1039,0.1161,0.0607,0.1036,0.0000,0.0094,0.0000,0.0384,;4,1,0,0,0,0,0,0,0,0,0,;0.0720;3;3;1639200;3.00;
3OQEO5BIN29PS6BYUHRH0ABF87P9UL.png;0.2922,0.2387,0.0190,0.0078,0.0000,0.0000,0.0000,0.0000,;1,0,2,0,0,0,0,0,0,0,0,;0.1394;2;2;1092800;2.00;
3OR6S1RAC52TCC0V5OHKA3WQNHZAGY.png;0.1683,0.1910,0.1199,0.0912,0.0000,0.0061,0.0000,0.0000,;1,3,0,0,0,0,0,0,0,0,0,;0.1153;3;3;1639200;3.00;
3P15LLOAR9NU663LLUNNP8EDOYG9ZV.png;0.0848,0.0773,0.0823,0.1273,0.0000,0.0550,0.0000,0.0855,;5,1,0,0,0,0,0,0,0,0,0,;0.0854;2;1;546400;2.00;
3P6UG6V268Y9VTMB4YR44MFGIGC4NX.png;0.0454,0.0000,0.0000,0.0000,0.0000,0.0826,0.0000,0.0573,;3,0,0,0,0,0,0,0,0,0,0,;0.0618;1;1;546400;1.00;
3PBMWYW3D44FHQ3H0CBK078FM1J2XZ.png;0.0208,0.0000,0.1353,0.0000,0.0000,0.1065,0.0000,0.1106,;2,2,0,0,0,0,0,0,0,0,0,;0.0933;3;3;1639200;3.00;
3PBMWYW3D4VOVNNOVMGLZF23LEGX22.png;0.2990,0.2422,0.1983,0.1718,0.0000,0.0150,0.0000,0.0452,;2,2,2,0,0,0,0,0,0,0,0,;0.1619;4;4;2185600;4.00;
3PBTVBPQ8T2RUQ4LSR4U2IGAMAGLG7.png;0.1930,0.0112,0.2382,0.3750,0.0000,0.0000,0.0000,0.1190,;1,2,1,1,0,0,0,0,0,0,0,;0.1873;3;3;1639200;3.00;
3PBTVBPQ9UHWF8TU0BNM18QB456LGV.png;0.2062,0.1816,0.2579,0.2625,0.0000,0.1519,0.0000,0.1295,;0,4,2,0,0,0,0,0,0,0,0,;0.1983;3;3;1639200;3.00;
3PBTVBPQ9UJW25OVYU5DFTVY5MMGLK.png;0.0117,0.0225,0.0217,0.0300,0.0000,0.0000,0.0000,0.0000,;4,0,0,0,0,0,0,0,0,0,0,;0.0214;3;3;1639200;3.00;
3PBTVBPQ9UJW25OVYU5DFTVY5MMGLK_1.png;0.1591,0.0443,0.0380,0.0519,0.0000,0.0000,0.0000,0.0000,;3,1,0,0,0,0,0,0,0,0,0,;0.0734;1;1;546400;1.00;
3PBTVBPQ9UJW25OVYU5DFTVY5MMGLK_2.png;0.1136,0.0459,0.0721,0.0802,0.0000,0.0000,0.0000,0.0000,;3,1,0,0,0,0,0,0,0,0,0,;0.0779;2;2;1092800;2.00;
3PHLPV04IQDPW55WV8WBZJA231AP7O.png;0.1819,0.2717,0.2926,0.2432,0.0000,0.0038,0.0000,0.0000,;0,1,3,0,0,0,0,0,0,0,0,;0.1986;3;3;1639200;3.00;
3PLXPMD6WGC7AIQBYMRH2GBAFTWKBJ.png;0.0647,0.0660,0.0452,0.0359,0.0000,0.0381,0.0000,0.0322,;6,0,0,0,0,0,0,0,0,0,0,;0.0470;2;2;1092800;2.00;
3PN7FLVWM45PCCC3MA18W1ODE9IYSJ.png;0.2191,0.1641,0.3697,0.1527,0.0000,0.2751,0.0000,0.1017,;1,2,2,1,0,0,0,0,0,0,0,;0.2137;3;3;1639200;3.00;
3PN7FLVWM45XULC6NHQRXFJ9Z5WSYC.png;0.0500,0.0141,0.0000,0.0000,0.0000,0.0000,0.0000,0.0000,;2,0,0,0,0,0,0,0,0,0,0,;0.0320;1;1;546400;1.00;
3Q4WZ5V3MNIH1FT2QKH2OURKHS1UGI.png;0.0416,0.2579,0.1795,0.0562,0.0000,0.1491,0.0000,0.0564,;3,2,1,0,0,0,0,0,0,0,0,;0.1234;3;3;1639200;3.00;
3Q9ARQ9ZAP4L7I0LVYTFN28MIJR3MM.png;0.0634,0.0578,0.0550,0.0600,0.0000,0.0049,0.0000,0.0092,;4,0,0,0,0,0,0,0,0,0,0,;0.0417;4;4;2185600;4.00;
3Q9ARQ9ZAP4L7I0LVYTFN28MIJR3MM_1.png;0.0836,0.0852,0.0652,0.0832,0.0000,0.0062,0.0000,0.0423,;5,0,0,0,0,0,0,0,0,0,0,;0.0610;4;4;2185600;4.00;
3Q9ARQ9ZAP4L7I0LVYTFN28MIJR3MM_2.png;0.0816,0.0729,0.0689,0.0649,0.0000,0.0101,0.0000,0.0056,;5,0,0,0,0,0,0,0,0,0,0,;0.0507;4;4;2185600;4.00;
3QKP95RWR0AXY9I3VQ7SL2A7LGY5XG.png;0.0359,0.0408,0.0301,0.0193,0.0000,0.1611,0.0000,0.0223,;5,1,0,0,0,0,0,0,0,0,0,;0.0516;1;1;546400;1.00;
3QLL1RLFYUJL8BWXI76KVR6VTA8G40.png;0.1618,0.1929,0.0711,0.0077,0.0000,0.0000,0.0000,0.0000,;1,2,0,0,0,0,0,0,0,0,0,;0.1084;2;2;1092800;2.00;
3QNALI7B4S6VALH9K67QLF1VCK3Z5B.png;0.2097,0.0818,0.0896,0.0639,0.0000,0.0000,0.0000,0.0000,;3,1,0,0,0,0,0,0,0,0,0,;0.1113;1;1;546400;1.00;
3QNALI7B4SD1ONKL4C5DCUTXSZAZ55.png;0.0775,0.0056,0.0306,0.0271,0.0000,0.0026,0.0000,0.0026,;3,0,0,0,0,0,0,0,0,0,0,;0.0243;3;3;1639200;3.00;
3QPQKLUN2S87R374XHKKL49YI4M6SW.png;0.1713,0.1043,0.0930,0.1149,0.0000,0.1158,0.0000,0.1343,;2,4,0,0,0,0,0,0,0,0,0,;0.1222;2;1;546400;2.00;
3QXBZN23LG7N3HYFNCCOI0H4ZPJXNQ.png;0.4436,0.0946,0.1302,0.1885,0.0000,0.0000,0.0000,0.0025,;1,2,0,0,1,0,0,0,0,0,0,;0.1719;2;2;1092800;2.00;
3R0WG3C6FAYXA2OVFH1MKSVV7DKWL8.png;0.0031,0.0000,0.0020,0.0600,0.0000,0.0126,0.0000,0.0596,;3,0,0,0,0,0,0,0,0,0,0,;0.0275;2;1;546400;2.00;
3R35RPFD7J1GHLW8Y5PUB7E29XSP1C.png;0.0000,0.0000,0.1220,0.0000,0.0000,0.0411,0.0000,0.0000,;1,1,0,0,0,0,0,0,0,0,0,;0.0815;1;1;546400;1.00;
3R35RPFD8KSAWMKG8PKUBRZ71RYP19.png;0.1693,0.1944,0.0918,0.0991,0.0000,0.0249,0.0000,0.0017,;3,2,0,0,0,0,0,0,0,0,0,;0.0969;3;3;1639200;3.00;
3R35RPFD8KW5RVQQX9OYA2WSE711PN.png;0.1941,0.2084,0.4065,0.4627,0.0000,0.1185,0.0000,0.1656,;0,4,0,1,1,0,0,0,0,0,0,;0.2593;2;2;1092800;2.00;
3R39EOJX7B7B0RBVIOI0YF8QUNBFFR.png;0.0959,0.0421,0.0305,0.0000,0.0000,0.0305,0.0000,0.0000,;4,0,0,0,0,0,0,0,0,0,0,;0.0498;1;1;546400;1.00;
3R39EOJX7BI6S1MO8YC8O4DE709FF7.png;0.1852,0.1121,0.0641,0.0523,0.0000,0.0000,0.0000,0.0053,;2,2,0,0,0,0,0,0,0,0,0,;0.0838;2;2;1092800;2.00;
3R7DCNC1NO24TFH8BGUHQFOR9KEUDP.png;0.2006,0.1085,0.0813,0.0782,0.0000,0.0664,0.0000,0.0362,;5,1,0,0,0,0,0,0,0,0,0,;0.0952;2;2;1092800;2.00;
3R7DCNC1NO24TFH8BGUHQFOR9KEUDP_1.png;0.0362,0.1076,0.0483,0.0113,0.0000,0.0300,0.0000,0.0078,;5,0,0,0,0,0,0,0,0,0,0,;0.0402;2;2;1092800;2.00;
3R7DCNC1NO24TFH8BGUHQFOR9KEUDP_2.png;0.0713,0.1091,0.1150,0.0518,0.0000,0.1003,0.0000,0.0097,;4,1,0,0,0,0,0,0,0,0,0,;0.0762;3;3;1639200;3.00;
3R7DCNC1NOV5HU26IA2C7R0658YUDF.png;0.1662,0.1546,0.0651,0.1194,0.0000,0.0346,0.0000,0.0278,;3,3,0,0,0,0,0,0,0,0,0,;0.0946;3;3;1639200;3.00;
3R8MKH13HFEBE45LFXZBD3ZAAT6QLU.png;0.1309,0.1417,0.1334,0.0539,0.0000,0.1175,0.0000,0.0544,;2,4,0,0,0,0,0,0,0,0,0,;0.1053;4;4;2185600;4.00;
3R8NDUBSE5C5KWKOVCROU8T8BNKK4W.png;0.0521,0.0686,0.0445,0.0661,0.0000,0.0266,0.0000,0.0532,;6,0,0,0,0,0,0,0,0,0,0,;0.0519;4;3;1639200;2.00;
3R8NDUBSE5CIIDI6K37BBGYS2U64KU.png;0.0260,0.2271,0.1387,0.0000,0.0000,0.0000,0.0000,0.0127,;2,1,1,0,0,0,0,0,0,0,0,;0.1011;2;2;1092800;2.00;
3R8NDUBSE5CRYRKXR6M9AB02Z7L4K5.png;0.2696,0.0804,0.0000,0.0000,0.0000,0.0000,0.0000,0.0000,;1,0,1,0,0,0,0,0,0,0,0,;0.1750;1;1;546400;1.00;
3R8NDUBSF67O3EBOSQ1IL6C0CLD4KT.png;0.2138,0.1830,0.1713,0.0000,0.0000,0.0000,0.0000,0.0000,;0,2,1,0,0,0,0,0,0,0,0,;0.1894;1;1;546400;1.00;
3RPY1MM09GJ0DPT9E5P5CCJTRTWMHE.png;0.0000,0.0092,0.0000,0.0047,0.0000,0.0000,0.0000,0.0000,;0,0,0,0,0,0,0,0,0,0,0,;0.0070;1;1;546400;1.00;
3RRYB8LG3ZH82HFOZGL7ANT68BKKUX.png;0.2189,0.0956,0.1481,0.0000,0.0000,0.0837,0.0000,0.0000,;2,1,1,0,0,0,0,0,0,0,0,;0.1366;2;2;1092800;2.00;
3S1POB7GU8DKAHGA5W96UXZRMJ8QU4.png;0.2097,0.2480,0.0361,0.0016,0.0000,0.0000,0.0000,0.0000,;1,1,1,0,0,0,0,0,0,0,0,;0.1238;2;2;1092800;2.00;
3S4LLGXSV3FZU47VRD0W7FI7RKKAOY.png;0.1045,0.0068,0.0012,0.0000,0.0000,0.0000,0.0000,0.0000,;1,0,0,0,0,0,0,0,0,0,0,;0.0375;1;1;546400;1.00;
3S8DC08I2JZOJ6XAR5ADV2RBM80EJJ.png;0.1152,0.0592,0.0511,0.0527,0.0000,0.0073,0.0000,0.0137,;4,1,0,0,0,0,0,0,0,0,0,;0.0499;4;4;2185600;4.00;
3SBA6YTBY276L0SZ55XU5R7VV8FOBP.png;0.1870,0.0604,0.0157,0.0132,0.0000,0.0044,0.0000,0.0000,;3,1,0,0,0,0,0,0,0,0,0,;0.0561;2;2;1092800;2.00;
3SFRD5IA5Z34MMJO249XJPJMVUHFBF.png;0.1620,0.1421,0.0877,0.2001,0.0000,0.0099,0.0000,0.1476,;1,4,0,0,0,0,0,0,0,0,0,;0.1249;4;3;1639200;2.00;
3SI493PTSWP5AHPBIVTI1I8D7X4ZDI.png;0.0477,0.0250,0.0685,0.0486,0.0000,0.0604,0.0000,0.0725,;6,0,0,0,0,0,0,0,0,0,0,;0.0538;3;3;1639200;3.00;
3SI493PTSWP6VJGGSL9VZHEJP2GDZ2.png;0.2340,0.0543,0.0000,0.0000,0.0000,0.0000,0.0000,0.0000,;1,0,1,0,0,0,0,0,0,0,0,;0.1442;1;1;546400;1.00;
3SIEQXXS6F7PLDK653FBMIWP0ADQ4C.png;0.1870,0.0575,0.0041,0.0219,0.0000,0.0044,0.0000,0.0000,;2,1,0,0,0,0,0,0,0,0,0,;0.0550;2;2;1092800;2.00;
3SJ1BZ9YMZFJKL9JAYIH6SXUEFF7N6.png;0.0224,0.0008,0.0305,0.0000,0.0000,0.0305,0.0000,0.0000,;3,0,0,0,0,0,0,0,0,0,0,;0.0211;3;3;1639200;3.00;
3T1550FWLKIS93DC7DPTY5M29UHWXP.png;0.2841,0.1974,0.0575,0.0000,0.0000,0.0000,0.0000,0.0000,;1,1,1,0,0,0,0,0,0,0,0,;0.1797;2;2;1092800;2.00;
3T6HLR4BXW5RX3QYFIC2AVGBFN389Y.png;0.0616,0.0843,0.0660,0.1232,0.0000,0.0000,0.0000,0.0245,;4,1,0,0,0,0,0,0,0,0,0,;0.0719;2;2;1092800;2.00;
3T6HLR4BXW65EY3SGXC7I8IJLZ589G.png;0.1017,0.0054,0.0177,0.0229,0.0000,0.0251,0.0000,0.0132,;5,0,0,0,0,0,0,0,0,0,0,;0.0310;1;1;546400;1.00;
3T6HLR4BXW65EY3SGXC7I8ILF1889L.png;0.1131,0.0155,0.0265,0.0443,0.0000,0.0034,0.0000,0.0021,;3,1,0,0,0,0,0,0,0,0,0,;0.0341;2;2;1092800;2.00;
3T6UNEUZ5USMH6KL5FCL3O350KM199.png;0.0000,0.0000,0.0000,0.0000,0.0000,0.0000,0.0000,0.0000,;0,0,0,0,0,0,0,0,0,0,0,;NaN;0;
3T6UNEUZ5USMH6KL5FCL3O350KM199_1.png;0.0694,0.0000,0.0000,0.1813,0.0000,0.0000,0.0000,0.0296,;2,1,0,0,0,0,0,0,0,0,0,;0.0934;1;1;546400;1.00;
3T6UNEUZ5USMH6KL5FCL3O350KM199_2.png;0.0306,0.0383,0.0000,0.0000,0.0000,0.0000,0.0000,0.0000,;2,0,0,0,0,0,0,0,0,0,0,;0.0344;1;1;546400;1.00;
3TCGLRK8ZGNA4CQP60QJDQBQH1MZQ6.png;0.1313,0.1036,0.0859,0.0921,0.0000,0.0000,0.0000,0.0000,;3,1,0,0,0,0,0,0,0,0,0,;0.1033;2;2;1092800;2.00;
3TFUINTXMP1P2TVK22ZNBIA74UYT95.png;0.2058,0.0927,0.0563,0.0078,0.0000,0.0083,0.0000,0.0000,;2,1,0,0,0,0,0,0,0,0,0,;0.0742;2;2;1092800;2.00;
3TFUINTXNQRB8MQUNU8RNTUAF5A9TC.png;0.0775,0.0823,0.0000,0.0964,0.0000,0.0000,0.0000,0.0000,;3,0,0,0,0,0,0,0,0,0,0,;0.0854;1;1;546400;1.00;
3TJJ8HSJVIOUEEITVOXS8LA6BWX82U.png;0.1123,0.0000,0.0000,0.0000,0.0000,0.0000,0.0000,0.0000,;0,1,0,0,0,0,0,0,0,0,0,;0.1123;1;1;546400;1.00;
3TJJ8HSJWJ7V3WKXYD3KKOVHU4N28W.png;0.0634,0.0989,0.0846,0.0664,0.0000,0.0336,0.0000,0.0178,;6,0,0,0,0,0,0,0,0,0,0,;0.0608;4;4;2185600;4.00;
3TO8OQV8RRE8TSS50K77OY4BTUOOLO.png;0.1778,0.1059,0.0800,0.1126,0.0000,0.0000,0.0000,0.0387,;3,2,0,0,0,0,0,0,0,0,0,;0.1030;3;3;1639200;3.00;
3TR9CMHN3N8E2YCNTAQUMF33CUSBB8.png;0.1311,0.1687,0.2411,0.1166,0.0000,0.2080,0.0000,0.0543,;1,4,1,0,0,0,0,0,0,0,0,;0.1533;3;3;1639200;3.00;
3TYSWKZBELVFE846EGCGPUMG5XR7G5.png;0.3195,0.0000,0.0000,0.2099,0.0000,0.0000,0.0000,0.0849,;1,1,0,1,0,0,0,0,0,0,0,;0.2048;2;2;1092800;2.00;
3TYSWKZBFMLN72JJOTFJJEIWD9HG7U.png;0.0277,0.0866,0.2833,0.1925,0.0000,0.0019,0.0000,0.0524,;3,1,1,0,0,0,0,0,0,0,0,;0.1074;2;2;1092800;2.00;
3U2H1DGWOPTCKLUQYVRKVZHY3Q4F4G.png;0.2855,0.0124,0.0065,0.0000,0.0000,0.0214,0.0000,0.0000,;2,0,1,0,0,0,0,0,0,0,0,;0.0815;1;1;546400;1.00;
3U47UEJKWC6S8AEVXI8SUW72VHPLB6.png;0.0831,0.0204,0.0769,0.0605,0.0000,0.0428,0.0000,0.0000,;5,0,0,0,0,0,0,0,0,0,0,;0.0568;3;3;1639200;3.00;
3U47UEJKWC7M32113CRLFBCBUKFBLV.png;0.1815,0.0911,0.0100,0.0000,0.0000,0.0000,0.0000,0.0000,;2,1,0,0,0,0,0,0,0,0,0,;0.0942;1;1;546400;1.00;
3U47UEJKWC8E1D3WG0VTNM1UKCYBLF.png;0.2251,0.0897,0.0611,0.0636,0.0000,0.0927,0.0000,0.0000,;4,0,1,0,0,0,0,0,0,0,0,;0.1065;1;1;546400;1.00;
3U47UEJKXD5R38RUXLMDWG1BUJXLBR.png;0.1446,0.1687,0.0000,0.0000,0.0000,0.0158,0.0000,0.0000,;1,2,0,0,0,0,0,0,0,0,0,;0.1097;2;2;1092800;2.00;
3U6BJ3K2B9GQGJVT0E99IGFE7I2MEG.png;0.1291,0.0752,0.0793,0.0435,0.0000,0.0929,0.0000,0.0007,;4,1,0,0,0,0,0,0,0,0,0,;0.0701;4;4;2185600;4.00;
3UEL82N5TO6EUK0Y8E9LV0DUVX2NTJ.png;0.1815,0.1095,0.0789,0.0666,0.0000,0.1149,0.0000,0.0836,;4,2,0,0,0,0,0,0,0,0,0,;0.1059;3;2;1092800;1.50;
3UEL82N5TOKN43E6MBDHCIJ23C3NTV.png;0.0562,0.0718,0.0170,0.0145,0.0000,0.0000,0.0000,0.0000,;4,0,0,0,0,0,0,0,0,0,0,;0.0399;2;2;1092800;2.00;
3UKAYM2G38LNW9YPLTZSPTC333T903.png;0.1535,0.0000,0.0000,0.0000,0.0000,0.0000,0.0000,0.0000,;0,1,0,0,0,0,0,0,0,0,0,;0.1535;1;1;546400;1.00;
3USMLONC9E5MDB1GD7ZQ6SDG14K85P.png;0.0948,0.0043,0.0063,0.0245,0.0000,0.0001,0.0000,0.0120,;3,0,0,0,0,0,0,0,0,0,0,;0.0237;2;2;1092800;2.00;
3USZNBD0ID5Y2E7UC1NHCD5VH1M51A.png;0.0458,0.1547,0.0000,0.0097,0.0000,0.0000,0.0000,0.0057,;1,1,0,0,0,0,0,0,0,0,0,;0.0540;1;1;546400;1.00;
3UV3KC5DTGMOGZ30EI3U2F567A15CS.png;0.1818,0.1877,0.1799,0.0234,0.0000,0.0000,0.0000,0.0000,;1,3,0,0,0,0,0,0,0,0,0,;0.1432;3;3;1639200;3.00;
3UXCLCQO1UDWROO910PGOYLD3QJ20A.png;0.1584,0.1289,0.0709,0.0714,0.0000,0.0472,0.0000,0.0000,;3,2,0,0,0,0,0,0,0,0,0,;0.0953;2;2;1092800;2.00;
3UXCLCQO2V425H8F0OVWTKIEO3N20G.png;0.2129,0.2779,0.2087,0.2568,0.0000,0.0394,0.0000,0.0500,;2,1,3,0,0,0,0,0,0,0,0,;0.1743;4;4;2185600;4.00;
3VHU2SWT3EI2EPQKMFU0IXHUUZKSPE.png;0.1908,0.0000,0.0240,0.0295,0.0000,0.0000,0.0000,0.0295,;3,1,0,0,0,0,0,0,0,0,0,;0.0684;1;1;546400;1.00;
3VKCYEEK5GTFPTFE2CSUAPH4AEKG1E.png;0.4664,0.4634,0.3648,0.4107,0.0000,0.0927,0.0000,0.1886,;1,1,0,1,3,0,0,0,0,0,0,;0.3311;4;4;2185600;4.00;
3VKCYEEK5GTFPTFE2CSUAPH4AEKG1E_1.png;0.3787,0.4137,0.3748,0.3942,0.0000,0.0732,0.0000,0.1658,;1,1,0,3,1,0,0,0,0,0,0,;0.3000;4;4;2185600;4.00;
3VKCYEEK5GTFPTFE2CSUAPH4AEKG1E_2.png;0.4710,0.4019,0.3902,0.3466,0.0000,0.1579,0.0000,0.0819,;1,1,0,3,1,0,0,0,0,0,0,;0.3083;4;4;2185600;4.00;
3VNGVF6XGJQ1QLT33BZ7QKAQGJTGC8.png;0.2159,0.1338,0.0000,0.0000,0.0000,0.0000,0.0000,0.0000,;0,1,1,0,0,0,0,0,0,0,0,;0.1748;1;1;546400;1.00;
3VNVHCMRM39PCV9YY08XQFC2ASTW7K.png;0.1764,0.0680,0.0144,0.0000,0.0000,0.0144,0.0000,0.0000,;3,1,0,0,0,0,0,0,0,0,0,;0.0683;1;1;546400;1.00;
3VPHDNYYW05RMXRPFB37FMZTE8FOX6.png;0.0690,0.0302,0.0000,0.0000,0.0000,0.0000,0.0000,0.0000,;2,0,0,0,0,0,0,0,0,0,0,;0.0496;1;1;546400;1.00;
3VS2P0ED9S8WCYR5XKUI3WE62NIZOD.png;0.2101,0.0562,0.1663,0.1097,0.0000,0.0231,0.0000,0.0000,;3,1,1,0,0,0,0,0,0,0,0,;0.1131;2;2;1092800;2.00;
3VS2P0ED9S9HPWVU5TDRGGPE3WLOZL.png;0.0707,0.1222,0.0912,0.0572,0.0000,0.0669,0.0000,0.0233,;5,1,0,0,0,0,0,0,0,0,0,;0.0719;2;2;1092800;2.00;
3VTCTNDIMBI4MSZRCFZ5EXG7KAVTGQ.png;0.1970,0.2970,0.0765,0.0566,0.0000,0.0235,0.0000,0.0314,;4,1,1,0,0,0,0,0,0,0,0,;0.1137;2;2;1092800;2.00;
3VXAY8PX9568FZGV4FQLLH1QFO0UBC.png;0.1699,0.2225,0.0000,0.0707,0.0000,0.0000,0.0000,0.0715,;2,1,1,0,0,0,0,0,0,0,0,;0.1337;2;2;1092800;2.00;
3VXAY8PXA67ITFS0HYENNTH6AGPBUQ.png;0.1234,0.0543,0.0575,0.0578,0.0000,0.0021,0.0000,0.0022,;3,1,0,0,0,0,0,0,0,0,0,;0.0496;4;4;2185600;4.00;
3W718UE9EUVUJGAIW7WCSAJ232S8KV.png;0.0225,0.0469,0.0554,0.0717,0.0000,0.0160,0.0000,0.0337,;6,0,0,0,0,0,0,0,0,0,0,;0.0410;3;3;1639200;3.00;
3W7EAH4XLRRHWHV8PSJNN5I48Z5K1Z.png;0.0246,0.0000,0.1749,0.0000,0.0000,0.0698,0.0000,0.0000,;2,1,0,0,0,0,0,0,0,0,0,;0.0898;1;1;546400;1.00;
3WAI7IWAXVDPIQMZBUA6WKWKGBTKCH.png;0.1693,0.1844,0.0000,0.1235,0.0000,0.0000,0.0000,0.0538,;1,3,0,0,0,0,0,0,0,0,0,;0.1328;2;2;1092800;2.00;
3WNTBWVI6HTKT402X941XY1LBXF1DP.png;0.1073,0.1309,0.0000,0.0647,0.0000,0.1740,0.0000,0.3597,;2,2,0,1,0,0,0,0,0,0,0,;0.1673;2;2;1092800;2.00;
3WNTBWVI7IICS3U5SPMYXHW39RR1DW.png;0.2089,0.2215,0.0821,0.0309,0.0000,0.0000,0.0000,0.0309,;3,1,1,0,0,0,0,0,0,0,0,;0.1149;2;2;1092800;2.00;
3X3BKUX7FNI4TQBH6Z6BCBN743AUUW.png;0.1494,0.1247,0.0884,0.0312,0.0000,0.0331,0.0000,0.0141,;4,2,0,0,0,0,0,0,0,0,0,;0.0735;3;3;1639200;3.00;
3XCMB0010Q8CROANL93DZ0TZ7HDP3B.png;0.0000,0.0000,0.1220,0.0000,0.0000,0.0411,0.0000,0.0000,;1,1,0,0,0,0,0,0,0,0,0,;0.0815;1;1;546400;1.00;
3XFOW6US4G39LHGXH58DQK2U59EF7W.png;0.1543,0.1053,0.1025,0.0000,0.0000,0.0000,0.0000,0.0000,;2,1,0,0,0,0,0,0,0,0,0,;0.1207;1;1;546400;1.00;
3XH5NKQXD1CEK1G2OFNXP2YO5CGQ1D.png;0.0707,0.0615,0.0703,0.0703,0.0000,0.0329,0.0000,0.0333,;6,0,0,0,0,0,0,0,0,0,0,;0.0565;4;4;2185600;4.00;
3XKJYHBF1PGIGZAV82J26HU67K1S94.png;0.0713,0.0597,0.0481,0.0785,0.0000,0.0306,0.0000,0.0692,;6,0,0,0,0,0,0,0,0,0,0,;0.0596;4;3;1639200;2.00;
3XKJYHBF2QXEJ36G795O9QJC5X59SV.png;0.1004,0.0000,0.0000,0.0000,0.0000,0.0000,0.0000,0.0000,;1,0,0,0,0,0,0,0,0,0,0,;0.1004;1;1;546400;1.00;
3XLULPCEJ5A20HTSPHJ11BGOHJ2K00.png;0.1908,0.1031,0.1762,0.1562,0.0000,0.0572,0.0000,0.0399,;3,3,0,0,0,0,0,0,0,0,0,;0.1206;3;3;1639200;3.00;
3XLULPCEK6XSKDKZU2VPQEQSWADK07.png;0.1696,0.2371,0.1618,0.0464,0.0000,0.0165,0.0000,0.0000,;2,2,1,0,0,0,0,0,0,0,0,;0.1263;3;3;1639200;3.00;
3XOONX5XJ4G5CUJT3GITEEBP8TAR9P.png;0.2608,0.0123,0.0000,0.0000,0.0000,0.0000,0.0000,0.0000,;1,0,1,0,0,0,0,0,0,0,0,;0.1365;1;1;546400;1.00;
3XQ5ITPVUWC5A41L5RJWP1DP30VQTX.png;0.2360,0.2900,0.0488,0.0000,0.0000,0.0000,0.0000,0.0000,;1,0,2,0,0,0,0,0,0,0,0,;0.1916;2;2;1092800;2.00;
3XQ5ITPVUWCZXHDQO612ZU9R46PQTU.png;0.1438,0.1525,0.1372,0.0549,0.0000,0.1321,0.0000,0.0553,;2,4,0,0,0,0,0,0,0,0,0,;0.1126;4;4;2185600;4.00;
3XQ5ITPVVXEK5RIJJ0S4JMU41HATQO.png;0.0851,0.0590,0.0429,0.0000,0.0000,0.0302,0.0000,0.0000,;4,0,0,0,0,0,0,0,0,0,0,;0.0543;2;2;1092800;2.00;
3XXLL7ZNZBX2S1C8S0AVX01M47X2SM.png;0.0644,0.0668,0.0850,0.1101,0.0000,0.0000,0.0000,0.0000,;3,1,0,0,0,0,0,0,0,0,0,;0.0816;2;2;1092800;2.00;
3Y6OYEUGD7DBA3Z0UX7LVDP3LCIS5W.png;0.1549,0.0973,0.1984,0.0590,0.0000,0.0075,0.0000,0.0000,;2,2,0,0,0,0,0,0,0,0,0,;0.1034;2;2;1092800;2.00;
3YATNUOYWN28VJEWP8MVZLA65TU5R8.png;0.0460,0.0654,0.0141,0.0000,0.0000,0.0141,0.0000,0.0000,;4,0,0,0,0,0,0,0,0,0,0,;0.0349;2;2;1092800;2.00;
3YE2HAAZLWT35EOEU3RFNMQ5RC4ZU3.png;0.0715,0.0254,0.0127,0.0251,0.0000,0.0135,0.0000,0.0259,;6,0,0,0,0,0,0,0,0,0,0,;0.0290;1;1;546400;1.00;
3YJAOW5N8OU26Z949MJ65YS6Q7GNS0.png;0.0707,0.1214,0.0915,0.0577,0.0000,0.0602,0.0000,0.0227,;5,1,0,0,0,0,0,0,0,0,0,;0.0707;3;3;1639200;3.00;
3YJAOW5N8OUDFKNJJE4VLVI018MNS9.png;0.1310,0.1646,0.1164,0.0539,0.0000,0.1117,0.0000,0.0544,;2,4,0,0,0,0,0,0,0,0,0,;0.1053;4;4;2185600;4.00;
3YJAOW5N8OUDFKNJJE4VLVI0YDQNSK.png;0.1038,0.0501,0.0538,0.0549,0.0000,0.0541,0.0000,0.0553,;6,0,0,0,0,0,0,0,0,0,0,;0.0620;1;1;546400;1.00;
3YJAOW5N9PI929Z2OH5BG1NQ7AGNSB.png;0.1653,0.2272,0.0000,0.0000,0.0000,0.0044,0.0000,0.0000,;0,1,1,0,0,0,0,0,0,0,0,;0.1323;2;2;1092800;2.00;
3YKHA5XMY4LNHWQDYI2RHLTBGR3A75.png;0.0744,0.0842,0.0139,0.0000,0.0000,0.0139,0.0000,0.0000,;4,0,0,0,0,0,0,0,0,0,0,;0.0466;2;2;1092800;2.00;
3YNFDCZ5Q3U1E5N64P4QVLD4C30NR9.png;0.1180,0.0269,0.0531,0.0834,0.0000,0.0470,0.0000,0.0770,;5,1,0,0,0,0,0,0,0,0,0,;0.0676;3;2;1092800;1.50;
3YNFDCZ5R4IX1UZP9S56QRIUL8YNRO.png;0.1688,0.2306,0.0020,0.0000,0.0000,0.1195,0.0000,0.0932,;1,2,1,0,0,0,0,0,0,0,0,;0.1228;2;2;1092800;2.00;
3YR6VNT52416IC86SLGIIDTF4TWB78.png;0.0416,0.0000,0.0000,0.0000,0.0000,0.0000,0.0000,0.0000,;1,0,0,0,0,0,0,0,0,0,0,;0.0416;1;1;546400;1.00;
3YR6VNT5352GKULNOMVIY5386U67BS.png;0.2363,0.1373,0.0880,0.0719,0.0000,0.0000,0.0000,0.0000,;2,1,1,0,0,0,0,0,0,0,0,;0.1334;2;2;1092800;2.00;
3YS67JKWKBRVDSIQ9F8UVFJ1JQRX40.png;0.0618,0.0185,0.0804,0.0769,0.0000,0.0000,0.0000,0.0000,;4,0,0,0,0,0,0,0,0,0,0,;0.0594;3;3;1639200;3.00;
3YS67JKWKBTMNDQ3LRFOMM61VUK4X5.png;0.4046,0.0567,0.0383,0.0000,0.0000,0.0000,0.0000,0.0000,;2,0,0,1,0,0,0,0,0,0,0,;0.1665;1;1;546400;1.00;
3YVLYSYEBF5NUSY0E746VZKOKNG0QY.png;0.1656,0.0643,0.0000,0.0000,0.0000,0.0000,0.0000,0.0000,;1,1,0,0,0,0,0,0,0,0,0,;0.1149;1;1;546400;1.00;
3Z1VWDJDMCSL9FEEWY1JWQIRHY8F8V.png;0.3648,0.1237,0.0250,0.0000,0.0000,0.0000,0.0000,0.0000,;1,1,0,1,0,0,0,0,0,0,0,;0.1712;1;1;546400;1.00;
3Z1VWDJDMCXXDMC10K62ECWQF20F8X.png;0.0974,0.1200,0.0006,0.0737,0.0000,0.0000,0.0000,0.0000,;2,1,0,0,0,0,0,0,0,0,0,;0.0729;3;3;1639200;3.00;
3Z1VWDJDNDED63DNWYEYK1BZJ9X8FQ.png;0.0307,0.0000,0.0000,0.0000,0.0000,0.0000,0.0000,0.0000,;1,0,0,0,0,0,0,0,0,0,0,;0.0307;1;1;546400;1.00;
3ZAK6NWIZ37QLEUJSP86OBIVCQQ9VS.png;0.0635,0.1255,0.1139,0.0000,0.0000,0.0000,0.0000,0.0000,;1,2,0,0,0,0,0,0,0,0,0,;0.1009;2;2;1092800;2.00;
3ZFB7PFNY1ZJD1XM4GHBRRAA6FG931.png;0.1466,0.0132,0.0134,0.0110,0.0000,0.0062,0.0000,0.0038,;3,1,0,0,0,0,0,0,0,0,0,;0.0324;1;1;546400;1.00;
3ZFB7PFNY1ZJD1XM4GHBRRAA6GF932.png;0.1464,0.0234,0.2672,0.0000,0.0000,0.0147,0.0000,0.0000,;2,1,1,0,0,0,0,0,0,0,0,;0.1129;2;2;1092800;2.00;
3ZNMTDKQXPRIYI9V3LJLED84I1Z2VB.png;0.2009,0.1975,0.2385,0.2232,0.0000,0.0482,0.0000,0.0399,;2,2,2,0,0,0,0,0,0,0,0,;0.1580;4;4;2185600;4.00;
3ZSDUF3VXOXZ44ZW3SE86JT3CR623Z.png;0.1721,0.0173,0.0229,0.0141,0.0000,0.0000,0.0000,0.0141,;4,1,0,0,0,0,0,0,0,0,0,;0.0481;1;1;546400;1.00;
3ZXEP6UEFFQUF1V5KFZ2RFEFLM08OQ.png;0.0288,0.0385,0.1237,0.0632,0.0000,0.0020,0.0000,0.0026,;3,1,0,0,0,0,0,0,0,0,0,;0.0431;2;2;1092800;2.00;
