imageID;text densities;Histogram of windows with text densitites b/w 0:0.1:1;threshold;windows greater than threshold;largest connected window (no. of windows);largest connected window in pixels;The average size of connected regions;
306OACM7G04QOX49OC3VEMIMU7KA8L.png;0.1645,0.1881,0.0517,0.0329,0.0401,0.0003,0.0000,0.0110,0.0000,0.0093,;4,2,0,0,0,0,0,0,0,0,0,;0.0622;2;2;819600;2.00;
30E2X49V611K26Z0IIHLB47CQY53NF.png;0.1191,0.2316,0.0812,0.0000,0.0000,0.0000,0.0000,0.0000,0.0000,0.0000,;1,1,1,0,0,0,0,0,0,0,0,;0.1440;1;1;409800;1.00;
30E2X49V611K26Z0IIHLB47CQY63NG.png;0.0900,0.1349,0.1035,0.0395,0.0407,0.0138,0.0000,0.0000,0.0000,0.0407,;6,1,0,0,0,0,0,0,0,0,0,;0.0662;3;3;1229400;3.00;
30GUUI0R316PRKEN69AJEXY15MMBCT.png;0.0941,0.2149,0.0859,0.1321,0.1326,0.0023,0.0000,0.0000,0.0000,0.0091,;2,2,1,0,0,0,0,0,0,0,0,;0.0959;3;3;1229400;3.00;
319N3DB42B6LKGW48RIT1IUY6MJEPG.png;0.1551,0.0630,0.0000,0.1203,0.0928,0.0000,0.0000,0.0186,0.0000,0.0273,;4,2,0,0,0,0,0,0,0,0,0,;0.0795;3;3;1229400;3.00;
31H4HIBP9AWNGDF6JZY7J01Z8LG5HP.png;0.2178,0.2854,0.1820,0.1548,0.1669,0.0348,0.0000,0.0253,0.0000,0.0275,;3,3,2,0,0,0,0,0,0,0,0,;0.1368;5;5;2049000;5.00;
31QBDMKNDPO96CGOU6OI3UH1N96L85.png;0.0000,0.0000,0.0035,0.0602,0.0773,0.0107,0.0000,0.0024,0.0000,0.0000,;3,0,0,0,0,0,0,0,0,0,0,;0.0308;2;2;819600;2.00;
31QOF9ABLNAV27TO4PXO0GLATWO1L1.png;0.2209,0.1577,0.2606,0.2508,0.0000,0.0815,0.0000,0.0932,0.0000,0.0225,;3,1,3,0,0,0,0,0,0,0,0,;0.1553;4;4;1639200;4.00;
31R9JPCYP6DVE0AQVNO2QFRENFMWRA.png;0.2392,0.1981,0.1023,0.0000,0.0000,0.0000,0.0000,0.0000,0.0000,0.0000,;1,1,1,0,0,0,0,0,0,0,0,;0.1798;2;2;819600;2.00;
31TTIPZ8XM69HILWQZWMCQMN1KS3GE.png;0.0580,0.0000,0.0000,0.0000,0.0575,0.0000,0.0000,0.0000,0.0000,0.0533,;3,0,0,0,0,0,0,0,0,0,0,;0.0562;2;1;409800;2.00;
31ZZN31VRB1J1I6XNAS9X9DBA59QRV.png;0.1443,0.0564,0.0560,0.0486,0.0422,0.0014,0.0000,0.0000,0.0000,0.0000,;4,1,0,0,0,0,0,0,0,0,0,;0.0581;1;1;409800;1.00;
3203J2GC2PK4HSXGZ2GG107218V84Q.png;0.1825,0.0282,0.0469,0.0246,0.0249,0.0423,0.0000,0.0006,0.0000,0.0218,;6,1,0,0,0,0,0,0,0,0,0,;0.0465;2;2;819600;2.00;
3203J2GC2PK4HSXGZ2GG1073Z7V84O.png;0.1279,0.0000,0.0000,0.1379,0.0726,0.0000,0.0000,0.0011,0.0000,0.0000,;1,2,0,0,0,0,0,0,0,0,0,;0.0849;2;2;819600;2.00;
3203J2GC2PK4HSXGZ2GG1074VAS84P.png;0.1971,0.0000,0.0000,0.0000,0.0000,0.0000,0.0000,0.0000,0.0000,0.0000,;0,1,0,0,0,0,0,0,0,0,0,;0.1971;1;1;409800;1.00;
320GLP60AN5TS9K5PU8IGRVPKUZ14P.png;0.0235,0.0754,0.0160,0.0406,0.1502,0.0871,0.0000,0.1004,0.0000,0.1074,;7,1,0,0,0,0,0,0,0,0,0,;0.0751;5;4;1639200;2.50;
320GLP60AN6FM9FGZXIOL5AG38941T.png;0.0918,0.1709,0.1866,0.0107,0.0562,0.1933,0.0000,0.0048,0.0000,0.0430,;4,3,0,0,0,0,0,0,0,0,0,;0.0947;3;3;1229400;3.00;
323KIQYDLQ7S9UIT4NE6QLFONB14CB.png;0.1454,0.0000,0.0016,0.1038,0.0021,0.0000,0.0000,0.0122,0.0000,0.0362,;3,1,0,0,0,0,0,0,0,0,0,;0.0502;2;2;819600;2.00;
3244QHISJ1ITNE98CFK36E7RG91L0N.png;0.1199,0.0102,0.0000,0.0402,0.0000,0.0000,0.0000,0.0402,0.0000,0.0000,;3,1,0,0,0,0,0,0,0,0,0,;0.0526;1;1;409800;1.00;
3244QHISK2XKVEPCAXDY38M44I9L04.png;0.1365,0.0077,0.0346,0.0076,0.0076,0.0113,0.0000,0.0072,0.0000,0.0241,;3,1,0,0,0,0,0,0,0,0,0,;0.0296;2;2;819600;2.00;
329GGY5YRI5WHTWS4FZ9QWPAMFRT4W.png;0.1024,0.0441,0.0688,0.0000,0.0000,0.0000,0.0000,0.0000,0.0000,0.0000,;3,0,0,0,0,0,0,0,0,0,0,;0.0717;1;1;409800;1.00;
32GVUSPLEYOYH9SP841K39EVOUOK3Z.png;0.1841,0.1454,0.0641,0.2262,0.1774,0.0052,0.0000,0.0710,0.0000,0.0532,;3,3,1,0,0,0,0,0,0,0,0,;0.1158;4;4;1639200;4.00;
32GVUSPLFZ61Q5EOZV799O813X5K3C.png;0.1851,0.0778,0.0445,0.0451,0.0421,0.0000,0.0000,0.0000,0.0000,0.0000,;4,1,0,0,0,0,0,0,0,0,0,;0.0789;1;1;409800;1.00;
32JEHGQ0QIPYH7JPSF8OLMHJ8AAU81.png;0.0682,0.0034,0.0193,0.0000,0.0073,0.0000,0.0000,0.0000,0.0000,0.0000,;2,0,0,0,0,0,0,0,0,0,0,;0.0245;1;1;409800;1.00;
32JRJ3GOYGFHSVM6IWA88RJNYD8U1D.png;0.3139,0.1438,0.1936,0.1681,0.1569,0.1526,0.0000,0.1021,0.0000,0.0321,;2,5,0,1,0,0,0,0,0,0,0,;0.1579;3;3;1229400;3.00;
32SOQFN7RN4Q5SNOXDF8KS0W4TRIPM.png;0.3425,0.0171,0.0000,0.0537,0.2433,0.0000,0.0000,0.0000,0.0000,0.0000,;2,0,1,1,0,0,0,0,0,0,0,;0.1642;2;1;409800;2.00;
32WAV7G60PNC75TK9C1M3A29EH0D36.png;0.0716,0.0916,0.0090,0.0139,0.0404,0.0102,0.0000,0.0000,0.0000,0.0185,;6,0,0,0,0,0,0,0,0,0,0,;0.0365;3;2;819600;1.50;
32WAV7G6ZOBEE25MHO1EVKD7PUBD3N.png;0.0772,0.0000,0.0000,0.0378,0.0327,0.0000,0.0000,0.0000,0.0000,0.0000,;3,0,0,0,0,0,0,0,0,0,0,;0.0492;1;1;409800;1.00;
330XZFCZ7R2IEZH3T3I3O6ANM0DXTM.png;0.0470,0.0374,0.0000,0.0000,0.0000,0.0000,0.0000,0.0000,0.0000,0.0000,;2,0,0,0,0,0,0,0,0,0,0,;0.0422;1;1;409800;1.00;
330XZFCZ7RB627L6HWI9543W690TXG.png;0.2531,0.1252,0.1935,0.2994,0.1413,0.0823,0.0000,0.0000,0.0000,0.0000,;1,3,2,0,0,0,0,0,0,0,0,;0.1825;3;3;1229400;3.00;
33EWWXEH81XUPFZ4BLANE2SZQMJ40X.png;0.0602,0.0325,0.0359,0.0329,0.0091,0.0000,0.0000,0.0098,0.0000,0.0091,;4,0,0,0,0,0,0,0,0,0,0,;0.0271;4;4;1639200;4.00;
33FLRCV01N0NF725EJLGLLU8UGYORG.png;0.0686,0.0911,0.0017,0.0000,0.0000,0.0000,0.0000,0.0000,0.0000,0.0000,;2,0,0,0,0,0,0,0,0,0,0,;0.0538;2;2;819600;2.00;
33QM7VBL79CAH7ME53S2DMVHTOZ3QX.png;0.3105,0.1681,0.2164,0.1702,0.1493,0.0885,0.0000,0.0139,0.0000,0.0644,;3,3,1,1,0,0,0,0,0,0,0,;0.1476;5;5;2049000;5.00;
33RX46D1RXVH625SCIG7UWSYT80X1J.png;0.0000,0.1129,0.0804,0.1723,0.1259,0.0000,0.0000,0.0598,0.0000,0.0505,;3,3,0,0,0,0,0,0,0,0,0,;0.1003;3;3;1229400;3.00;
33XMDKLTFSU7YK1SQJZ2MPHPZ4ZZCZ.png;0.2152,0.2462,0.1654,0.2235,0.1779,0.0545,0.0000,0.0172,0.0000,0.0111,;3,2,3,0,0,0,0,0,0,0,0,;0.1389;5;5;2049000;5.00;
344RGS4J7S874QSQIPH3B5TQWFPMPU.png;0.2253,0.0291,0.0000,0.0000,0.0538,0.0000,0.0000,0.0000,0.0000,0.0503,;3,0,1,0,0,0,0,0,0,0,0,;0.0896;1;1;409800;1.00;
34B3PHKY7L0QRWI1JO5S4NCKMT3NE1.png;0.1039,0.2033,0.0344,0.0000,0.0000,0.0000,0.0000,0.0000,0.0000,0.0000,;2,1,0,0,0,0,0,0,0,0,0,;0.1139;1;1;409800;1.00;
34KQN2TBKTGWLIK008X22C5QD2JSAJ.png;0.0000,0.0000,0.0000,0.0000,0.0000,0.0000,0.0000,0.0000,0.0000,0.0000,;0,0,0,0,0,0,0,0,0,0,0,;NaN;0;
34RF8KPUOTU14SPS6MXYXNPWVK1SBB.png;0.0043,0.0285,0.0247,0.0181,0.0160,0.0000,0.0000,0.0000,0.0000,0.0000,;4,0,0,0,0,0,0,0,0,0,0,;0.0153;4;4;1639200;4.00;
34RF8KPUOTU14SPS6MXYXNPWVK1SBB_1.png;0.0782,0.0976,0.0204,0.0567,0.0446,0.0000,0.0000,0.0000,0.0000,0.0000,;5,0,0,0,0,0,0,0,0,0,0,;0.0595;2;2;819600;2.00;
34RF8KPUOTU14SPS6MXYXNPWVK1SBB_2.png;0.0881,0.0569,0.0367,0.0386,0.0417,0.0000,0.0000,0.0000,0.0000,0.0000,;5,0,0,0,0,0,0,0,0,0,0,;0.0524;2;2;819600;2.00;
34RF8KPUOTU14SPS6MXYXNPWVK7SBH.png;0.0176,0.0343,0.0325,0.0288,0.0041,0.0000,0.0000,0.0000,0.0000,0.0000,;4,0,0,0,0,0,0,0,0,0,0,;0.0235;3;3;1229400;3.00;
34YKDDZP3UMABNHOK8ECJ4FCOZJWHB.png;0.2830,0.2209,0.2986,0.3656,0.1739,0.1277,0.0000,0.1417,0.0000,0.0846,;1,3,3,1,0,0,0,0,0,0,0,;0.2120;4;4;1639200;4.00;
3568B45QGKRG3Y1LZDHA1JA6BSCO3E.png;0.2445,0.0000,0.0000,0.0089,0.0668,0.0000,0.0000,0.0000,0.0000,0.0000,;1,0,1,0,0,0,0,0,0,0,0,;0.1067;1;1;409800;1.00;
3589VT1T2BGMXIVHZGNGS492OQIJN8.png;0.2110,0.0000,0.0000,0.0259,0.1737,0.0000,0.0000,0.0000,0.0000,0.0180,;2,1,1,0,0,0,0,0,0,0,0,;0.1072;2;1;409800;2.00;
35DAEVU8JHJ10FFZ10EN4CRDQ8F870.png;0.1271,0.0781,0.0718,0.0000,0.0253,0.0722,0.0000,0.0000,0.0000,0.0257,;5,1,0,0,0,0,0,0,0,0,0,;0.0667;4;4;1639200;4.00;
35GRDJC92I6VOWRC3MF6JHNHWWLC7I.png;0.0056,0.0772,0.0000,0.0000,0.0000,0.0000,0.0000,0.0000,0.0000,0.0000,;1,0,0,0,0,0,0,0,0,0,0,;0.0414;1;1;409800;1.00;
35HIM1LU2HRMGPBVQO0P66HG1MBI5I.png;0.0481,0.0438,0.2739,0.3359,0.2390,0.0269,0.0000,0.0398,0.0000,0.0474,;5,0,2,1,0,0,0,0,0,0,0,;0.1319;3;3;1229400;3.00;
35QUA2ABY634ZYN782PTB2BL5I8EGJ.png;0.1174,0.0000,0.0000,0.0000,0.0000,0.0000,0.0000,0.0000,0.0000,0.0000,;0,1,0,0,0,0,0,0,0,0,0,;0.1174;1;1;409800;1.00;
35QUA2ABZ7MBAB0HZGYJHQ28USWGE7.png;0.2390,0.0000,0.0000,0.0000,0.0000,0.0000,0.0000,0.0000,0.0000,0.0000,;0,0,1,0,0,0,0,0,0,0,0,;0.2390;1;1;409800;1.00;
361LJMRMCQ5CDYJ025B6700NV8CUR4.png;0.0861,0.0844,0.0969,0.1797,0.1691,0.0000,0.0000,0.1417,0.0000,0.0773,;4,3,0,0,0,0,0,0,0,0,0,;0.1193;3;3;1229400;3.00;
369VX4MEOJAKM0DV8XRK62EAJWKGI1.png;0.1971,0.1444,0.0053,0.0074,0.0289,0.0000,0.0000,0.0000,0.0000,0.0000,;1,2,0,0,0,0,0,0,0,0,0,;0.0766;2;2;819600;2.00;
36ARV8EEH67U95XPYN59VTZKFJ2VA1.png;0.1295,0.0646,0.0921,0.0234,0.0114,0.0000,0.0000,0.0234,0.0000,0.0114,;6,1,0,0,0,0,0,0,0,0,0,;0.0509;3;3;1229400;3.00;
36FIWAXJH5YZ4NF13JA9L63DO7Z3AS.png;0.1873,0.2159,0.3246,0.2377,0.1296,0.1957,0.0000,0.1394,0.0000,0.1574,;0,5,2,1,0,0,0,0,0,0,0,;0.1985;3;3;1229400;3.00;
36HGGQAXL6KTNEA2DMTHLEEUZ4CVBW.png;0.2816,0.3457,0.2387,0.0850,0.0904,0.0727,0.0000,0.0457,0.0000,0.0511,;5,0,2,1,0,0,0,0,0,0,0,;0.1514;3;3;1229400;3.00;
36HGGQAXL6L87J29O35QD9YQWSFBVG.png;0.0347,0.0447,0.1507,0.0646,0.0000,0.0604,0.0000,0.0000,0.0000,0.0000,;4,1,0,0,0,0,0,0,0,0,0,;0.0592;3;3;1229400;3.00;
36IAL8HYOXSPP9QYVLXZPMFW48E4R6.png;0.0000,0.0000,0.0000,0.0489,0.1480,0.0000,0.0000,0.0000,0.0000,0.0000,;1,1,0,0,0,0,0,0,0,0,0,;0.0985;1;1;409800;1.00;
36MWL0IRGCO0L6PQ7W22BBNT0ICOHL.png;0.0434,0.3453,0.0000,0.0309,0.0869,0.0000,0.0000,0.0000,0.0000,0.0491,;4,0,0,1,0,0,0,0,0,0,0,;0.1111;1;1;409800;1.00;
36QDS77QN9NG5USZQM0XMAC2L97HFT.png;0.3945,0.0235,0.0000,0.2299,0.4304,0.0000,0.0000,0.0164,0.0000,0.0052,;2,0,1,1,1,0,0,0,0,0,0,;0.1833;3;3;1229400;3.00;
36QDS77QN9Y3AP81GU3ZJ983H37HFJ.png;0.0845,0.0395,0.0000,0.0442,0.0270,0.0000,0.0000,0.0133,0.0000,0.0270,;6,0,0,0,0,0,0,0,0,0,0,;0.0392;3;3;1229400;3.00;
36R3RQSDPTXRSZ6X7FR6HZHDYAF078.png;0.0273,0.0285,0.0000,0.0437,0.0189,0.0000,0.0000,0.0000,0.0000,0.0189,;5,0,0,0,0,0,0,0,0,0,0,;0.0274;2;2;819600;2.00;
375FCEJV4GX4B1VR293XJCDD0I7CCJ.png;0.1876,0.2442,0.2396,0.2176,0.1753,0.0755,0.0000,0.0527,0.0000,0.0467,;3,2,3,0,0,0,0,0,0,0,0,;0.1549;5;5;2049000;5.00;
375MF9UHMRPR2XWE6NL8JC3TL1HSX9.png;0.1194,0.1976,0.0398,0.0000,0.0000,0.0000,0.0000,0.0000,0.0000,0.0000,;1,2,0,0,0,0,0,0,0,0,0,;0.1189;2;2;819600;2.00;
37672WDDC2JA93V4O46FCCJ2VAJNM9.png;0.0386,0.1007,0.0066,0.0000,0.0000,0.0007,0.0000,0.0000,0.0000,0.0000,;2,0,0,0,0,0,0,0,0,0,0,;0.0366;2;2;819600;2.00;
378UBY8FQ61LFCJMHZWZTRZI59A8TB.png;0.2946,0.3486,0.2978,0.0859,0.0473,0.1182,0.0000,0.0372,0.0000,0.0000,;3,1,2,1,0,0,0,0,0,0,0,;0.1757;3;3;1229400;3.00;
378UBY8FR7AABMKBM232FCEFT60T8E.png;0.2748,0.3220,0.1250,0.0834,0.0450,0.0116,0.0000,0.0000,0.0000,0.0254,;4,1,1,1,0,0,0,0,0,0,0,;0.1268;2;2;819600;2.00;
379R4POZ46ZM5D7FMP5TH9FBQ7PRXR.png;0.0724,0.0271,0.0159,0.0000,0.0072,0.0000,0.0000,0.0000,0.0000,0.0000,;3,0,0,0,0,0,0,0,0,0,0,;0.0307;1;1;409800;1.00;
37CCG24EIZSNBY0O0RYFBPCKLTQZRW.png;0.0195,0.0077,0.0139,0.0134,0.0074,0.0000,0.0000,0.0000,0.0000,0.0000,;3,0,0,0,0,0,0,0,0,0,0,;0.0124;3;3;1229400;3.00;
37CCG24EIZSNBY0O0RYFBPCKLTQZRW_1.png;0.0437,0.0270,0.0000,0.0166,0.0000,0.0000,0.0000,0.0000,0.0000,0.0000,;3,0,0,0,0,0,0,0,0,0,0,;0.0291;1;1;409800;1.00;
37CCG24EIZSNBY0O0RYFBPCKLTQZRW_2.png;0.0377,0.0106,0.0128,0.0124,0.0019,0.0001,0.0000,0.0001,0.0000,0.0001,;4,0,0,0,0,0,0,0,0,0,0,;0.0095;4;4;1639200;4.00;
37FXVUXR5NUGX6LAN3N06Z6PNZ6EWN.png;0.0000,0.0000,0.0000,0.0000,0.0000,0.0000,0.0000,0.0000,0.0000,0.0000,;0,0,0,0,0,0,0,0,0,0,0,;NaN;0;
37NNZ8MO7S6VRHEMSEGUVBLX898EQM.png;0.2136,0.0237,0.0058,0.0058,0.0058,0.0041,0.0000,0.0038,0.0000,0.0039,;1,0,1,0,0,0,0,0,0,0,0,;0.0333;1;1;409800;1.00;
37QHTW84X0Z4WRFH6C4VHQ7JNTDJDT.png;0.1943,0.0350,0.0117,0.0156,0.0000,0.0000,0.0000,0.0000,0.0000,0.0000,;3,1,0,0,0,0,0,0,0,0,0,;0.0642;1;1;409800;1.00;
37ZHE2JT1D250TKIB56TICN73UM88S.png;0.1285,0.0113,0.0000,0.0181,0.0194,0.0000,0.0000,0.0239,0.0000,0.0000,;4,1,0,0,0,0,0,0,0,0,0,;0.0403;1;1;409800;1.00;
37ZHE2JT1D250TKIB56TICN73UQ88W.png;0.3031,0.3105,0.1163,0.0000,0.0000,0.0816,0.0000,0.0000,0.0000,0.0000,;1,1,1,1,0,0,0,0,0,0,0,;0.2028;2;2;819600;2.00;
37ZUGP9H9BONPT0XCKXE3200JPH817.png;0.1784,0.0779,0.2337,0.1680,0.2475,0.0065,0.0000,0.0486,0.0000,0.0000,;2,2,2,0,0,0,0,0,0,0,0,;0.1372;4;4;1639200;4.00;
37ZUGP9H9BONPT0XCKXE3201JQL81F.png;0.1674,0.0000,0.0000,0.0000,0.0000,0.0000,0.0000,0.0000,0.0000,0.0000,;0,1,0,0,0,0,0,0,0,0,0,;0.1674;1;1;409800;1.00;
38464Y8J3VK9Y56OSLPV9KDIFIGV4J.png;0.0336,0.0548,0.0368,0.0205,0.0203,0.0124,0.0000,0.0000,0.0000,0.0036,;6,0,0,0,0,0,0,0,0,0,0,;0.0260;3;3;1229400;3.00;
389X50RO4VDYCDHURIYQ7760LL5343.png;0.1096,0.1421,0.0423,0.0302,0.0000,0.0000,0.0000,0.0000,0.0000,0.0000,;3,1,0,0,0,0,0,0,0,0,0,;0.0810;2;2;819600;2.00;
38DNTK7MFN2OC2PZPWU81IIJXME01H.png;0.0414,0.0671,0.0748,0.0504,0.0336,0.0106,0.0000,0.0153,0.0000,0.0085,;7,0,0,0,0,0,0,0,0,0,0,;0.0377;4;4;1639200;4.00;
38DNTK7MFN34LCW85JTSAD2CXFQ01S.png;0.3114,0.1497,0.0927,0.0717,0.0000,0.0000,0.0000,0.0000,0.0000,0.0000,;2,1,0,1,0,0,0,0,0,0,0,;0.1564;1;1;409800;1.00;
38DNTK7MFN3UAZX8DF8S385AB3E10K.png;0.2732,0.0810,0.0877,0.0371,0.0118,0.0194,0.0000,0.0093,0.0000,0.0271,;6,0,1,0,0,0,0,0,0,0,0,;0.0683;3;3;1229400;3.00;
38FWZZ3ILTDK8ICQRL4PWREV0HIYN7.png;0.1138,0.1103,0.0770,0.0761,0.0658,0.0132,0.0000,0.0000,0.0000,0.0000,;4,2,0,0,0,0,0,0,0,0,0,;0.0760;4;4;1639200;4.00;
38GRQLZZQQCOARQX7FK2NWOBS4K0CN.png;0.0000,0.0000,0.0000,0.0000,0.0000,0.0000,0.0000,0.0000,0.0000,0.0000,;0,0,0,0,0,0,0,0,0,0,0,;NaN;0;
38IOEK81UIQHG7BFV93TAAEQ3W496W.png;0.0367,0.3808,0.1172,0.0000,0.0000,0.0000,0.0000,0.0000,0.0000,0.0000,;1,1,0,1,0,0,0,0,0,0,0,;0.1782;1;1;409800;1.00;
38LYNH3Q4ODLGFNEHSAP2J87XNZMGY.png;0.1128,0.1093,0.0805,0.0320,0.0719,0.0000,0.0000,0.0000,0.0000,0.0000,;4,1,0,0,0,0,0,0,0,0,0,;0.0813;2;2;819600;2.00;
38LYNH3Q5PUFYTLC9WG1VAJL0LTGM5.png;0.1400,0.1490,0.2907,0.2176,0.1555,0.1317,0.0000,0.0884,0.0000,0.0086,;1,4,2,0,0,0,0,0,0,0,0,;0.1477;4;4;1639200;4.00;
38MNOT6KWIG21RX6PKH1YJB8VKDT05.png;0.1248,0.0000,0.0000,0.0000,0.0000,0.0000,0.0000,0.0000,0.0000,0.0000,;0,1,0,0,0,0,0,0,0,0,0,;0.1248;1;1;409800;1.00;
38MNOT6KWIG21RX6PKH1YJB8VKDT05_1.png;0.3820,0.1832,0.0000,0.0000,0.0000,0.0000,0.0000,0.0000,0.0000,0.0000,;0,1,0,1,0,0,0,0,0,0,0,;0.2826;1;1;409800;1.00;
38MNOT6KWIG21RX6PKH1YJB8VKDT05_2.png;0.2815,0.0000,0.0000,0.0000,0.0000,0.0000,0.0000,0.0000,0.0000,0.0000,;0,0,1,0,0,0,0,0,0,0,0,;0.2815;1;1;409800;1.00;
38NH2CI7ROPJ1MAJ3F139HJ5CPPVU5.png;0.1271,0.2952,0.1930,0.0127,0.1043,0.0021,0.0000,0.0000,0.0000,0.0433,;3,2,1,0,0,0,0,0,0,0,0,;0.1111;3;3;1229400;3.00;
38NH2CI7SPCMWUJ4T62C2GD654VVUY.png;0.0728,0.0272,0.0246,0.0216,0.0274,0.0242,0.0000,0.0230,0.0000,0.0277,;8,0,0,0,0,0,0,0,0,0,0,;0.0310;1;1;409800;1.00;
38VQ1AW9T5WCGLEK2ZAP9I6I4O826I.png;0.1331,0.0717,0.0453,0.1157,0.0979,0.0000,0.0000,0.0000,0.0000,0.0000,;3,2,0,0,0,0,0,0,0,0,0,;0.0928;3;3;1229400;3.00;
390EOHYPK4Q05K2TRHZ1W9N0LW8X3W.png;0.0709,0.0134,0.0075,0.0000,0.0189,0.0000,0.0000,0.0000,0.0000,0.0189,;4,0,0,0,0,0,0,0,0,0,0,;0.0259;1;1;409800;1.00;
39393HGTI5QMIY6JHIT1M5IIGWJEOF.png;0.3565,0.1488,0.1235,0.2401,0.2334,0.0904,0.0000,0.0077,0.0000,0.0063,;1,2,2,1,0,0,0,0,0,0,0,;0.1508;3;3;1229400;3.00;
394TEHR260P29GUZO0UUQSDZ63O65J.png;0.1278,0.0000,0.0000,0.0000,0.0000,0.0000,0.0000,0.0000,0.0000,0.0000,;0,1,0,0,0,0,0,0,0,0,0,;0.1278;1;1;409800;1.00;
39PLFW4P2L2RPNN40J9QB1XCZ2O4HT.png;0.1357,0.0203,0.0274,0.0140,0.0101,0.0206,0.0000,0.0235,0.0000,0.0231,;7,1,0,0,0,0,0,0,0,0,0,;0.0343;1;1;409800;1.00;
39UNKKTVDF8Y9H8JFO9U930XMBHYGJ.png;0.0106,0.0000,0.0000,0.0000,0.0000,0.0000,0.0000,0.0000,0.0000,0.0000,;1,0,0,0,0,0,0,0,0,0,0,;0.0106;1;1;409800;1.00;
39UNKKTVDFFX9VEX2EW7RYBUQ2JGYD.png;0.1133,0.2358,0.0371,0.1758,0.0605,0.0000,0.0000,0.0034,0.0000,0.0000,;2,2,1,0,0,0,0,0,0,0,0,;0.1043;3;3;1229400;3.00;
39VNNFFKK59EW3XI1HP5P046ZAXXVP.png;0.0751,0.0248,0.0380,0.0568,0.0414,0.0283,0.0000,0.0309,0.0000,0.0102,;8,0,0,0,0,0,0,0,0,0,0,;0.0382;3;3;1229400;3.00;
39Y8ZSVZWWM1XMK47AFGQNZOPQQVZE.png;0.0947,0.1088,0.1020,0.0316,0.1383,0.0000,0.0000,0.0619,0.0000,0.0697,;6,1,0,0,0,0,0,0,0,0,0,;0.0867;4;4;1639200;4.00;
39Y8ZSVZXXM4Z9DMIL8I9OJZBK9VZ6.png;0.2551,0.2996,0.0833,0.0000,0.0000,0.0000,0.0000,0.0000,0.0000,0.0000,;1,0,2,0,0,0,0,0,0,0,0,;0.2127;2;2;819600;2.00;
3AA189Q6B51983MEFLORU493K7KMWE.png;0.1246,0.1537,0.0000,0.0391,0.0280,0.0000,0.0000,0.0000,0.0000,0.0000,;2,2,0,0,0,0,0,0,0,0,0,;0.0864;2;2;819600;2.00;
3AA189Q6B52Z6L7EV3NS06BHCKRWMY.png;0.1951,0.1712,0.2396,0.0069,0.0352,0.0203,0.0000,0.0000,0.0000,0.0000,;2,2,1,0,0,0,0,0,0,0,0,;0.1114;3;3;1229400;3.00;
3AA189Q6C6N6C9XRHK508ZBLMH8WM3.png;0.1803,0.0242,0.0000,0.0247,0.0000,0.0000,0.0000,0.0000,0.0000,0.0000,;2,1,0,0,0,0,0,0,0,0,0,;0.0764;1;1;409800;1.00;
3AA189Q6C6TLNJILLV2LOGYDJT7MWV.png;0.1304,0.1553,0.1462,0.0414,0.0185,0.0360,0.0000,0.0047,0.0000,0.0185,;4,3,0,0,0,0,0,0,0,0,0,;0.0689;3;3;1229400;3.00;
3AJ89545NQHYX91N7X3ADUYHKVTBEA.png;0.1725,0.0390,0.0236,0.0484,0.0587,0.0667,0.0000,0.1616,0.0000,0.1958,;5,3,0,0,0,0,0,0,0,0,0,;0.0958;3;2;819600;1.50;
3AJ89545NQRFJUS6JU65GFBBEJ7BEW.png;0.2410,0.0000,0.0559,0.0361,0.0000,0.0000,0.0000,0.0000,0.0000,0.0000,;2,0,1,0,0,0,0,0,0,0,0,;0.1110;1;1;409800;1.00;
3AMAQJSW8I20H10ADEKNBNOAVRROI5.png;0.0684,0.0000,0.0000,0.0000,0.0000,0.0000,0.0000,0.0000,0.0000,0.0000,;1,0,0,0,0,0,0,0,0,0,0,;0.0684;1;1;409800;1.00;
3B9PUZPHFHW5PZT5Q7OV88NG9W6JA5.png;0.1943,0.0560,0.0830,0.0185,0.0000,0.0166,0.0000,0.0185,0.0000,0.0000,;5,1,0,0,0,0,0,0,0,0,0,;0.0645;2;2;819600;2.00;
3BGEFHL0JHEL8I3UU0A0G1OJRYOJBS.png;0.1079,0.2210,0.1861,0.1892,0.1586,0.0290,0.0000,0.0601,0.0000,0.0877,;4,3,1,0,0,0,0,0,0,0,0,;0.1300;4;4;1639200;4.00;
3BHOG8KFNLAK9AB1ZQLEP6Q0T3RR81.png;0.2214,0.3051,0.2205,0.2797,0.2743,0.0119,0.0000,0.0754,0.0000,0.0265,;3,0,5,0,0,0,0,0,0,0,0,;0.1768;5;5;2049000;5.00;
3BK5FW2G6MZ18ENS8D29GOXE9AHRCA.png;0.1136,0.1777,0.0000,0.0000,0.0000,0.0000,0.0000,0.0000,0.0000,0.0000,;0,2,0,0,0,0,0,0,0,0,0,;0.1457;1;1;409800;1.00;
3BRG9Q58M1LAH7AQ01RWX47CRWFYQ2.png;0.1159,0.0529,0.1182,0.0911,0.0621,0.0000,0.0000,0.0000,0.0000,0.0000,;3,2,0,0,0,0,0,0,0,0,0,;0.0881;3;3;1229400;3.00;
3BZN229KV5TWHZF32GLR8LCC1TX6DS.png;0.1171,0.0477,0.0888,0.0000,0.0188,0.0016,0.0000,0.0000,0.0000,0.0000,;3,1,0,0,0,0,0,0,0,0,0,;0.0548;2;2;819600;2.00;
3C2UN3Y7UJLGZT23JF159R7GHEFMFI.png;0.1547,0.2390,0.2165,0.3012,0.2469,0.1529,0.0000,0.0867,0.0000,0.0444,;2,2,4,0,0,0,0,0,0,0,0,;0.1803;4;4;1639200;4.00;
3CF7EZI55RWEYNZ9U956QWWUG93IL2.png;0.1036,0.1700,0.1061,0.0601,0.0553,0.0035,0.0000,0.0050,0.0000,0.0212,;5,1,0,0,0,0,0,0,0,0,0,;0.0656;3;3;1229400;3.00;
3CP9VRCFS74RV9VXRUIMMBYWTQDUEZ.png;0.0358,0.0770,0.0000,0.0000,0.0000,0.0000,0.0000,0.0000,0.0000,0.0000,;2,0,0,0,0,0,0,0,0,0,0,;0.0564;1;1;409800;1.00;
3CTCX9NXB5M1LSUM0XPXZV8QE2WLJA.png;0.2044,0.0365,0.1324,0.0902,0.3390,0.3310,0.0000,0.1537,0.0000,0.1042,;3,3,0,2,0,0,0,0,0,0,0,;0.1739;3;2;819600;1.50;
3CTCX9NXC67QIV0KKFDEFSMCFTJJLN.png;0.1689,0.5297,0.4564,0.0676,0.0000,0.2536,0.0000,0.0000,0.0000,0.0000,;1,1,1,0,1,1,0,0,0,0,0,;0.2952;2;2;819600;2.00;
3CVHT3IKUYKSX9WRAWTF52715RU0R4.png;0.1714,0.2061,0.1907,0.1378,0.0350,0.0000,0.0000,0.0000,0.0000,0.0350,;2,4,0,0,0,0,0,0,0,0,0,;0.1293;4;4;1639200;4.00;
3CYDGW98NMPSZAAQ0W8MOBJZSSBOM6.png;0.1620,0.1642,0.1158,0.1348,0.0547,0.0000,0.0000,0.1147,0.0000,0.0545,;2,5,0,0,0,0,0,0,0,0,0,;0.1144;5;4;1639200;2.50;
3D00S7P7YG22I1NWJE5APKC40DIEZA.png;0.1705,0.1353,0.0626,0.0000,0.0000,0.0000,0.0000,0.0000,0.0000,0.0000,;1,2,0,0,0,0,0,0,0,0,0,;0.1228;2;2;819600;2.00;
3D3KZYB02J3NX4IAX3WJJNSJTAYV8O.png;0.0796,0.4277,0.0000,0.1425,0.0000,0.0000,0.0000,0.0000,0.0000,0.0000,;1,1,0,0,1,0,0,0,0,0,0,;0.2166;1;1;409800;1.00;
3D3KZYB03KLUXQ4AWC4FKH86OYE8VD.png;0.1545,0.0338,0.0000,0.0000,0.0000,0.0000,0.0000,0.0000,0.0000,0.0000,;1,1,0,0,0,0,0,0,0,0,0,;0.0941;1;1;409800;1.00;
3D3X1L1OBIRB9XRZKHJ79UYYYTK1VU.png;0.0666,0.0546,0.0537,0.0566,0.0561,0.0733,0.0000,0.0879,0.0000,0.0783,;8,0,0,0,0,0,0,0,0,0,0,;0.0659;4;3;1229400;2.00;
3D3X1L1OBIRB9XRZKHJ79UYYYTK1VU_1.png;0.0905,0.0815,0.0000,0.0450,0.0000,0.0000,0.0000,0.0000,0.0000,0.0000,;3,0,0,0,0,0,0,0,0,0,0,;0.0723;2;2;819600;2.00;
3D3X1L1OBIRB9XRZKHJ79UYYYTK1VU_2.png;0.0726,0.0505,0.0518,0.0487,0.0506,0.0865,0.0000,0.0574,0.0000,0.0634,;8,0,0,0,0,0,0,0,0,0,0,;0.0602;3;1;409800;3.00;
3D7N1211O74L32LV8ZFDVQWGH61MAZ.png;0.0000,0.0741,0.0826,0.1372,0.1029,0.0000,0.0000,0.0000,0.0000,0.0000,;3,1,0,0,0,0,0,0,0,0,0,;0.0992;2;2;819600;2.00;
3D7N1211P8PBU1MJEXLJFBT15KWAMH.png;0.1340,0.0451,0.0582,0.0564,0.0526,0.0132,0.0000,0.0145,0.0000,0.0111,;7,1,0,0,0,0,0,0,0,0,0,;0.0481;4;4;1639200;4.00;
3D8B00U52IVJZWECZOBXRVFXL2U83O.png;0.1295,0.0319,0.0226,0.0266,0.0000,0.0168,0.0000,0.0383,0.0000,0.0000,;5,1,0,0,0,0,0,0,0,0,0,;0.0443;1;1;409800;1.00;
3D8B00U52IVJZWECZOBXRVFYHAV833.png;0.1117,0.0000,0.0007,0.0000,0.1012,0.0000,0.0000,0.0000,0.0000,0.0000,;1,1,0,0,0,0,0,0,0,0,0,;0.0712;2;1;409800;2.00;
3DBJK6OC3AF4JLMP40JUKZIT4XNYF3.png;0.3514,0.1294,0.0959,0.1314,0.0147,0.1132,0.0000,0.1484,0.0000,0.0124,;3,4,0,1,0,0,0,0,0,0,0,;0.1246;4;3;1229400;2.00;
3DCXWU0MSDB2RCYGDPZ82R371ZGTVX.png;0.0844,0.2164,0.1131,0.1728,0.0036,0.0000,0.0000,0.0000,0.0000,0.0000,;1,2,1,0,0,0,0,0,0,0,0,;0.1180;2;2;819600;2.00;
3DECMKXKT815JCLN1RI1KKDJDFAMBB.png;0.3334,0.1842,0.2298,0.2383,0.2733,0.0029,0.0000,0.0063,0.0000,0.0302,;1,1,3,1,0,0,0,0,0,0,0,;0.1623;5;5;2049000;5.00;
3DHOXWJRSC3OAPE5AL86OV64DJCT3O.png;0.2748,0.3220,0.1250,0.0834,0.0450,0.0116,0.0000,0.0000,0.0000,0.0254,;4,1,1,1,0,0,0,0,0,0,0,;0.1267;2;2;819600;2.00;
3DPZKFEUURUGTQUQB4SOUUG5ZFPI4V.png;0.2043,0.1196,0.2079,0.1391,0.0134,0.0774,0.0000,0.0109,0.0000,0.0000,;3,4,0,0,0,0,0,0,0,0,0,;0.1104;4;4;1639200;4.00;
3DPZKFEUVSIPT2ERNEAT4GS1UAKI44.png;0.2313,0.2664,0.1839,0.1885,0.1729,0.0061,0.0000,0.0316,0.0000,0.1350,;1,4,2,0,0,0,0,0,0,0,0,;0.1520;5;5;2049000;5.00;
3DXFGU9SKN7P79WJOTN6EK4MLG3EXS.png;0.1712,0.1050,0.0579,0.0296,0.0382,0.0159,0.0000,0.0159,0.0000,0.0159,;7,1,0,0,0,0,0,0,0,0,0,;0.0562;3;3;1229400;3.00;
3DXFGU9SKNVTS8DGXQ8KL6UJIRCXE8.png;0.1715,0.0347,0.0000,0.0607,0.2459,0.0000,0.0000,0.0139,0.0000,0.0695,;4,1,1,0,0,0,0,0,0,0,0,;0.0994;2;1;409800;2.00;
3DXFGU9SLODY46WA7XIQCVBUTMKEXQ.png;0.2647,0.3201,0.1789,0.0177,0.0131,0.0176,0.0000,0.0000,0.0000,0.0000,;3,1,1,1,0,0,0,0,0,0,0,;0.1353;3;3;1229400;3.00;
3E9JM64F23SDM8DQUQW3OKIR1A0NP8.png;0.2793,0.0000,0.0000,0.0000,0.1416,0.0000,0.0000,0.0000,0.0000,0.0022,;0,1,1,0,0,0,0,0,0,0,0,;0.1410;2;1;409800;2.00;
3EGCY5R6XYZQLTGPWNN8D6V7K3JYA2.png;0.2080,0.1601,0.2460,0.1799,0.2296,0.1618,0.0000,0.0765,0.0000,0.1222,;1,5,2,0,0,0,0,0,0,0,0,;0.1730;4;4;1639200;4.00;
3EJ1F91ANSU6O8N3S3NGZ4GVCA2IZW.png;0.0000,0.2655,0.0000,0.0060,0.0114,0.0000,0.0000,0.0000,0.0000,0.0000,;1,0,1,0,0,0,0,0,0,0,0,;0.0943;1;1;409800;1.00;
3EOZAW7619J5YKCNUIDNV84T8098HV.png;0.3236,0.1194,0.1037,0.2825,0.3568,0.0472,0.0000,0.0338,0.0000,0.2399,;3,1,2,2,0,0,0,0,0,0,0,;0.1884;4;3;1229400;2.00;
3EOZAW762AHX3MFSNYKKE4EQ4INH8Q.png;0.1915,0.0567,0.4344,0.0774,0.0160,0.0539,0.0000,0.0264,0.0000,0.0180,;6,1,0,0,1,0,0,0,0,0,0,;0.1093;2;2;819600;2.00;
3ERG9KP7KAETHL286FNRQ00RYLWCHM.png;0.2081,0.0453,0.0884,0.0183,0.0847,0.0646,0.0000,0.0058,0.0000,0.0196,;6,1,0,0,0,0,0,0,0,0,0,;0.0669;3;3;1229400;3.00;
3EULM6QNGEDGI0DDZ62WA3R8YV4JXB.png;0.0902,0.0284,0.0000,0.0185,0.0000,0.0000,0.0000,0.0185,0.0000,0.0000,;4,0,0,0,0,0,0,0,0,0,0,;0.0389;1;1;409800;1.00;
3EX6YJ62T6GKTDIQJCCYD4JMD62ZJG.png;0.1377,0.0890,0.0000,0.0244,0.0584,0.0000,0.0000,0.0203,0.0000,0.0503,;5,1,0,0,0,0,0,0,0,0,0,;0.0633;2;2;819600;2.00;
3EXC7SWSR38EV80UNYXZTOBA3ESHT8.png;0.0963,0.0548,0.0310,0.0402,0.0000,0.0000,0.0000,0.0402,0.0000,0.0000,;5,0,0,0,0,0,0,0,0,0,0,;0.0525;2;2;819600;2.00;
3F0Z1FPMUNUP6TOTMH2XGS6T5GJLYU.png;0.0318,0.0557,0.1285,0.1600,0.2479,0.0808,0.0000,0.0736,0.0000,0.0000,;4,2,1,0,0,0,0,0,0,0,0,;0.1112;3;3;1229400;3.00;
3F0Z1FPMUNWB7D1EFV5M6IVBAHELYR.png;0.0988,0.2113,0.1364,0.1604,0.0374,0.0000,0.0000,0.0000,0.0000,0.0000,;2,2,1,0,0,0,0,0,0,0,0,;0.1289;3;3;1229400;3.00;
3F12ASV6AWHSTTB7IFZKMVGLLVZM46.png;0.2214,0.2723,0.1792,0.0679,0.0853,0.0540,0.0000,0.0000,0.0000,0.0000,;3,1,2,0,0,0,0,0,0,0,0,;0.1467;3;3;1229400;3.00;
3F2SNR5B8MKSI92Q9DG0FV11BKO0HL.png;0.0424,0.0486,0.0156,0.0184,0.0249,0.0000,0.0000,0.0000,0.0000,0.0000,;5,0,0,0,0,0,0,0,0,0,0,;0.0300;2;2;819600;2.00;
3FKD865UZQBJZ4661LLBINGEMFPMUJ.png;0.1871,0.2783,0.1192,0.0000,0.0000,0.0876,0.0000,0.0000,0.0000,0.0000,;1,2,1,0,0,0,0,0,0,0,0,;0.1681;2;2;819600;2.00;
3FKD865UZQBJZ4661LLBINGENHPMUO.png;0.1361,0.1895,0.0958,0.0000,0.0000,0.0360,0.0000,0.0000,0.0000,0.0000,;2,2,0,0,0,0,0,0,0,0,0,;0.1144;2;2;819600;2.00;
3FKD865UZQG0HB1FDHAJVT0FL3FMUG.png;0.1202,0.1295,0.0766,0.0379,0.0000,0.0000,0.0000,0.0000,0.0000,0.0000,;2,2,0,0,0,0,0,0,0,0,0,;0.0910;2;2;819600;2.00;
3FOA7RUSUPLLDDXZNITMB1EHL6FPGL.png;0.1737,0.2747,0.0000,0.0000,0.0582,0.2185,0.0000,0.0828,0.0000,0.0095,;2,1,2,0,0,0,0,0,0,0,0,;0.1362;3;2;819600;1.50;
3FQJF6D1R1SUSJ130G368H5I02G92S.png;0.3833,0.2026,0.1366,0.0104,0.0000,0.0000,0.0000,0.0000,0.0000,0.0000,;1,2,0,1,0,0,0,0,0,0,0,;0.1832;2;2;819600;2.00;
3FQJF6D1S2STVEIP11IICRPWDI892M.png;0.3336,0.0534,0.0000,0.0000,0.0000,0.0000,0.0000,0.0000,0.0000,0.0000,;1,0,0,1,0,0,0,0,0,0,0,;0.1935;1;1;409800;1.00;
3G2I6FODBC43UCDM72LBPP8Z9I0L60.png;0.1173,0.0000,0.0000,0.0000,0.0000,0.0000,0.0000,0.0000,0.0000,0.0000,;0,1,0,0,0,0,0,0,0,0,0,;0.1173;1;1;409800;1.00;
3GAR7VLBJNDRH4HH5ZWWCFRBGXZ4Y9.png;0.2434,0.2291,0.1565,0.2629,0.1447,0.0694,0.0000,0.1257,0.0000,0.0489,;2,3,3,0,0,0,0,0,0,0,0,;0.1601;3;3;1229400;3.00;
3GAR7VLBJNEKQVA3XEJQ66MZFEXY4T.png;0.2060,0.0598,0.0217,0.0177,0.0241,0.0000,0.0000,0.0000,0.0000,0.0000,;4,1,0,0,0,0,0,0,0,0,0,;0.0659;1;1;409800;1.00;
3GBCJUK5C2GRHG97MHYVG9NBQMOPK9.png;0.1708,0.2873,0.1576,0.0000,0.0398,0.0000,0.0000,0.0000,0.0000,0.0000,;1,2,1,0,0,0,0,0,0,0,0,;0.1639;2;2;819600;2.00;
3GBCJUK5C2NMDEDWS686X6QI2G8KP3.png;0.0000,0.0000,0.0000,0.0000,0.0000,0.0000,0.0000,0.0000,0.0000,0.0000,;0,0,0,0,0,0,0,0,0,0,0,;NaN;0;
3GC8IVJ10EOCB71QWZ4YFX98VOS9NN.png;0.1121,0.0000,0.1828,0.2537,0.2137,0.0000,0.0000,0.0079,0.0000,0.1102,;0,3,2,0,0,0,0,0,0,0,0,;0.1467;3;3;1229400;3.00;
3GRRK9BQWRDBESRD36S5634M392PD9.png;0.0000,0.0000,0.0035,0.0602,0.0773,0.0107,0.0000,0.0024,0.0000,0.0000,;3,0,0,0,0,0,0,0,0,0,0,;0.0308;2;2;819600;2.00;
3GRRK9BQWRPD54OGKFA4YQ8537VPDJ.png;0.2035,0.0075,0.0073,0.0081,0.0068,0.0074,0.0000,0.0082,0.0000,0.0069,;0,1,0,0,0,0,0,0,0,0,0,;0.0320;1;1;409800;1.00;
3GZMSD8U5X9MRGKQIZ546O8UKB695Q.png;0.1485,0.1212,0.2137,0.1938,0.0723,0.0000,0.0000,0.0000,0.0000,0.0000,;1,3,1,0,0,0,0,0,0,0,0,;0.1499;2;2;819600;2.00;
3GZMSD8U5X9MRGKQIZ546O8UKC795T.png;0.1480,0.1080,0.0480,0.0264,0.2544,0.0105,0.0000,0.0083,0.0000,0.0000,;4,1,1,0,0,0,0,0,0,0,0,;0.0862;3;2;819600;1.50;
3GZMSD8U6Y8M82W4VRHXFG1G1IS95R.png;0.0315,0.2169,0.1704,0.0000,0.0000,0.0000,0.0000,0.0000,0.0000,0.0000,;1,1,1,0,0,0,0,0,0,0,0,;0.1396;2;2;819600;2.00;
3H41Q6XMRNJ731MM548PSMBGOYMG2I.png;0.2452,0.1705,0.0609,0.0470,0.0609,0.0000,0.0000,0.0000,0.0000,0.0000,;3,1,1,0,0,0,0,0,0,0,0,;0.1169;2;2;819600;2.00;
3H41Q6XMRNUCK2PCFPR6Y35LJFT2GW.png;0.0000,0.0956,0.0000,0.0286,0.0000,0.0000,0.0000,0.0083,0.0000,0.0000,;2,0,0,0,0,0,0,0,0,0,0,;0.0442;1;1;409800;1.00;
3H5CSD5832HNKRNN8SDJ6TWED17E80.png;0.1001,0.2075,0.0779,0.3195,0.1130,0.0464,0.0000,0.1944,0.0000,0.0350,;4,3,0,1,0,0,0,0,0,0,0,;0.1367;3;2;819600;1.50;
3H5CSD5832HNKRNN8SDJ6TWL583E8G.png;0.1367,0.0122,0.0301,0.0000,0.0000,0.0219,0.0000,0.0000,0.0000,0.0000,;3,1,0,0,0,0,0,0,0,0,0,;0.0502;1;1;409800;1.00;
3HBZ8AD97D3GZ7VEBIN9M1728BDNN9.png;0.1169,0.0000,0.0699,0.0234,0.0242,0.0703,0.0000,0.0232,0.0000,0.0246,;6,1,0,0,0,0,0,0,0,0,0,;0.0504;3;3;1229400;3.00;
3HBZ8AD97D3GZ7VEBIN9M18U9EHNN5.png;0.0834,0.1049,0.0962,0.0895,0.1006,0.0036,0.0000,0.0088,0.0000,0.0052,;5,0,0,0,0,0,0,0,0,0,0,;0.0615;5;5;2049000;5.00;
3HL3WX653BXN6QCFW6M6ATC7KPGPQT.png;0.4039,0.0023,0.0404,0.0613,0.0784,0.1486,0.0000,0.0463,0.0000,0.0560,;5,1,0,1,0,0,0,0,0,0,0,;0.1047;2;1;409800;2.00;
3HQI26VRPRS5H4RSBPY2KOCMRQ13R0.png;0.0714,0.0599,0.0528,0.0687,0.0774,0.0000,0.0000,0.0000,0.0000,0.0000,;5,0,0,0,0,0,0,0,0,0,0,;0.0660;3;3;1229400;3.00;
3HVLA9UQN4GKVQOHDHMDH1A7KETU66.png;0.1475,0.2066,0.1737,0.0524,0.1061,0.0000,0.0000,0.0000,0.0000,0.0382,;3,3,0,0,0,0,0,0,0,0,0,;0.1207;3;3;1229400;3.00;
3HYDIS22CWMMEZBE3G64NG7ZMZON5V.png;0.4267,0.1885,0.0000,0.0198,0.0000,0.0000,0.0000,0.0056,0.0000,0.0000,;1,1,0,0,1,0,0,0,0,0,0,;0.1601;2;2;819600;2.00;
3HYDIS22DXJRRCQBI3AE9ELUHK15NC.png;0.0593,0.0000,0.0000,0.0013,0.0000,0.0428,0.0000,0.1177,0.0000,0.0746,;3,1,0,0,0,0,0,0,0,0,0,;0.0591;3;2;819600;1.50;
3I21NMEA63DY0BA82BXKKSLPMBYSHT.png;0.2418,0.1256,0.1741,0.1303,0.0264,0.0102,0.0000,0.0074,0.0000,0.0552,;3,3,1,0,0,0,0,0,0,0,0,;0.0964;4;4;1639200;4.00;
3I21NMEA63DY0BA82BXKKSLPMBYSHT_1.png;0.2278,0.2113,0.1987,0.2858,0.1531,0.0322,0.0000,0.0210,0.0000,0.0510,;3,2,3,0,0,0,0,0,0,0,0,;0.1476;5;5;2049000;5.00;
3I21NMEA63DY0BA82BXKKSLPMBYSHT_2.png;0.2712,0.1231,0.2266,0.0840,0.1521,0.0126,0.0000,0.0000,0.0000,0.0011,;2,2,2,0,0,0,0,0,0,0,0,;0.1244;3;3;1229400;3.00;
3I3RVCR3FK2XEB4GMX9G7IJ2RLH6XI.png;0.0871,0.0000,0.0000,0.0000,0.0142,0.0000,0.0000,0.0050,0.0000,0.0375,;3,0,0,0,0,0,0,0,0,0,0,;0.0359;2;1;409800;2.00;
3I5ZXD44IULX7AZS354F5V5W46GJCA.png;0.1254,0.0051,0.0000,0.0257,0.0186,0.0000,0.0000,0.0159,0.0000,0.0329,;4,1,0,0,0,0,0,0,0,0,0,;0.0373;1;1;409800;1.00;
3I5ZXD44JV69M8DWVE4I5ER80XVCJX.png;0.1032,0.0482,0.0541,0.0522,0.0478,0.0112,0.0000,0.0116,0.0000,0.0107,;8,0,0,0,0,0,0,0,0,0,0,;0.0424;5;5;2049000;5.00;
3I5ZXD44JV69M8DWVE4I5ER80XVCJX_1.png;0.1934,0.0102,0.0561,0.0475,0.0583,0.0031,0.0000,0.0022,0.0000,0.0216,;5,1,0,0,0,0,0,0,0,0,0,;0.0491;3;3;1229400;3.00;
3I5ZXD44JV69M8DWVE4I5ER80XVCJX_2.png;0.1196,0.0525,0.0539,0.0584,0.0551,0.0126,0.0000,0.0172,0.0000,0.0089,;6,1,0,0,0,0,0,0,0,0,0,;0.0473;5;5;2049000;5.00;
3I5ZXD44JVHG9J4AOHWFS96B5XBJCP.png;0.1640,0.0562,0.0412,0.0643,0.0653,0.0017,0.0000,0.0000,0.0000,0.0000,;4,1,0,0,0,0,0,0,0,0,0,;0.0655;1;1;409800;1.00;
3ID43DSF5JBJ2SZGW2H8HR9RGRT5G5.png;0.0420,0.0090,0.0982,0.0000,0.0000,0.0000,0.0000,0.0000,0.0000,0.0000,;2,0,0,0,0,0,0,0,0,0,0,;0.0498;1;1;409800;1.00;
3IE95L92ROOBGIB0W5PPNWUUL5E7M3.png;0.0940,0.0000,0.0402,0.0000,0.0000,0.0402,0.0000,0.0000,0.0000,0.0000,;3,0,0,0,0,0,0,0,0,0,0,;0.0582;1;1;409800;1.00;
3IOQH27Z2E4FFLJVR8TNNB4HIMC1IN.png;0.3128,0.0170,0.0000,0.0000,0.0000,0.0433,0.0000,0.0138,0.0000,0.1866,;3,1,0,1,0,0,0,0,0,0,0,;0.1147;2;1;409800;2.00;
3IR329NZ7YGB0BGT612CO4BTUIW2K0.png;0.0000,0.0000,0.0000,0.0000,0.0000,0.0000,0.0000,0.0000,0.0000,0.0000,;0,0,0,0,0,0,0,0,0,0,0,;NaN;0;
3IRUE3ZCDH3J5468JOOGJ1Y2ZWZIC5.png;0.2468,0.1319,0.2962,0.0050,0.0164,0.0478,0.0000,0.0166,0.0000,0.2388,;3,1,3,0,0,0,0,0,0,0,0,;0.1249;4;3;1229400;2.00;
3IXQCB6XI8S61DI53P5ICGI2I9BTIR.png;0.2744,0.2636,0.1577,0.1746,0.1517,0.1047,0.0000,0.1183,0.0000,0.0853,;2,4,2,0,0,0,0,0,0,0,0,;0.1663;3;3;1229400;3.00;
3J06FGISLU272UJU8S9F5O38AK5K50.png;0.1375,0.1195,0.0953,0.0572,0.1055,0.0711,0.0000,0.0403,0.0000,0.0836,;6,2,0,0,0,0,0,0,0,0,0,;0.0888;4;4;1639200;4.00;
3J06FGISMVRO4EVZMT2NFJ1KME95KI.png;0.1975,0.0000,0.0709,0.0729,0.0000,0.0000,0.0000,0.0000,0.0000,0.0000,;2,1,0,0,0,0,0,0,0,0,0,;0.1137;1;1;409800;1.00;
3J567DP9LLBDQUW0322ZJ0FWFWZFPB.png;0.2174,0.0617,0.0000,0.1480,0.1109,0.0000,0.0000,0.0219,0.0000,0.0614,;3,2,1,0,0,0,0,0,0,0,0,;0.1036;3;3;1229400;3.00;
3J5HEGTZRLQ9SE8SW9LZS2A15OXGGI.png;0.0000,0.0000,0.0000,0.0000,0.0000,0.0000,0.0000,0.0000,0.0000,0.0000,;0,0,0,0,0,0,0,0,0,0,0,;NaN;0;
3JCELWMC4PY7J05E7LXQXNDWO6Y3V4.png;0.1361,0.0512,0.0414,0.0513,0.0473,0.0159,0.0000,0.0357,0.0000,0.0312,;7,1,0,0,0,0,0,0,0,0,0,;0.0513;2;2;819600;2.00;
3JG2O8WUZH7UTHWSYCP6CNBWVH79WZ.png;0.1068,0.0704,0.0756,0.0352,0.0377,0.0059,0.0000,0.0194,0.0000,0.0000,;6,0,0,0,0,0,0,0,0,0,0,;0.0502;3;3;1229400;3.00;
3JGBBKK855Q5HY1J6RVO56S97I9J0I.png;0.0823,0.2747,0.0107,0.0107,0.0114,0.0000,0.0000,0.0000,0.0000,0.0000,;4,0,1,0,0,0,0,0,0,0,0,;0.0780;2;2;819600;2.00;
3JGLGV9D6KL86TQHYYZCMI0V13JD5Y.png;0.0313,0.0312,0.1425,0.0054,0.0385,0.0857,0.0000,0.0000,0.0000,0.0000,;4,1,0,0,0,0,0,0,0,0,0,;0.0558;2;2;819600;2.00;
3JT4BYK2Y4IL1Z22PAHP7P5PI0U2WH.png;0.1144,0.0000,0.0388,0.0000,0.0000,0.0388,0.0000,0.0000,0.0000,0.0000,;2,1,0,0,0,0,0,0,0,0,0,;0.0640;1;1;409800;1.00;
3K0G5SYN9K0M6D335K10A1FE8RM8MU.png;0.1462,0.5729,0.1912,0.1670,0.2135,0.0637,0.0000,0.0272,0.0000,0.0333,;3,3,1,0,0,1,0,0,0,0,0,;0.1769;3;3;1229400;3.00;
3K0G5SYNALYS7SB8UL3I5RQZNM3M85.png;0.1329,0.1709,0.2222,0.2683,0.2142,0.0545,0.0000,0.1221,0.0000,0.0878,;2,3,3,0,0,0,0,0,0,0,0,;0.1591;4;4;1639200;4.00;
3K0T7FOBIJOUXM7ZLBPJYBSGQYWM14.png;0.1327,0.2315,0.0625,0.0880,0.0185,0.0295,0.0000,0.0000,0.0000,0.0185,;5,1,1,0,0,0,0,0,0,0,0,;0.0830;3;3;1229400;3.00;
3K27O5FVBZ6Y1U1OKHZVRLOYVIWW5C.png;0.1812,0.0549,0.0236,0.0138,0.0434,0.0164,0.0000,0.0000,0.0000,0.0160,;6,1,0,0,0,0,0,0,0,0,0,;0.0499;2;2;819600;2.00;
3K3X4GGOSLN6JKEE0NBXYD5PSA6MC7.png;0.2919,0.1179,0.1058,0.0994,0.0979,0.0000,0.0000,0.0000,0.0000,0.0036,;3,1,1,0,0,0,0,0,0,0,0,;0.1194;1;1;409800;1.00;
3K3X4GGOSLN6JKEE0NBXYD5PV12MCO.png;0.0796,0.4277,0.0000,0.1425,0.0000,0.0000,0.0000,0.0000,0.0000,0.0000,;1,1,0,0,1,0,0,0,0,0,0,;0.2166;1;1;409800;1.00;
3K3X4GGOSLN9WHITSDB41LMDI6SMCK.png;0.0000,0.0000,0.0000,0.0000,0.0933,0.0000,0.0000,0.0000,0.0000,0.0568,;2,0,0,0,0,0,0,0,0,0,0,;0.0750;1;1;409800;1.00;
3K9T2ON9ZE5ORLPELXZMHUO84LJMTT.png;0.0861,0.1015,0.0877,0.0000,0.0407,0.0000,0.0000,0.0000,0.0000,0.0407,;5,0,0,0,0,0,0,0,0,0,0,;0.0714;3;3;1229400;3.00;
3KNJI1FZ8L912486RAFQQV3ZEP6NQU.png;0.2541,0.1308,0.3456,0.3767,0.0745,0.1453,0.0000,0.0742,0.0000,0.0030,;2,2,1,2,0,0,0,0,0,0,0,;0.1755;3;3;1229400;3.00;
3L4EWVFWCZFLPLXQZ7MWBK7MU2X9OK.png;0.0953,0.2120,0.0903,0.0000,0.0000,0.0000,0.0000,0.0000,0.0000,0.0000,;2,0,1,0,0,0,0,0,0,0,0,;0.1325;1;1;409800;1.00;
3L8V324VIV0JU2BOPG7PUH68F6NF91.png;0.0477,0.0340,0.0220,0.0000,0.0000,0.0189,0.0000,0.0000,0.0000,0.0000,;4,0,0,0,0,0,0,0,0,0,0,;0.0307;2;2;819600;2.00;
3L8V324VIVQEQ524CR2N49U2T8GF9N.png;0.1301,0.1201,0.0186,0.1316,0.2735,0.0016,0.0000,0.0297,0.0000,0.0709,;3,3,1,0,0,0,0,0,0,0,0,;0.0970;4;4;1639200;4.00;
3LBF4GRVWQC3B97WPKKEJO5WDODDDG.png;0.0765,0.0056,0.0000,0.0185,0.0000,0.0000,0.0000,0.0185,0.0000,0.0000,;3,0,0,0,0,0,0,0,0,0,0,;0.0298;1;1;409800;1.00;
3LBF4GRVWQSB1V8AOKNI47EZJYMDDE.png;0.2659,0.2402,0.2344,0.2205,0.1827,0.1706,0.0000,0.1450,0.0000,0.0978,;1,3,4,0,0,0,0,0,0,0,0,;0.1947;4;4;1639200;4.00;
3LCM1J6T1CTW3PUN949YD9G6A99CYC.png;0.0327,0.0000,0.0958,0.0769,0.0000,0.0180,0.0000,0.0000,0.0000,0.0000,;4,0,0,0,0,0,0,0,0,0,0,;0.0559;2;2;819600;2.00;
3LE9INWSFWFC7U06C7E8H83VJHH0ML.png;0.0000,0.0000,0.0000,0.0453,0.0693,0.0098,0.0000,0.0000,0.0000,0.0000,;2,0,0,0,0,0,0,0,0,0,0,;0.0415;2;2;819600;2.00;
3LJE53CC7VYWE1O3MIQ180XM33HESQ.png;0.0378,0.0000,0.0000,0.0462,0.0823,0.0000,0.0000,0.0141,0.0000,0.0124,;5,0,0,0,0,0,0,0,0,0,0,;0.0386;2;2;819600;2.00;
3LLXQSS3GH7EI0TIBFCZBVHJUIM2FF.png;0.0000,0.0000,0.0000,0.0273,0.4351,0.0000,0.0000,0.0274,0.0000,0.1504,;2,1,0,0,1,0,0,0,0,0,0,;0.1600;1;1;409800;1.00;
3LLXQSS3GH7EI0TIBFCZBVHJURL2FW.png;0.0806,0.0116,0.0000,0.0304,0.4207,0.0000,0.0000,0.0306,0.0000,0.1405,;4,1,0,0,1,0,0,0,0,0,0,;0.1191;2;1;409800;2.00;
3LV0310AAZ0POAIRABRDV0CJ4TWKD9.png;0.2130,0.2008,0.1188,0.0787,0.0307,0.0000,0.0000,0.0000,0.0000,0.0307,;3,2,1,0,0,0,0,0,0,0,0,;0.1121;3;3;1229400;3.00;
3LV0310AAZ5BVL06B1AU1YGZUNKDKM.png;0.0000,0.0000,0.0000,0.0000,0.0000,0.0000,0.0000,0.0000,0.0000,0.0000,;0,0,0,0,0,0,0,0,0,0,0,;NaN;0;
3LV0310AAZ5BVL06B1AU1YGZUNKDKM_1.png;0.1895,0.0742,0.1195,0.1302,0.1168,0.0000,0.0000,0.0000,0.0000,0.0000,;1,4,0,0,0,0,0,0,0,0,0,;0.1260;2;2;819600;2.00;
3LV0310AAZ5BVL06B1AU1YGZUNKDKM_2.png;0.1489,0.1128,0.1123,0.1107,0.0995,0.0138,0.0000,0.0000,0.0000,0.0165,;3,4,0,0,0,0,0,0,0,0,0,;0.0878;5;5;2049000;5.00;
3LV0310AAZ7UO39UCWLZNYY1B3BDKS.png;0.2575,0.0983,0.1136,0.0328,0.1190,0.0764,0.0000,0.0082,0.0000,0.0280,;4,2,1,0,0,0,0,0,0,0,0,;0.0917;4;4;1639200;4.00;
3LV0310AB0FIJI1LDLADGNAZ3BMKDF.png;0.1699,0.2341,0.2222,0.1997,0.2573,0.1522,0.0000,0.0746,0.0000,0.0903,;2,3,3,0,0,0,0,0,0,0,0,;0.1750;4;4;1639200;4.00;
3LV0310AB0LE2KPSDVZ5QZ931M3DKU.png;0.1698,0.0215,0.1385,0.0192,0.0082,0.0283,0.0000,0.0000,0.0000,0.0000,;3,2,0,0,0,0,0,0,0,0,0,;0.0643;2;2;819600;2.00;
3M35MA94IX9MX6PXAQCG5JTOJ1HNO3.png;0.1004,0.3500,0.3465,0.2345,0.1695,0.2513,0.0000,0.0355,0.0000,0.0013,;2,1,2,2,0,0,0,0,0,0,0,;0.1861;4;4;1639200;4.00;
3M6KHLIXGO95W4HFFOS373KMUDHIRT.png;0.1416,0.0288,0.0182,0.0208,0.0625,0.0000,0.0000,0.0000,0.0000,0.0471,;5,1,0,0,0,0,0,0,0,0,0,;0.0532;2;1;409800;2.00;
3ME56J5KH09H8MTADW07EI1HZMYC6P.png;0.0795,0.0733,0.0000,0.0156,0.0013,0.0000,0.0000,0.0000,0.0000,0.0000,;3,0,0,0,0,0,0,0,0,0,0,;0.0424;2;2;819600;2.00;
3ME56J5KH0A6OHM7NB7LNJZ2KW86CO.png;0.1454,0.0000,0.0016,0.1014,0.0276,0.0000,0.0000,0.0083,0.0000,0.0410,;3,1,0,0,0,0,0,0,0,0,0,;0.0542;2;2;819600;2.00;
3MGKBFT74NRL5KAEINTLHYIV1ONSJ5.png;0.1010,0.0000,0.0000,0.0000,0.0000,0.0000,0.0000,0.0000,0.0000,0.0000,;1,0,0,0,0,0,0,0,0,0,0,;0.1010;1;1;409800;1.00;
3MHMBB6SGFYXPF5WOO57T0Y1YOLKW9.png;0.1022,0.0116,0.0596,0.0000,0.0000,0.0402,0.0000,0.0000,0.0000,0.0000,;4,0,0,0,0,0,0,0,0,0,0,;0.0534;2;2;819600;2.00;
3MK14RC5NS9WDGLCZVLGWCZQJ24T6G.png;0.0576,0.0433,0.0205,0.0489,0.0410,0.0041,0.0000,0.0048,0.0000,0.0097,;5,0,0,0,0,0,0,0,0,0,0,;0.0287;4;4;1639200;4.00;
3MK14RC5NS9WDGLCZVLGWCZQJ2BT6N.png;0.1176,0.0198,0.0046,0.0039,0.0073,0.0000,0.0000,0.0000,0.0000,0.0000,;1,1,0,0,0,0,0,0,0,0,0,;0.0306;1;1;409800;1.00;
3MKP0VNPL180YVBEBVOO0GDECBIJRU.png;0.1511,0.1131,0.0774,0.0000,0.0407,0.0000,0.0000,0.0000,0.0000,0.0407,;3,2,0,0,0,0,0,0,0,0,0,;0.0846;2;2;819600;2.00;
3MNPSGWWOQV9GBTQIUTZ7HIZXBCPUY.png;0.2361,0.2424,0.1364,0.0000,0.0670,0.1027,0.0000,0.0000,0.0000,0.0000,;2,1,2,0,0,0,0,0,0,0,0,;0.1569;2;2;819600;2.00;
3MNYFQMXON9G1T2C2HOQSK4JSIPY01.png;0.1662,0.0329,0.0084,0.0000,0.0000,0.0000,0.0000,0.0000,0.0000,0.0000,;1,1,0,0,0,0,0,0,0,0,0,;0.0692;1;1;409800;1.00;
3MQJWSYXNGSYPF0J90X7JRB4GS9O5U.png;0.0741,0.0000,0.0000,0.0000,0.0000,0.0000,0.0000,0.0000,0.0000,0.0000,;1,0,0,0,0,0,0,0,0,0,0,;0.0741;1;1;409800;1.00;
3MQJWSYXOHGDXJ3GAF96UH2KF625OC.png;0.0207,0.0056,0.0000,0.0000,0.0000,0.0000,0.0000,0.0000,0.0000,0.0000,;1,0,0,0,0,0,0,0,0,0,0,;0.0132;1;1;409800;1.00;
3MXFP9RGE565H89AY0KXMF94YTQB2U.png;0.2142,0.1283,0.1393,0.0874,0.1638,0.1459,0.0000,0.0329,0.0000,0.1696,;2,5,1,0,0,0,0,0,0,0,0,;0.1352;5;4;1639200;2.50;
3MXFP9RGE565SQ20JA2GC60T4U4B22.png;0.0056,0.0772,0.0000,0.0000,0.0000,0.0000,0.0000,0.0000,0.0000,0.0000,;1,0,0,0,0,0,0,0,0,0,0,;0.0414;1;1;409800;1.00;
3N9FD9XF48K5Z4R4YKZ4XC3B2YYEVL.png;0.0586,0.0025,0.0035,0.0417,0.0000,0.0000,0.0000,0.0189,0.0000,0.0000,;3,0,0,0,0,0,0,0,0,0,0,;0.0250;2;2;819600;2.00;
3NAD71TD8V1W7T0ET8V40F6WWDIL2U.png;0.0750,0.0000,0.1935,0.3426,0.2910,0.0000,0.0000,0.0538,0.0000,0.0895,;3,1,1,1,0,0,0,0,0,0,0,;0.1743;3;3;1229400;3.00;
3NCF7G1XJIORLK6VK0UD85LOJVCNAC.png;0.0255,0.0921,0.0315,0.1785,0.1108,0.0180,0.0000,0.0000,0.0000,0.0474,;5,2,0,0,0,0,0,0,0,0,0,;0.0720;3;3;1229400;3.00;
3NCF7G1XKJPJCCJPOHEQSUA1GNWANP.png;0.0024,0.0000,0.0000,0.0000,0.0004,0.0000,0.0000,0.0000,0.0000,0.0000,;0,0,0,0,0,0,0,0,0,0,0,;0.0014;1;1;409800;1.00;
3NCF7G1XKJPJCCJPOHEQSUA1GNWANP_1.png;0.2003,0.1255,0.0062,0.0081,0.0139,0.0047,0.0000,0.0068,0.0000,0.0140,;2,2,0,0,0,0,0,0,0,0,0,;0.0474;2;2;819600;2.00;
3NCF7G1XKJPJCCJPOHEQSUA1GNWANP_2.png;0.0354,0.0962,0.0000,0.0000,0.0000,0.0000,0.0000,0.0000,0.0000,0.0000,;2,0,0,0,0,0,0,0,0,0,0,;0.0658;1;1;409800;1.00;
3NE6EBGK47BU93BYGGU8IB2LO7NE35.png;0.0462,0.0000,0.0000,0.0000,0.0000,0.0000,0.0000,0.0000,0.0000,0.0000,;1,0,0,0,0,0,0,0,0,0,0,;0.0462;1;1;409800;1.00;
3NJ4SYXGOJ3OVMOHUVEMN5U7Y2PBNN.png;0.0000,0.0000,0.0000,0.0000,0.0002,0.0000,0.0000,0.0000,0.0000,0.0000,;0,0,0,0,0,0,0,0,0,0,0,;0.0002;1;1;409800;1.00;
3NJ4SYXGOJ3OVMOHUVEMN5U7YYPBNF.png;0.0046,0.0059,0.0041,0.0038,0.0038,0.0032,0.0000,0.0060,0.0000,0.0234,;1,0,0,0,0,0,0,0,0,0,0,;0.0069;1;1;409800;1.00;
3NJ4SYXGOJNVJBRMT3TGCL1CL9UBNQ.png;0.2176,0.1405,0.2536,0.1979,0.1073,0.0210,0.0000,0.0751,0.0000,0.0000,;3,2,2,0,0,0,0,0,0,0,0,;0.1447;3;3;1229400;3.00;
3NVVDJT9G6OIY2RUWWJCMM9P5JCPXO.png;0.2100,0.0888,0.0915,0.1605,0.0829,0.0000,0.0000,0.0002,0.0000,0.0000,;3,2,0,0,0,0,0,0,0,0,0,;0.1057;2;2;819600;2.00;
3NXBKB5598TPF5MRSRS8QPZELKSL9C.png;0.1618,0.0872,0.0677,0.2437,0.0639,0.0177,0.0000,0.1155,0.0000,0.0297,;5,2,1,0,0,0,0,0,0,0,0,;0.0984;3;2;819600;1.50;
3O5YJYPUSW7TWBM6KNWM44WLFH8KON.png;0.1724,0.2395,0.1140,0.0000,0.0000,0.0475,0.0000,0.0151,0.0000,0.0000,;2,2,1,0,0,0,0,0,0,0,0,;0.1177;2;2;819600;2.00;
3O73QR1UY8O4VXGQ4UMU1W2GKFC94M.png;0.1673,0.0307,0.0000,0.0110,0.0038,0.0000,0.0000,0.0022,0.0000,0.0002,;2,1,0,0,0,0,0,0,0,0,0,;0.0359;1;1;409800;1.00;
3O73QR1UY8O4VXGQ4UMU1W2GKGC94O.png;0.1215,0.0115,0.0139,0.0120,0.0120,0.0017,0.0000,0.0015,0.0000,0.0015,;4,1,0,0,0,0,0,0,0,0,0,;0.0220;1;1;409800;1.00;
3OBCKNXF1ZHFXL8XUNXW3AYWZX5J3K.png;0.0750,0.0000,0.1935,0.3437,0.2910,0.0000,0.0000,0.0558,0.0000,0.0895,;3,1,1,1,0,0,0,0,0,0,0,;0.1748;3;3;1229400;3.00;
3OJGK8O6MRNHZCTYHMEFS503K2OL5K.png;0.1877,0.0970,0.0490,0.0263,0.0304,0.0000,0.0000,0.0000,0.0000,0.0000,;4,1,0,0,0,0,0,0,0,0,0,;0.0781;2;2;819600;2.00;
3OQEO5BIM1SME8SFQJ108NKG2ZKU9F.png;0.1111,0.1245,0.0642,0.0849,0.0826,0.0084,0.0000,0.0262,0.0000,0.0310,;5,2,0,0,0,0,0,0,0,0,0,;0.0666;4;4;1639200;4.00;
3OQEO5BIM1SME8SFQJ108NKG2ZKU9F_1.png;0.1591,0.0501,0.1045,0.1229,0.0730,0.0511,0.0000,0.0561,0.0000,0.0052,;5,2,0,0,0,0,0,0,0,0,0,;0.0777;3;3;1229400;3.00;
3OQEO5BIM1SME8SFQJ108NKG2ZKU9F_2.png;0.1177,0.1048,0.0926,0.0591,0.1006,0.0252,0.0000,0.0103,0.0000,0.0311,;7,1,0,0,0,0,0,0,0,0,0,;0.0677;4;4;1639200;4.00;
3OQEO5BIN29PS6BYUHRH0ABF87P9UL.png;0.3037,0.3127,0.1020,0.0148,0.0104,0.0196,0.0000,0.0000,0.0000,0.0000,;4,0,1,1,0,0,0,0,0,0,0,;0.1272;2;2;819600;2.00;
3OR6S1RAC52TCC0V5OHKA3WQNHZAGY.png;0.1205,0.2290,0.1716,0.1179,0.0912,0.0184,0.0000,0.0082,0.0000,0.0000,;2,3,1,0,0,0,0,0,0,0,0,;0.1081;4;4;1639200;4.00;
3P15LLOAR9NU663LLUNNP8EDOYG9ZV.png;0.0785,0.0606,0.0783,0.1085,0.1033,0.0625,0.0000,0.0733,0.0000,0.0837,;8,0,0,0,0,0,0,0,0,0,0,;0.0811;3;2;819600;1.50;
3P6UG6V268Y9VTMB4YR44MFGIGC4NX.png;0.0606,0.0000,0.0000,0.0000,0.0000,0.0675,0.0000,0.1101,0.0000,0.0764,;3,1,0,0,0,0,0,0,0,0,0,;0.0786;1;1;409800;1.00;
3PBMWYW3D44FHQ3H0CBK078FM1J2XZ.png;0.0277,0.0000,0.0000,0.1804,0.0000,0.1306,0.0000,0.1076,0.0000,0.1080,;3,2,0,0,0,0,0,0,0,0,0,;0.1109;2;2;819600;2.00;
3PBMWYW3D4VOVNNOVMGLZF23LEGX22.png;0.2638,0.3853,0.1293,0.2075,0.1490,0.0000,0.0000,0.0201,0.0000,0.0522,;2,3,1,1,0,0,0,0,0,0,0,;0.1725;3;3;1229400;3.00;
3PBTVBPQ8T2RUQ4LSR4U2IGAMAGLG7.png;0.1888,0.0686,0.2283,0.1042,0.3798,0.0000,0.0000,0.0000,0.0000,0.1135,;2,2,1,1,0,0,0,0,0,0,0,;0.1805;3;3;1229400;3.00;
3PBTVBPQ9UHWF8TU0BNM18QB456LGV.png;0.1567,0.2723,0.2263,0.2059,0.3114,0.1437,0.0000,0.0589,0.0000,0.1727,;1,4,2,1,0,0,0,0,0,0,0,;0.1935;4;4;1639200;4.00;
3PBTVBPQ9UJW25OVYU5DFTVY5MMGLK.png;0.0120,0.0186,0.0216,0.0223,0.0218,0.0000,0.0000,0.0000,0.0000,0.0000,;5,0,0,0,0,0,0,0,0,0,0,;0.0192;3;3;1229400;3.00;
3PBTVBPQ9UJW25OVYU5DFTVY5MMGLK_1.png;0.1944,0.0565,0.0356,0.0355,0.0668,0.0000,0.0000,0.0000,0.0000,0.0000,;4,1,0,0,0,0,0,0,0,0,0,;0.0777;1;1;409800;1.00;
3PBTVBPQ9UJW25OVYU5DFTVY5MMGLK_2.png;0.1338,0.0415,0.0661,0.0674,0.0793,0.0000,0.0000,0.0000,0.0000,0.0000,;4,1,0,0,0,0,0,0,0,0,0,;0.0776;2;1;409800;2.00;
3PHLPV04IQDPW55WV8WBZJA231AP7O.png;0.1780,0.2826,0.2227,0.3115,0.3041,0.0935,0.0000,0.0000,0.0000,0.0000,;1,1,3,1,0,0,0,0,0,0,0,;0.2321;3;3;1229400;3.00;
3PLXPMD6WGC7AIQBYMRH2GBAFTWKBJ.png;0.0757,0.0403,0.0583,0.0603,0.0479,0.0595,0.0000,0.0460,0.0000,0.0426,;8,0,0,0,0,0,0,0,0,0,0,;0.0538;4;4;1639200;4.00;
3PN7FLVWM45PCCC3MA18W1ODE9IYSJ.png;0.2067,0.2395,0.1678,0.3899,0.2036,0.0924,0.0000,0.2987,0.0000,0.1356,;1,4,2,1,0,0,0,0,0,0,0,;0.2168;3;2;819600;1.50;
3PN7FLVWM45XULC6NHQRXFJ9Z5WSYC.png;0.0666,0.0000,0.0189,0.0000,0.0000,0.0189,0.0000,0.0000,0.0000,0.0000,;3,0,0,0,0,0,0,0,0,0,0,;0.0348;1;1;409800;1.00;
3Q4WZ5V3MNIH1FT2QKH2OURKHS1UGI.png;0.0555,0.1742,0.2493,0.1597,0.0749,0.1934,0.0000,0.1328,0.0000,0.0752,;3,4,1,0,0,0,0,0,0,0,0,;0.1394;4;4;1639200;4.00;
3Q9ARQ9ZAP4L7I0LVYTFN28MIJR3MM.png;0.0566,0.0714,0.0475,0.0593,0.0644,0.0042,0.0000,0.0057,0.0000,0.0114,;6,0,0,0,0,0,0,0,0,0,0,;0.0401;5;5;2049000;5.00;
3Q9ARQ9ZAP4L7I0LVYTFN28MIJR3MM_1.png;0.1095,0.0759,0.0706,0.0562,0.0809,0.0066,0.0000,0.0028,0.0000,0.0375,;6,0,0,0,0,0,0,0,0,0,0,;0.0550;5;5;2049000;5.00;
3Q9ARQ9ZAP4L7I0LVYTFN28MIJR3MM_2.png;0.0932,0.0701,0.0606,0.0738,0.0756,0.0313,0.0000,0.0025,0.0000,0.0074,;6,0,0,0,0,0,0,0,0,0,0,;0.0518;5;5;2049000;5.00;
3QKP95RWR0AXY9I3VQ7SL2A7LGY5XG.png;0.0418,0.0443,0.0261,0.0302,0.0162,0.1157,0.0000,0.2044,0.0000,0.0298,;6,2,0,0,0,0,0,0,0,0,0,;0.0636;2;2;819600;2.00;
3QLL1RLFYUJL8BWXI76KVR6VTA8G40.png;0.1385,0.1688,0.1983,0.0620,0.0033,0.0000,0.0000,0.0000,0.0000,0.0000,;1,3,0,0,0,0,0,0,0,0,0,;0.1142;3;3;1229400;3.00;
3QNALI7B4S6VALH9K67QLF1VCK3Z5B.png;0.1701,0.1657,0.0592,0.1130,0.0677,0.0000,0.0000,0.0000,0.0000,0.0000,;2,3,0,0,0,0,0,0,0,0,0,;0.1152;2;2;819600;2.00;
3QNALI7B4SD1ONKL4C5DCUTXSZAZ55.png;0.1033,0.0032,0.0452,0.0000,0.0361,0.0035,0.0000,0.0000,0.0000,0.0035,;3,0,0,0,0,0,0,0,0,0,0,;0.0325;3;3;1229400;3.00;
3QPQKLUN2S87R374XHKKL49YI4M6SW.png;0.1792,0.1303,0.0995,0.0823,0.1223,0.1179,0.0000,0.1052,0.0000,0.1435,;3,5,0,0,0,0,0,0,0,0,0,;0.1225;3;2;819600;1.50;
3QXBZN23LG7N3HYFNCCOI0H4ZPJXNQ.png;0.3515,0.3090,0.0771,0.1535,0.2514,0.0484,0.0000,0.0000,0.0000,0.0034,;2,1,2,1,0,0,0,0,0,0,0,;0.1706;3;2;819600;1.50;
3R0WG3C6FAYXA2OVFH1MKSVV7DKWL8.png;0.0000,0.0041,0.0000,0.0027,0.0800,0.0000,0.0000,0.0168,0.0000,0.0795,;3,0,0,0,0,0,0,0,0,0,0,;0.0366;2;1;409800;2.00;
3R35RPFD7J1GHLW8Y5PUB7E29XSP1C.png;0.0000,0.0000,0.0000,0.1627,0.0000,0.0000,0.0000,0.0548,0.0000,0.0000,;1,1,0,0,0,0,0,0,0,0,0,;0.1087;1;1;409800;1.00;
3R35RPFD8KSAWMKG8PKUBRZ71RYP19.png;0.1390,0.2642,0.1086,0.0955,0.0930,0.0264,0.0000,0.0332,0.0000,0.0003,;5,1,1,0,0,0,0,0,0,0,0,;0.0950;4;4;1639200;4.00;
3R35RPFD8KW5RVQQX9OYA2WSE711PN.png;0.2249,0.1637,0.2538,0.4362,0.6170,0.0268,0.0000,0.1580,0.0000,0.2208,;1,2,3,0,1,0,1,0,0,0,0,;0.2627;2;2;819600;2.00;
3R39EOJX7B7B0RBVIOI0YF8QUNBFFR.png;0.0946,0.0637,0.0665,0.0000,0.0000,0.0407,0.0000,0.0000,0.0000,0.0000,;4,0,0,0,0,0,0,0,0,0,0,;0.0664;2;2;819600;2.00;
3R39EOJX7BI6S1MO8YC8O4DE709FF7.png;0.1809,0.1898,0.0444,0.0668,0.0698,0.0000,0.0000,0.0000,0.0000,0.0070,;3,2,0,0,0,0,0,0,0,0,0,;0.0931;2;2;819600;2.00;
3R7DCNC1NO24TFH8BGUHQFOR9KEUDP.png;0.1319,0.2143,0.0828,0.0916,0.1002,0.0717,0.0000,0.0759,0.0000,0.0460,;6,1,1,0,0,0,0,0,0,0,0,;0.1018;2;2;819600;2.00;
3R7DCNC1NO24TFH8BGUHQFOR9KEUDP_1.png;0.0268,0.1018,0.0709,0.0566,0.0151,0.0677,0.0000,0.0400,0.0000,0.0104,;8,0,0,0,0,0,0,0,0,0,0,;0.0487;4;4;1639200;4.00;
3R7DCNC1NO24TFH8BGUHQFOR9KEUDP_2.png;0.0307,0.1842,0.0913,0.0878,0.0690,0.0576,0.0000,0.0761,0.0000,0.0129,;7,1,0,0,0,0,0,0,0,0,0,;0.0762;3;3;1229400;3.00;
3R7DCNC1NOV5HU26IA2C7R0658YUDF.png;0.1642,0.1590,0.1433,0.0480,0.1317,0.0208,0.0000,0.0405,0.0000,0.0371,;4,4,0,0,0,0,0,0,0,0,0,;0.0931;4;4;1639200;4.00;
3R8MKH13HFEBE45LFXZBD3ZAAT6QLU.png;0.1255,0.1970,0.1118,0.1070,0.0242,0.0712,0.0000,0.0854,0.0000,0.0246,;5,3,0,0,0,0,0,0,0,0,0,;0.0933;4;4;1639200;4.00;
3R8NDUBSE5C5KWKOVCROU8T8BNKK4W.png;0.0616,0.0574,0.0451,0.0563,0.0881,0.0227,0.0000,0.0355,0.0000,0.0709,;8,0,0,0,0,0,0,0,0,0,0,;0.0547;5;4;1639200;2.50;
3R8NDUBSE5CIIDI6K37BBGYS2U64KU.png;0.0000,0.1885,0.2538,0.0801,0.0000,0.0000,0.0000,0.0000,0.0000,0.0170,;2,1,1,0,0,0,0,0,0,0,0,;0.1348;2;2;819600;2.00;
3R8NDUBSE5CRYRKXR6M9AB02Z7L4K5.png;0.3595,0.1073,0.0000,0.0000,0.0000,0.0000,0.0000,0.0000,0.0000,0.0000,;1,0,0,1,0,0,0,0,0,0,0,;0.2334;1;1;409800;1.00;
3R8NDUBSF67O3EBOSQ1IL6C0CLD4KT.png;0.2005,0.1586,0.3135,0.0850,0.0000,0.0000,0.0000,0.0000,0.0000,0.0000,;1,2,0,1,0,0,0,0,0,0,0,;0.1894;2;2;819600;2.00;
3RPY1MM09GJ0DPT9E5P5CCJTRTWMHE.png;0.0000,0.0123,0.0000,0.0000,0.0000,0.0000,0.0000,0.0000,0.0000,0.0000,;1,0,0,0,0,0,0,0,0,0,0,;0.0123;1;1;409800;1.00;
3RRYB8LG3ZH82HFOZGL7ANT68BKKUX.png;0.1553,0.1739,0.2288,0.0590,0.0000,0.1613,0.0000,0.0000,0.0000,0.0000,;1,3,1,0,0,0,0,0,0,0,0,;0.1556;3;3;1229400;3.00;
3S1POB7GU8DKAHGA5W96UXZRMJ8QU4.png;0.1996,0.3146,0.1222,0.0218,0.0000,0.0000,0.0000,0.0000,0.0000,0.0000,;1,2,0,1,0,0,0,0,0,0,0,;0.1646;2;2;819600;2.00;
3S4LLGXSV3FZU47VRD0W7FI7RKKAOY.png;0.1292,0.0100,0.0107,0.0000,0.0000,0.0000,0.0000,0.0000,0.0000,0.0000,;2,1,0,0,0,0,0,0,0,0,0,;0.0500;1;1;409800;1.00;
3S8DC08I2JZOJ6XAR5ADV2RBM80EJJ.png;0.1381,0.0515,0.0604,0.0507,0.0493,0.0129,0.0000,0.0098,0.0000,0.0084,;5,1,0,0,0,0,0,0,0,0,0,;0.0477;5;5;2049000;5.00;
3SBA6YTBY276L0SZ55XU5R7VV8FOBP.png;0.1881,0.1419,0.0000,0.0209,0.0000,0.0000,0.0000,0.0059,0.0000,0.0000,;1,2,0,0,0,0,0,0,0,0,0,;0.0892;2;2;819600;2.00;
3SFRD5IA5Z34MMJO249XJPJMVUHFBF.png;0.1364,0.1865,0.1091,0.0904,0.1341,0.0000,0.0000,0.0132,0.0000,0.0649,;4,3,0,0,0,0,0,0,0,0,0,;0.1049;4;4;1639200;4.00;
3SI493PTSWP5AHPBIVTI1I8D7X4ZDI.png;0.0635,0.0000,0.0827,0.0420,0.0553,0.0637,0.0000,0.0708,0.0000,0.0661,;7,0,0,0,0,0,0,0,0,0,0,;0.0634;5;5;2049000;5.00;
3SI493PTSWP6VJGGSL9VZHEJP2GDZ2.png;0.2742,0.1102,0.0000,0.0000,0.0000,0.0000,0.0000,0.0000,0.0000,0.0000,;0,1,1,0,0,0,0,0,0,0,0,;0.1922;1;1;409800;1.00;
3SIEQXXS6F7PLDK653FBMIWP0ADQ4C.png;0.1881,0.1379,0.0000,0.0055,0.0117,0.0000,0.0000,0.0059,0.0000,0.0000,;1,2,0,0,0,0,0,0,0,0,0,;0.0698;2;2;819600;2.00;
3SJ1BZ9YMZFJKL9JAYIH6SXUEFF7N6.png;0.0012,0.0297,0.0000,0.0407,0.0000,0.0000,0.0000,0.0407,0.0000,0.0000,;3,0,0,0,0,0,0,0,0,0,0,;0.0281;3;2;819600;1.50;
3T1550FWLKIS93DC7DPTY5M29UHWXP.png;0.2587,0.3189,0.1075,0.0335,0.0000,0.0010,0.0000,0.0000,0.0000,0.0000,;2,0,1,1,0,0,0,0,0,0,0,;0.1439;2;2;819600;2.00;
3T6HLR4BXW5RX3QYFIC2AVGBFN389Y.png;0.0671,0.0585,0.1203,0.0366,0.0904,0.0297,0.0000,0.0000,0.0000,0.0296,;6,1,0,0,0,0,0,0,0,0,0,;0.0617;3;3;1229400;3.00;
3T6HLR4BXW65EY3SGXC7I8IJLZ589G.png;0.1268,0.0161,0.0000,0.0237,0.0183,0.0000,0.0000,0.0335,0.0000,0.0100,;4,1,0,0,0,0,0,0,0,0,0,;0.0380;1;1;409800;1.00;
3T6HLR4BXW65EY3SGXC7I8ILF1889L.png;0.1455,0.0260,0.0099,0.0253,0.0591,0.0000,0.0000,0.0045,0.0000,0.0028,;3,1,0,0,0,0,0,0,0,0,0,;0.0390;2;1;409800;2.00;
3T6UNEUZ5USMH6KL5FCL3O350KM199.png;0.0000,0.0000,0.0000,0.0000,0.0000,0.0000,0.0000,0.0000,0.0000,0.0000,;0,0,0,0,0,0,0,0,0,0,0,;NaN;0;
3T6UNEUZ5USMH6KL5FCL3O350KM199_1.png;0.0926,0.0000,0.0000,0.0000,0.0875,0.0000,0.0000,0.0000,0.0000,0.0131,;3,0,0,0,0,0,0,0,0,0,0,;0.0644;2;1;409800;2.00;
3T6UNEUZ5USMH6KL5FCL3O350KM199_2.png;0.0407,0.0137,0.0374,0.0000,0.0000,0.0071,0.0000,0.0000,0.0000,0.0000,;3,0,0,0,0,0,0,0,0,0,0,;0.0247;2;2;819600;2.00;
3TCGLRK8ZGNA4CQP60QJDQBQH1MZQ6.png;0.1390,0.1296,0.0745,0.0848,0.0882,0.0000,0.0000,0.0000,0.0000,0.0000,;3,2,0,0,0,0,0,0,0,0,0,;0.1032;2;2;819600;2.00;
3TFUINTXMP1P2TVK22ZNBIA74UYT95.png;0.2223,0.0520,0.1236,0.0750,0.0000,0.0114,0.0000,0.0111,0.0000,0.0000,;4,1,1,0,0,0,0,0,0,0,0,;0.0826;2;2;819600;2.00;
3TFUINTXNQRB8MQUNU8RNTUAF5A9TC.png;0.1033,0.1097,0.0000,0.0000,0.1259,0.0000,0.0000,0.0000,0.0000,0.0000,;2,1,0,0,0,0,0,0,0,0,0,;0.1130;1;1;409800;1.00;
3TJJ8HSJVIOUEEITVOXS8LA6BWX82U.png;0.1399,0.0098,0.0000,0.0000,0.0000,0.0000,0.0000,0.0000,0.0000,0.0000,;0,1,0,0,0,0,0,0,0,0,0,;0.0748;1;1;409800;1.00;
3TJJ8HSJWJ7V3WKXYD3KKOVHU4N28W.png;0.0663,0.0833,0.0892,0.0905,0.0702,0.0279,0.0000,0.0219,0.0000,0.0064,;7,0,0,0,0,0,0,0,0,0,0,;0.0570;5;5;2049000;5.00;
3TO8OQV8RRE8TSS50K77OY4BTUOOLO.png;0.1977,0.1189,0.0885,0.0798,0.1276,0.0047,0.0000,0.0000,0.0000,0.0516,;3,3,0,0,0,0,0,0,0,0,0,;0.0956;3;2;819600;1.50;
3TR9CMHN3N8E2YCNTAQUMF33CUSBB8.png;0.1282,0.1266,0.2236,0.2427,0.1555,0.1517,0.0000,0.2242,0.0000,0.0724,;1,4,3,0,0,0,0,0,0,0,0,;0.1656;3;2;819600;1.50;
3TYSWKZBELVFE846EGCGPUMG5XR7G5.png;0.3083,0.1177,0.0000,0.0000,0.1337,0.0000,0.0000,0.0000,0.0000,0.0654,;1,2,1,0,0,0,0,0,0,0,0,;0.1563;1;1;409800;1.00;
3TYSWKZBFMLN72JJOTFJJEIWD9HG7U.png;0.0370,0.0000,0.2402,0.2530,0.2392,0.0000,0.0000,0.0026,0.0000,0.0698,;2,0,3,0,0,0,0,0,0,0,0,;0.1403;3;3;1229400;3.00;
3U2H1DGWOPTCKLUQYVRKVZHY3Q4F4G.png;0.2667,0.1227,0.0165,0.0000,0.0000,0.0680,0.0000,0.0000,0.0000,0.0000,;2,1,1,0,0,0,0,0,0,0,0,;0.1185;2;2;819600;2.00;
3U47UEJKWC6S8AEVXI8SUW72VHPLB6.png;0.1108,0.0000,0.1298,0.0000,0.0807,0.0650,0.0000,0.0000,0.0000,0.0000,;2,2,0,0,0,0,0,0,0,0,0,;0.0966;2;2;819600;2.00;
3U47UEJKWC7M32113CRLFBCBUKFBLV.png;0.1779,0.0962,0.0939,0.0088,0.0000,0.0000,0.0000,0.0000,0.0000,0.0000,;2,1,0,0,0,0,0,0,0,0,0,;0.0942;2;2;819600;2.00;
3U47UEJKWC8E1D3WG0VTNM1UKCYBLF.png;0.1961,0.1529,0.1139,0.0384,0.0566,0.1607,0.0000,0.0346,0.0000,0.0000,;3,4,0,0,0,0,0,0,0,0,0,;0.1076;4;4;1639200;4.00;
3U47UEJKXD5R38RUXLMDWG1BUJXLBR.png;0.1682,0.1927,0.0568,0.0000,0.0000,0.1002,0.0000,0.0000,0.0000,0.0000,;2,2,0,0,0,0,0,0,0,0,0,;0.1295;2;2;819600;2.00;
3U6BJ3K2B9GQGJVT0E99IGFE7I2MEG.png;0.1416,0.0944,0.0365,0.1057,0.0367,0.0048,0.0000,0.1216,0.0000,0.0010,;4,2,0,0,0,0,0,0,0,0,0,;0.0678;4;3;1229400;2.00;
3UEL82N5TO6EUK0Y8E9LV0DUVX2NTJ.png;0.1306,0.1544,0.1738,0.0344,0.0357,0.0692,0.0000,0.0841,0.0000,0.0579,;5,3,0,0,0,0,0,0,0,0,0,;0.0925;3;3;1229400;3.00;
3UEL82N5TOKN43E6MBDHCIJ23C3NTV.png;0.0579,0.0634,0.0494,0.0226,0.0194,0.0001,0.0000,0.0000,0.0000,0.0000,;5,0,0,0,0,0,0,0,0,0,0,;0.0355;3;3;1229400;3.00;
3UKAYM2G38LNW9YPLTZSPTC333T903.png;0.2047,0.0000,0.0000,0.0000,0.0000,0.0000,0.0000,0.0000,0.0000,0.0000,;0,1,0,0,0,0,0,0,0,0,0,;0.2047;1;1;409800;1.00;
3USMLONC9E5MDB1GD7ZQ6SDG14K85P.png;0.1151,0.0170,0.0000,0.0084,0.0133,0.0000,0.0000,0.0002,0.0000,0.0000,;2,1,0,0,0,0,0,0,0,0,0,;0.0308;1;1;409800;1.00;
3USZNBD0ID5Y2E7UC1NHCD5VH1M51A.png;0.0610,0.1526,0.0538,0.0000,0.0000,0.0021,0.0000,0.0000,0.0000,0.0000,;2,1,0,0,0,0,0,0,0,0,0,;0.0674;1;1;409800;1.00;
3UV3KC5DTGMOGZ30EI3U2F567A15CS.png;0.2005,0.1587,0.2441,0.1293,0.0312,0.0000,0.0000,0.0000,0.0000,0.0000,;1,3,1,0,0,0,0,0,0,0,0,;0.1528;3;3;1229400;3.00;
3UXCLCQO1UDWROO910PGOYLD3QJ20A.png;0.1455,0.2142,0.0292,0.0886,0.0952,0.0416,0.0000,0.0212,0.0000,0.0000,;5,1,1,0,0,0,0,0,0,0,0,;0.0908;3;2;819600;1.50;
3UXCLCQO2V425H8F0OVWTKIEO3N20G.png;0.2096,0.2319,0.2420,0.2491,0.2436,0.0410,0.0000,0.0516,0.0000,0.0480,;3,1,4,0,0,0,0,0,0,0,0,;0.1646;5;5;2049000;5.00;
3VHU2SWT3EI2EPQKMFU0IXHUUZKSPE.png;0.2161,0.0383,0.0000,0.0320,0.0393,0.0000,0.0000,0.0000,0.0000,0.0393,;4,0,1,0,0,0,0,0,0,0,0,;0.0730;1;1;409800;1.00;
3VKCYEEK5GTFPTFE2CSUAPH4AEKG1E.png;0.4820,0.4385,0.4218,0.3838,0.4166,0.1324,0.0000,0.0925,0.0000,0.2160,;1,1,1,1,4,0,0,0,0,0,0,;0.3229;5;5;2049000;5.00;
3VKCYEEK5GTFPTFE2CSUAPH4AEKG1E_1.png;0.3493,0.4913,0.3779,0.3377,0.3766,0.0638,0.0000,0.0751,0.0000,0.1940,;2,1,0,4,1,0,0,0,0,0,0,;0.2832;5;5;2049000;5.00;
3VKCYEEK5GTFPTFE2CSUAPH4AEKG1E_2.png;0.4315,0.4863,0.3965,0.3698,0.3234,0.1185,0.0000,0.1310,0.0000,0.0773,;1,2,0,3,2,0,0,0,0,0,0,;0.2918;5;5;2049000;5.00;
3VNGVF6XGJQ1QLT33BZ7QKAQGJTGC8.png;0.2026,0.2636,0.0000,0.0000,0.0000,0.0000,0.0000,0.0000,0.0000,0.0000,;0,1,1,0,0,0,0,0,0,0,0,;0.2331;1;1;409800;1.00;
3VNVHCMRM39PCV9YY08XQFC2ASTW7K.png;0.1207,0.1756,0.0295,0.0192,0.0000,0.0000,0.0000,0.0192,0.0000,0.0000,;3,2,0,0,0,0,0,0,0,0,0,;0.0728;2;2;819600;2.00;
3VPHDNYYW05RMXRPFB37FMZTE8FOX6.png;0.0920,0.0000,0.0402,0.0000,0.0000,0.0402,0.0000,0.0000,0.0000,0.0000,;3,0,0,0,0,0,0,0,0,0,0,;0.0575;1;1;409800;1.00;
3VS2P0ED9S8WCYR5XKUI3WE62NIZOD.png;0.2728,0.0451,0.0492,0.2097,0.1463,0.3189,0.0000,0.0000,0.0000,0.0000,;2,2,1,1,0,0,0,0,0,0,0,;0.1737;3;3;1229400;3.00;
3VS2P0ED9S9HPWVU5TDRGGPE3WLOZL.png;0.0769,0.1372,0.0629,0.1017,0.0553,0.0346,0.0000,0.0798,0.0000,0.0280,;7,1,0,0,0,0,0,0,0,0,0,;0.0720;4;3;1229400;2.00;
3VTCTNDIMBI4MSZRCFZ5EXG7KAVTGQ.png;0.1177,0.4438,0.1377,0.0615,0.0755,0.0930,0.0000,0.0313,0.0000,0.0419,;5,2,0,0,1,0,0,0,0,0,0,;0.1253;2;2;819600;2.00;
3VXAY8PX9568FZGV4FQLLH1QFO0UBC.png;0.1145,0.2654,0.1435,0.0000,0.0864,0.1007,0.0000,0.0000,0.0000,0.0872,;3,2,1,0,0,0,0,0,0,0,0,;0.1329;2;2;819600;2.00;
3VXAY8PXA67ITFS0HYENNTH6AGPBUQ.png;0.1537,0.0614,0.0439,0.0545,0.0554,0.0028,0.0000,0.0000,0.0000,0.0029,;4,1,0,0,0,0,0,0,0,0,0,;0.0535;4;4;1639200;4.00;
3W718UE9EUVUJGAIW7WCSAJ232S8KV.png;0.0176,0.0352,0.0398,0.0738,0.0934,0.0000,0.0000,0.0214,0.0000,0.0449,;7,0,0,0,0,0,0,0,0,0,0,;0.0466;2;2;819600;2.00;
3W7EAH4XLRRHWHV8PSJNN5I48Z5K1Z.png;0.0327,0.0000,0.0958,0.1374,0.0000,0.0180,0.0000,0.0750,0.0000,0.0000,;4,1,0,0,0,0,0,0,0,0,0,;0.0718;3;2;819600;1.50;
3WAI7IWAXVDPIQMZBUA6WKWKGBTKCH.png;0.1783,0.2809,0.0125,0.0000,0.0395,0.0000,0.0000,0.0000,0.0000,0.0000,;2,1,1,0,0,0,0,0,0,0,0,;0.1278;2;2;819600;2.00;
3WNTBWVI6HTKT402X941XY1LBXF1DP.png;0.0704,0.2472,0.0000,0.0000,0.0862,0.0953,0.0000,0.1608,0.0000,0.3169,;3,1,1,1,0,0,0,0,0,0,0,;0.1628;2;1;409800;2.00;
3WNTBWVI7IICS3U5SPMYXHW39RR1DW.png;0.1413,0.3650,0.0676,0.1095,0.0000,0.0000,0.0000,0.0000,0.0000,0.0000,;2,1,0,1,0,0,0,0,0,0,0,;0.1708;1;1;409800;1.00;
3X3BKUX7FNI4TQBH6Z6BCBN743AUUW.png;0.1344,0.1555,0.1163,0.0772,0.0228,0.0487,0.0000,0.0231,0.0000,0.0000,;4,3,0,0,0,0,0,0,0,0,0,;0.0825;3;3;1229400;3.00;
3XCMB0010Q8CROANL93DZ0TZ7HDP3B.png;0.0000,0.0000,0.0000,0.1627,0.0000,0.0000,0.0000,0.0548,0.0000,0.0000,;1,1,0,0,0,0,0,0,0,0,0,;0.1087;1;1;409800;1.00;
3XFOW6US4G39LHGXH58DQK2U59EF7W.png;0.1401,0.0849,0.1825,0.0752,0.0000,0.0000,0.0000,0.0000,0.0000,0.0000,;2,2,0,0,0,0,0,0,0,0,0,;0.1207;2;2;819600;2.00;
3XH5NKQXD1CEK1G2OFNXP2YO5CGQ1D.png;0.0763,0.0576,0.0575,0.0786,0.0615,0.0274,0.0000,0.0361,0.0000,0.0306,;8,0,0,0,0,0,0,0,0,0,0,;0.0532;5;5;2049000;5.00;
3XKJYHBF1PGIGZAV82J26HU67K1S94.png;0.0897,0.0347,0.0633,0.0512,0.0621,0.0414,0.0000,0.0389,0.0000,0.0366,;8,0,0,0,0,0,0,0,0,0,0,;0.0522;3;3;1229400;3.00;
3XKJYHBF2QXEJ36G795O9QJC5X59SV.png;0.1136,0.0203,0.0000,0.0000,0.0000,0.0000,0.0000,0.0000,0.0000,0.0000,;1,1,0,0,0,0,0,0,0,0,0,;0.0670;1;1;409800;1.00;
3XLULPCEJ5A20HTSPHJ11BGOHJ2K00.png;0.1911,0.1454,0.0641,0.2262,0.1774,0.0052,0.0000,0.0710,0.0000,0.0532,;3,3,1,0,0,0,0,0,0,0,0,;0.1167;4;4;1639200;4.00;
3XLULPCEK6XSKDKZU2VPQEQSWADK07.png;0.0916,0.3588,0.1727,0.1349,0.0606,0.1135,0.0000,0.0006,0.0000,0.0000,;2,3,0,1,0,0,0,0,0,0,0,;0.1333;3;3;1229400;3.00;
3XOONX5XJ4G5CUJT3GITEEBP8TAR9P.png;0.2327,0.1314,0.0000,0.0000,0.0000,0.0000,0.0000,0.0000,0.0000,0.0000,;0,1,1,0,0,0,0,0,0,0,0,;0.1821;1;1;409800;1.00;
3XQ5ITPVUWC5A41L5RJWP1DP30VQTX.png;0.2357,0.3445,0.1562,0.0300,0.0000,0.0000,0.0000,0.0000,0.0000,0.0000,;1,1,1,1,0,0,0,0,0,0,0,;0.1916;2;2;819600;2.00;
3XQ5ITPVUWCZXHDQO612ZU9R46PQTU.png;0.1351,0.2366,0.0952,0.1111,0.0253,0.0722,0.0000,0.1040,0.0000,0.0257,;5,2,1,0,0,0,0,0,0,0,0,;0.1006;4;3;1229400;2.00;
3XQ5ITPVVXEK5RIJJ0S4JMU41HATQO.png;0.0998,0.0767,0.0326,0.0402,0.0000,0.0000,0.0000,0.0402,0.0000,0.0000,;5,0,0,0,0,0,0,0,0,0,0,;0.0579;2;2;819600;2.00;
3XXLL7ZNZBX2S1C8S0AVX01M47X2SM.png;0.0617,0.0613,0.0792,0.0861,0.1357,0.0000,0.0000,0.0000,0.0000,0.0000,;4,1,0,0,0,0,0,0,0,0,0,;0.0848;2;2;819600;2.00;
3Y6OYEUGD7DBA3Z0UX7LVDP3LCIS5W.png;0.1882,0.0643,0.1682,0.1802,0.0787,0.0000,0.0000,0.0100,0.0000,0.0000,;2,3,0,0,0,0,0,0,0,0,0,;0.1149;3;3;1229400;3.00;
3YATNUOYWN28VJEWP8MVZLA65TU5R8.png;0.0520,0.0449,0.0517,0.0189,0.0000,0.0000,0.0000,0.0189,0.0000,0.0000,;5,0,0,0,0,0,0,0,0,0,0,;0.0373;3;3;1229400;3.00;
3YE2HAAZLWT35EOEU3RFNMQ5RC4ZU3.png;0.0862,0.0261,0.0250,0.0089,0.0254,0.0262,0.0000,0.0094,0.0000,0.0260,;6,0,0,0,0,0,0,0,0,0,0,;0.0292;1;1;409800;1.00;
3YJAOW5N8OU26Z949MJ65YS6Q7GNS0.png;0.0769,0.1361,0.0629,0.1023,0.0560,0.0344,0.0000,0.0708,0.0000,0.0271,;7,1,0,0,0,0,0,0,0,0,0,;0.0708;3;3;1229400;3.00;
3YJAOW5N8OUDFKNJJE4VLVI018MNS9.png;0.1284,0.1849,0.1516,0.0843,0.0242,0.0712,0.0000,0.0778,0.0000,0.0246,;5,3,0,0,0,0,0,0,0,0,0,;0.0934;3;3;1229400;3.00;
3YJAOW5N8OUDFKNJJE4VLVI0YDQNSK.png;0.1271,0.0781,0.0718,0.0000,0.0253,0.0722,0.0000,0.0000,0.0000,0.0257,;5,1,0,0,0,0,0,0,0,0,0,;0.0667;4;4;1639200;4.00;
3YJAOW5N9PI929Z2OH5BG1NQ7AGNSB.png;0.1710,0.2385,0.1140,0.0000,0.0000,0.0475,0.0000,0.0058,0.0000,0.0000,;1,2,1,0,0,0,0,0,0,0,0,;0.1154;2;2;819600;2.00;
3YKHA5XMY4LNHWQDYI2RHLTBGR3A75.png;0.0817,0.1298,0.0000,0.0185,0.0000,0.0000,0.0000,0.0185,0.0000,0.0000,;3,1,0,0,0,0,0,0,0,0,0,;0.0621;2;2;819600;2.00;
3YNFDCZ5Q3U1E5N64P4QVLD4C30NR9.png;0.1243,0.0689,0.0708,0.0000,0.0580,0.0607,0.0000,0.0020,0.0000,0.0490,;5,1,0,0,0,0,0,0,0,0,0,;0.0620;3;3;1229400;3.00;
3YNFDCZ5R4IX1UZP9S56QRIUL8YNRO.png;0.1755,0.2379,0.1217,0.0000,0.0000,0.0573,0.0000,0.1495,0.0000,0.1243,;1,4,1,0,0,0,0,0,0,0,0,;0.1444;3;2;819600;1.50;
3YR6VNT52416IC86SLGIIDTF4TWB78.png;0.0555,0.0000,0.0000,0.0000,0.0000,0.0000,0.0000,0.0000,0.0000,0.0000,;1,0,0,0,0,0,0,0,0,0,0,;0.0555;1;1;409800;1.00;
3YR6VNT5352GKULNOMVIY5386U67BS.png;0.2213,0.2182,0.0927,0.0832,0.0959,0.0000,0.0000,0.0000,0.0000,0.0000,;3,0,2,0,0,0,0,0,0,0,0,;0.1423;2;2;819600;2.00;
3YS67JKWKBRVDSIQ9F8UVFJ1JQRX40.png;0.0823,0.0000,0.0327,0.0991,0.0923,0.0000,0.0000,0.0000,0.0000,0.0000,;4,0,0,0,0,0,0,0,0,0,0,;0.0766;3;3;1229400;3.00;
3YS67JKWKBTMNDQ3LRFOMM61VUK4X5.png;0.5019,0.1132,0.0511,0.0000,0.0000,0.0000,0.0000,0.0000,0.0000,0.0000,;1,1,0,0,1,0,0,0,0,0,0,;0.2221;1;1;409800;1.00;
3YVLYSYEBF5NUSY0E746VZKOKNG0QY.png;0.1833,0.1232,0.0000,0.0000,0.0000,0.0188,0.0000,0.0000,0.0000,0.0000,;1,2,0,0,0,0,0,0,0,0,0,;0.1084;2;2;819600;2.00;
3Z1VWDJDMCSL9FEEWY1JWQIRHY8F8V.png;0.3282,0.2072,0.1158,0.0334,0.0000,0.0000,0.0000,0.0000,0.0000,0.0000,;1,2,0,1,0,0,0,0,0,0,0,;0.1712;2;2;819600;2.00;
3Z1VWDJDMCXXDMC10K62ECWQF20F8X.png;0.1298,0.0343,0.1265,0.0000,0.0923,0.0000,0.0000,0.0000,0.0000,0.0000,;2,2,0,0,0,0,0,0,0,0,0,;0.0957;2;2;819600;2.00;
3Z1VWDJDNDED63DNWYEYK1BZJ9X8FQ.png;0.0410,0.0000,0.0000,0.0000,0.0000,0.0000,0.0000,0.0000,0.0000,0.0000,;1,0,0,0,0,0,0,0,0,0,0,;0.0410;1;1;409800;1.00;
3ZAK6NWIZ37QLEUJSP86OBIVCQQ9VS.png;0.0420,0.0666,0.2121,0.0830,0.0000,0.0898,0.0000,0.0000,0.0000,0.0000,;4,0,1,0,0,0,0,0,0,0,0,;0.0987;1;1;409800;1.00;
3ZFB7PFNY1ZJD1XM4GHBRRAA6FG931.png;0.1893,0.0237,0.0000,0.0178,0.0146,0.0000,0.0000,0.0083,0.0000,0.0050,;3,1,0,0,0,0,0,0,0,0,0,;0.0431;1;1;409800;1.00;
3ZFB7PFNY1ZJD1XM4GHBRRAA6GF932.png;0.1789,0.0163,0.0962,0.2912,0.0000,0.0000,0.0000,0.0195,0.0000,0.0000,;3,1,1,0,0,0,0,0,0,0,0,;0.1204;2;2;819600;2.00;
3ZNMTDKQXPRIYI9V3LJLED84I1Z2VB.png;0.2498,0.1846,0.2177,0.1970,0.1680,0.0451,0.0000,0.0317,0.0000,0.0293,;3,3,2,0,0,0,0,0,0,0,0,;0.1404;5;5;2049000;5.00;
3ZSDUF3VXOXZ44ZW3SE86JT3CR623Z.png;0.1547,0.0887,0.0143,0.0254,0.0189,0.0000,0.0000,0.0000,0.0000,0.0189,;5,1,0,0,0,0,0,0,0,0,0,;0.0535;2;2;819600;2.00;
3ZXEP6UEFFQUF1V5KFZ2RFEFLM08OQ.png;0.0357,0.0179,0.0506,0.1505,0.0831,0.0026,0.0000,0.0000,0.0000,0.0035,;4,1,0,0,0,0,0,0,0,0,0,;0.0491;3;3;1229400;3.00;
