imageID;text densities;Histogram of windows with text densitites b/w 0:0.1:1;threshold;windows greater than threshold;largest connected window (no. of windows);largest connected window in pixels;The average size of connected regions;
306OACM7G04QOX49OC3VEMIMU7KA8L.png;0.2467,0.1497,0.1324,0.0618,0.0332,0.0318,0.0361,0.0241,0.0000,0.0000,0.0000,0.0165,0.0000,0.0139,0.0000,0.0000,;7,2,1,0,0,0,0,0,0,0,0,;0.0746;3;3;819600;3.00;
30E2X49V611K26Z0IIHLB47CQY53NF.png;0.0000,0.4232,0.1029,0.1218,0.0000,0.0000,0.0000,0.0000,0.0000,0.0000,0.0000,0.0000,0.0000,0.0000,0.0000,0.0000,;1,1,0,0,1,0,0,0,0,0,0,;0.2160;1;1;273200;1.00;
30E2X49V611K26Z0IIHLB47CQY63NG.png;0.0776,0.1006,0.1592,0.0430,0.1357,0.0359,0.0611,0.0000,0.0000,0.0207,0.0000,0.0000,0.0000,0.0611,0.0000,0.0000,;7,2,0,0,0,0,0,0,0,0,0,;0.0772;4;4;1092800;4.00;
30GUUI0R316PRKEN69AJEXY15MMBCT.png;0.0943,0.1540,0.2152,0.0532,0.0824,0.1914,0.1989,0.0477,0.0000,0.0035,0.0000,0.0000,0.0000,0.0136,0.0000,0.0000,;5,3,1,0,0,0,0,0,0,0,0,;0.1054;4;4;1092800;4.00;
319N3DB42B6LKGW48RIT1IUY6MJEPG.png;0.1360,0.1392,0.0520,0.0000,0.0550,0.1253,0.0827,0.1086,0.0000,0.0057,0.0000,0.0222,0.0000,0.0297,0.0000,0.0250,;7,3,0,0,0,0,0,0,0,0,0,;0.0710;5;3;819600;2.50;
31H4HIBP9AWNGDF6JZY7J01Z8LG5HP.png;0.1001,0.5061,0.1486,0.2590,0.1662,0.0800,0.0984,0.1520,0.0000,0.0265,0.0000,0.0115,0.0000,0.0147,0.0000,0.0265,;7,3,1,0,1,0,0,0,0,0,0,;0.1325;5;5;1366000;5.00;
31QBDMKNDPO96CGOU6OI3UH1N96L85.png;0.0000,0.0000,0.0000,0.0000,0.0745,0.0211,0.0540,0.0619,0.0000,0.0195,0.0000,0.0000,0.0000,0.0000,0.0000,0.0000,;5,0,0,0,0,0,0,0,0,0,0,;0.0462;3;3;819600;3.00;
31QOF9ABLNAV27TO4PXO0GLATWO1L1.png;0.1651,0.2444,0.1584,0.2443,0.2412,0.2817,0.0000,0.0000,0.0000,0.0498,0.0000,0.1059,0.0000,0.0337,0.0000,0.0000,;3,2,4,0,0,0,0,0,0,0,0,;0.1694;4;4;1092800;4.00;
31R9JPCYP6DVE0AQVNO2QFRENFMWRA.png;0.2151,0.3021,0.1387,0.1020,0.0514,0.0000,0.0000,0.0000,0.0000,0.0000,0.0000,0.0000,0.0000,0.0000,0.0000,0.0000,;2,1,2,0,0,0,0,0,0,0,0,;0.1619;2;2;546400;2.00;
31TTIPZ8XM69HILWQZWMCQMN1KS3GE.png;0.0843,0.0026,0.0000,0.0000,0.0000,0.0000,0.0207,0.2198,0.0000,0.0000,0.0000,0.0000,0.0000,0.0226,0.0000,0.1049,;4,0,1,0,0,0,0,0,0,0,0,;0.0758;3;1;273200;3.00;
31ZZN31VRB1J1I6XNAS9X9DBA59QRV.png;0.1666,0.0638,0.0707,0.0660,0.0377,0.0532,0.0331,0.0746,0.0000,0.0000,0.0000,0.0000,0.0000,0.0000,0.0000,0.0000,;7,1,0,0,0,0,0,0,0,0,0,;0.0707;2;1;273200;2.00;
3203J2GC2PK4HSXGZ2GG107218V84Q.png;0.2470,0.0507,0.0185,0.0364,0.0525,0.0184,0.0000,0.0373,0.0000,0.0644,0.0000,0.0000,0.0000,0.0000,0.0000,0.0326,;8,0,1,0,0,0,0,0,0,0,0,;0.0620;2;1;273200;2.00;
3203J2GC2PK4HSXGZ2GG1073Z7V84O.png;0.1749,0.0169,0.0000,0.0000,0.0013,0.2056,0.0389,0.1147,0.0000,0.0000,0.0000,0.0016,0.0000,0.0000,0.0000,0.0253,;3,3,0,0,0,0,0,0,0,0,0,;0.0724;3;2;546400;1.50;
3203J2GC2PK4HSXGZ2GG1074VAS84P.png;0.2301,0.0656,0.0000,0.0000,0.0000,0.0000,0.0000,0.0000,0.0000,0.0000,0.0000,0.0000,0.0000,0.0000,0.0000,0.0000,;1,0,1,0,0,0,0,0,0,0,0,;0.1479;1;1;273200;1.00;
320GLP60AN5TS9K5PU8IGRVPKUZ14P.png;0.0000,0.0960,0.0522,0.0119,0.0190,0.0540,0.1167,0.1628,0.0000,0.0621,0.0000,0.0993,0.0000,0.0652,0.0000,0.1285,;8,3,0,0,0,0,0,0,0,0,0,;0.0789;5;2;546400;2.50;
320GLP60AN6FM9FGZXIOL5AG38941T.png;0.0326,0.2155,0.1458,0.1737,0.1083,0.0140,0.0067,0.0798,0.0000,0.1031,0.0000,0.0055,0.0000,0.0024,0.0000,0.0621,;6,2,1,0,0,0,0,0,0,0,0,;0.0791;6;6;1639200;6.00;
323KIQYDLQ7S9UIT4NE6QLFONB14CB.png;0.2182,0.0000,0.0000,0.0000,0.0354,0.1226,0.0032,0.0000,0.0000,0.0000,0.0000,0.0184,0.0000,0.0544,0.0000,0.0000,;3,1,1,0,0,0,0,0,0,0,0,;0.0753;2;1;273200;2.00;
3244QHISJ1ITNE98CFK36E7RG91L0N.png;0.0723,0.1227,0.0000,0.0000,0.0518,0.0085,0.0000,0.0000,0.0000,0.0518,0.0000,0.0085,0.0000,0.0000,0.0000,0.0000,;3,1,0,0,0,0,0,0,0,0,0,;0.0526;2;2;546400;2.00;
3244QHISK2XKVEPCAXDY38M44I9L04.png;0.1605,0.0510,0.0048,0.0399,0.0120,0.0114,0.0115,0.0000,0.0000,0.0105,0.0000,0.0109,0.0000,0.0109,0.0000,0.0683,;9,1,0,0,0,0,0,0,0,0,0,;0.0356;4;3;819600;2.00;
329GGY5YRI5WHTWS4FZ9QWPAMFRT4W.png;0.0976,0.0704,0.0518,0.0363,0.0668,0.0000,0.0000,0.0000,0.0000,0.0000,0.0000,0.0000,0.0000,0.0000,0.0000,0.0000,;5,0,0,0,0,0,0,0,0,0,0,;0.0646;3;2;546400;1.50;
32GVUSPLEYOYH9SP841K39EVOUOK3Z.png;0.2001,0.1710,0.1231,0.0831,0.1777,0.1746,0.2172,0.0953,0.0000,0.0605,0.0000,0.0539,0.0000,0.0797,0.0000,0.0000,;5,5,1,0,0,0,0,0,0,0,0,;0.1306;5;3;819600;2.50;
32GVUSPLFZ61Q5EOZV799O813X5K3C.png;0.1836,0.1488,0.0619,0.0463,0.0405,0.0477,0.0395,0.0342,0.0000,0.0000,0.0000,0.0000,0.0000,0.0000,0.0000,0.0000,;6,2,0,0,0,0,0,0,0,0,0,;0.0753;2;2;546400;2.00;
32JEHGQ0QIPYH7JPSF8OLMHJ8AAU81.png;0.0847,0.0176,0.0051,0.0233,0.0056,0.0000,0.0109,0.0051,0.0000,0.0000,0.0000,0.0000,0.0000,0.0000,0.0000,0.0000,;4,0,0,0,0,0,0,0,0,0,0,;0.0218;2;2;546400;2.00;
32JRJ3GOYGFHSVM6IWA88RJNYD8U1D.png;0.2570,0.3038,0.1257,0.1783,0.2169,0.1472,0.1732,0.1067,0.0000,0.2007,0.0000,0.0291,0.0000,0.0482,0.0000,0.0000,;3,5,3,0,0,0,0,0,0,0,0,;0.1624;6;6;1639200;6.00;
32SOQFN7RN4Q5SNOXDF8KS0W4TRIPM.png;0.5138,0.0257,0.0000,0.0000,0.0205,0.0601,0.1975,0.1675,0.0000,0.0000,0.0000,0.0000,0.0000,0.0000,0.0000,0.0000,;3,2,0,0,0,1,0,0,0,0,0,;0.1642;3;2;546400;1.50;
32WAV7G60PNC75TK9C1M3A29EH0D36.png;0.0689,0.0963,0.0797,0.0135,0.0000,0.0208,0.0606,0.0000,0.0000,0.0000,0.0000,0.0000,0.0000,0.0278,0.0000,0.0000,;7,0,0,0,0,0,0,0,0,0,0,;0.0525;4;3;819600;2.00;
32WAV7G6ZOBEE25MHO1EVKD7PUBD3N.png;0.1149,0.0009,0.0000,0.0000,0.0061,0.0506,0.0308,0.0416,0.0000,0.0000,0.0000,0.0000,0.0000,0.0000,0.0000,0.0000,;3,1,0,0,0,0,0,0,0,0,0,;0.0408;3;2;546400;1.50;
330XZFCZ7R2IEZH3T3I3O6ANM0DXTM.png;0.0604,0.0297,0.0364,0.0000,0.0000,0.0000,0.0000,0.0000,0.0000,0.0000,0.0000,0.0000,0.0000,0.0000,0.0000,0.0000,;3,0,0,0,0,0,0,0,0,0,0,;0.0422;1;1;273200;1.00;
330XZFCZ7RB627L6HWI9543W690TXG.png;0.3082,0.0981,0.1611,0.1685,0.3618,0.2091,0.1308,0.1977,0.0000,0.0000,0.0000,0.0000,0.0000,0.0000,0.0000,0.0000,;1,5,1,1,0,0,0,0,0,0,0,;0.2044;3;2;546400;1.50;
33EWWXEH81XUPFZ4BLANE2SZQMJ40X.png;0.0634,0.0437,0.0321,0.0386,0.0294,0.0351,0.0136,0.0000,0.0000,0.0000,0.0000,0.0146,0.0000,0.0136,0.0000,0.0000,;9,0,0,0,0,0,0,0,0,0,0,;0.0316;5;5;1366000;5.00;
33FLRCV01N0NF725EJLGLLU8UGYORG.png;0.0657,0.0718,0.1020,0.0026,0.0000,0.0000,0.0000,0.0268,0.0000,0.0000,0.0000,0.0000,0.0000,0.0000,0.0000,0.0268,;5,0,0,0,0,0,0,0,0,0,0,;0.0493;3;3;819600;3.00;
33QM7VBL79CAH7ME53S2DMVHTOZ3QX.png;0.3533,0.2249,0.1397,0.2251,0.1855,0.1693,0.1424,0.1355,0.0000,0.0559,0.0000,0.0097,0.0000,0.0505,0.0000,0.0492,;3,5,2,1,0,0,0,0,0,0,0,;0.1451;5;5;1366000;5.00;
33RX46D1RXVH625SCIG7UWSYT80X1J.png;0.0000,0.0167,0.1526,0.0725,0.1554,0.1513,0.1253,0.1477,0.0000,0.0719,0.0000,0.0177,0.0000,0.0615,0.0000,0.0238,;6,5,0,0,0,0,0,0,0,0,0,;0.0906;5;5;1366000;5.00;
33XMDKLTFSU7YK1SQJZ2MPHPZ4ZZCZ.png;0.1050,0.3984,0.1888,0.1396,0.2061,0.2376,0.2043,0.1225,0.0000,0.0000,0.0000,0.0259,0.0000,0.0069,0.0000,0.0186,;3,5,1,1,0,0,0,0,0,0,0,;0.1503;5;5;1366000;5.00;
344RGS4J7S874QSQIPH3B5TQWFPMPU.png;0.1560,0.2257,0.0000,0.0000,0.0000,0.0000,0.0000,0.0807,0.0000,0.0000,0.0000,0.0000,0.0000,0.0000,0.0000,0.0755,;2,1,1,0,0,0,0,0,0,0,0,;0.1345;2;2;546400;2.00;
34B3PHKY7L0QRWI1JO5S4NCKMT3NE1.png;0.0215,0.3058,0.1335,0.0515,0.0000,0.0000,0.0000,0.0000,0.0000,0.0000,0.0000,0.0000,0.0000,0.0000,0.0000,0.0000,;2,1,1,0,0,0,0,0,0,0,0,;0.1281;2;2;546400;2.00;
34KQN2TBKTGWLIK008X22C5QD2JSAJ.png;0.0000,0.0000,0.0000,0.0000,0.0000,0.0000,0.0000,0.0000,0.0000,0.0000,0.0000,0.0000,0.0000,0.0000,0.0000,0.0000,;0,0,0,0,0,0,0,0,0,0,0,;NaN;0;
34RF8KPUOTU14SPS6MXYXNPWVK1SBB.png;0.0065,0.0065,0.0363,0.0143,0.0343,0.0156,0.0239,0.0187,0.0000,0.0000,0.0000,0.0000,0.0000,0.0000,0.0000,0.0000,;6,0,0,0,0,0,0,0,0,0,0,;0.0174;4;4;1092800;4.00;
34RF8KPUOTU14SPS6MXYXNPWVK1SBB_1.png;0.0812,0.0967,0.0857,0.0307,0.0447,0.0404,0.0355,0.0398,0.0000,0.0000,0.0000,0.0000,0.0000,0.0000,0.0000,0.0085,;8,0,0,0,0,0,0,0,0,0,0,;0.0515;3;3;819600;3.00;
34RF8KPUOTU14SPS6MXYXNPWVK1SBB_2.png;0.1077,0.0527,0.0572,0.0371,0.0356,0.0402,0.0429,0.0477,0.0000,0.0000,0.0000,0.0000,0.0000,0.0000,0.0000,0.0000,;8,0,0,0,0,0,0,0,0,0,0,;0.0526;3;3;819600;3.00;
34RF8KPUOTU14SPS6MXYXNPWVK7SBH.png;0.0199,0.0097,0.0484,0.0141,0.0679,0.0098,0.0062,0.0000,0.0000,0.0000,0.0000,0.0000,0.0000,0.0000,0.0000,0.0000,;4,0,0,0,0,0,0,0,0,0,0,;0.0252;2;2;546400;2.00;
34YKDDZP3UMABNHOK8ECJ4FCOZJWHB.png;0.1430,0.3852,0.2277,0.2653,0.3724,0.3586,0.1750,0.0926,0.0000,0.1715,0.0000,0.1707,0.0000,0.1268,0.0000,0.0000,;1,5,2,3,0,0,0,0,0,0,0,;0.2263;5;5;1366000;5.00;
3568B45QGKRG3Y1LZDHA1JA6BSCO3E.png;0.3667,0.0000,0.0000,0.0000,0.0000,0.0134,0.0738,0.0485,0.0000,0.0000,0.0000,0.0000,0.0000,0.0000,0.0000,0.0000,;3,0,0,1,0,0,0,0,0,0,0,;0.1256;1;1;273200;1.00;
3589VT1T2BGMXIVHZGNGS492OQIJN8.png;0.3166,0.0000,0.0000,0.0000,0.0083,0.0306,0.1391,0.1468,0.0000,0.0000,0.0000,0.0000,0.0000,0.0062,0.0000,0.0208,;2,2,0,1,0,0,0,0,0,0,0,;0.0955;3;2;546400;1.50;
35DAEVU8JHJ10FFZ10EN4CRDQ8F870.png;0.1369,0.0708,0.1002,0.0000,0.1077,0.0000,0.0000,0.1098,0.0000,0.1082,0.0000,0.0000,0.0000,0.0000,0.0000,0.1106,;5,2,0,0,0,0,0,0,0,0,0,;0.1063;5;3;819600;2.50;
35GRDJC92I6VOWRC3MF6JHNHWWLC7I.png;0.0083,0.0804,0.0355,0.0000,0.0000,0.0000,0.0000,0.0000,0.0000,0.0000,0.0000,0.0000,0.0000,0.0000,0.0000,0.0000,;2,0,0,0,0,0,0,0,0,0,0,;0.0414;1;1;273200;1.00;
35HIM1LU2HRMGPBVQO0P66HG1MBI5I.png;0.0722,0.0000,0.0657,0.3010,0.2199,0.3939,0.2573,0.1355,0.0000,0.0403,0.0000,0.0598,0.0000,0.0712,0.0000,0.0000,;5,1,3,1,0,0,0,0,0,0,0,;0.1617;4;4;1092800;4.00;
35QUA2ABY634ZYN782PTB2BL5I8EGJ.png;0.0490,0.1271,0.0000,0.0000,0.0000,0.0000,0.0000,0.0000,0.0000,0.0000,0.0000,0.0000,0.0000,0.0000,0.0000,0.0000,;1,1,0,0,0,0,0,0,0,0,0,;0.0880;1;1;273200;1.00;
35QUA2ABZ7MBAB0HZGYJHQ28USWGE7.png;0.2296,0.1290,0.0000,0.0000,0.0000,0.0000,0.0000,0.0000,0.0000,0.0000,0.0000,0.0000,0.0000,0.0000,0.0000,0.0000,;0,1,1,0,0,0,0,0,0,0,0,;0.1793;1;1;273200;1.00;
361LJMRMCQ5CDYJ025B6700NV8CUR4.png;0.1292,0.0000,0.1267,0.0928,0.0525,0.2696,0.2383,0.0311,0.0000,0.0000,0.0000,0.2126,0.0000,0.1160,0.0000,0.0000,;3,3,3,0,0,0,0,0,0,0,0,;0.1410;3;2;546400;1.50;
369VX4MEOJAKM0DV8XRK62EAJWKGI1.png;0.1929,0.2750,0.0442,0.0000,0.0079,0.0111,0.0323,0.0110,0.0000,0.0000,0.0000,0.0000,0.0000,0.0000,0.0000,0.0000,;4,1,1,0,0,0,0,0,0,0,0,;0.0821;2;2;546400;2.00;
36ARV8EEH67U95XPYN59VTZKFJ2VA1.png;0.1022,0.1133,0.0757,0.0962,0.0420,0.0351,0.0172,0.0000,0.0000,0.0000,0.0000,0.0351,0.0000,0.0172,0.0000,0.0000,;8,1,0,0,0,0,0,0,0,0,0,;0.0593;4;4;1092800;4.00;
36FIWAXJH5YZ4NF13JA9L63DO7Z3AS.png;0.1983,0.1758,0.2306,0.3079,0.3846,0.1510,0.1343,0.1031,0.0000,0.2600,0.0000,0.0737,0.0000,0.1367,0.0000,0.0995,;3,5,3,1,0,0,0,0,0,0,0,;0.1880;5;4;1092800;2.50;
36HGGQAXL6KTNEA2DMTHLEEUZ4CVBW.png;0.3544,0.2074,0.3792,0.3038,0.0972,0.0845,0.0779,0.1045,0.0000,0.0498,0.0000,0.0470,0.0000,0.0474,0.0000,0.0537,;8,1,1,2,0,0,0,0,0,0,0,;0.1506;4;4;1092800;4.00;
36HGGQAXL6L87J29O35QD9YQWSFBVG.png;0.0000,0.0521,0.0670,0.0643,0.1841,0.0745,0.0001,0.0000,0.0000,0.0000,0.0000,0.0000,0.0000,0.0000,0.0000,0.0000,;4,1,0,0,0,0,0,0,0,0,0,;0.0737;2;2;546400;2.00;
36IAL8HYOXSPP9QYVLXZPMFW48E4R6.png;0.0000,0.0000,0.0000,0.0000,0.0000,0.0734,0.1649,0.0571,0.0000,0.0000,0.0000,0.0000,0.0000,0.0000,0.0000,0.0000,;2,1,0,0,0,0,0,0,0,0,0,;0.0985;1;1;273200;1.00;
36MWL0IRGCO0L6PQ7W22BBNT0ICOHL.png;0.0000,0.2536,0.3294,0.0000,0.0000,0.0463,0.0152,0.1151,0.0000,0.0000,0.0000,0.0000,0.0000,0.0000,0.0000,0.0736,;3,1,1,1,0,0,0,0,0,0,0,;0.1389;2;2;546400;2.00;
36QDS77QN9NG5USZQM0XMAC2L97HFT.png;0.3100,0.3110,0.0060,0.0000,0.0894,0.2555,0.4709,0.3582,0.0000,0.0104,0.0000,0.0141,0.0000,0.0078,0.0000,0.0053,;3,0,2,2,1,0,0,0,0,0,0,;0.1672;5;3;819600;2.50;
36QDS77QN9Y3AP81GU3ZJ983H37HFJ.png;0.0887,0.0973,0.0000,0.0000,0.0340,0.0323,0.0405,0.0000,0.0000,0.0000,0.0000,0.0199,0.0000,0.0405,0.0000,0.0000,;7,0,0,0,0,0,0,0,0,0,0,;0.0505;2;2;546400;2.00;
36R3RQSDPTXRSZ6X7FR6HZHDYAF078.png;0.0409,0.0227,0.0200,0.0000,0.0330,0.0324,0.0283,0.0000,0.0000,0.0000,0.0000,0.0000,0.0000,0.0283,0.0000,0.0000,;7,0,0,0,0,0,0,0,0,0,0,;0.0294;3;2;546400;1.50;
375FCEJV4GX4B1VR293XJCDD0I7CCJ.png;0.1303,0.3431,0.1743,0.2313,0.2088,0.2457,0.1566,0.1898,0.0000,0.0376,0.0000,0.0533,0.0000,0.0601,0.0000,0.0376,;4,5,2,1,0,0,0,0,0,0,0,;0.1557;7;7;1912400;7.00;
375MF9UHMRPR2XWE6NL8JC3TL1HSX9.png;0.0395,0.3629,0.0730,0.0597,0.0000,0.0000,0.0000,0.0000,0.0000,0.0000,0.0000,0.0000,0.0000,0.0000,0.0000,0.0000,;3,0,0,1,0,0,0,0,0,0,0,;0.1338;1;1;273200;1.00;
37672WDDC2JA93V4O46FCCJ2VAJNM9.png;0.0000,0.0578,0.1510,0.0099,0.0000,0.0000,0.0000,0.0000,0.0000,0.0000,0.0000,0.0000,0.0000,0.0000,0.0000,0.0000,;1,1,0,0,0,0,0,0,0,0,0,;0.0729;1;1;273200;1.00;
378UBY8FQ61LFCJMHZWZTRZI59A8TB.png;0.2889,0.3079,0.3680,0.3573,0.0894,0.1289,0.0710,0.0054,0.0000,0.0000,0.0000,0.0559,0.0000,0.0000,0.0000,0.0000,;3,1,2,2,0,0,0,0,0,0,0,;0.1859;4;4;1092800;4.00;
378UBY8FR7AABMKBM232FCEFT60T8E.png;0.2333,0.3278,0.3341,0.0998,0.1289,0.0840,0.0675,0.0000,0.0000,0.0022,0.0000,0.0000,0.0000,0.0381,0.0000,0.0000,;4,1,1,2,0,0,0,0,0,0,0,;0.1462;3;3;819600;3.00;
379R4POZ46ZM5D7FMP5TH9FBQ7PRXR.png;0.0976,0.0110,0.0407,0.0239,0.0000,0.0000,0.0108,0.0000,0.0000,0.0000,0.0000,0.0000,0.0000,0.0000,0.0000,0.0000,;5,0,0,0,0,0,0,0,0,0,0,;0.0368;2;2;546400;2.00;
37CCG24EIZSNBY0O0RYFBPCKLTQZRW.png;0.0292,0.0093,0.0023,0.0115,0.0208,0.0085,0.0110,0.0090,0.0000,0.0000,0.0000,0.0000,0.0000,0.0000,0.0000,0.0000,;4,0,0,0,0,0,0,0,0,0,0,;0.0127;2;1;273200;2.00;
37CCG24EIZSNBY0O0RYFBPCKLTQZRW_1.png;0.0511,0.0278,0.0273,0.0000,0.0000,0.0249,0.0000,0.0000,0.0000,0.0000,0.0000,0.0000,0.0000,0.0000,0.0000,0.0000,;4,0,0,0,0,0,0,0,0,0,0,;0.0328;1;1;273200;1.00;
37CCG24EIZSNBY0O0RYFBPCKLTQZRW_2.png;0.0455,0.0270,0.0000,0.0191,0.0000,0.0186,0.0000,0.0191,0.0000,0.0000,0.0000,0.0002,0.0000,0.0000,0.0000,0.0002,;5,0,0,0,0,0,0,0,0,0,0,;0.0185;5;5;1366000;5.00;
37FXVUXR5NUGX6LAN3N06Z6PNZ6EWN.png;0.0000,0.0000,0.0000,0.0000,0.0000,0.0000,0.0000,0.0000,0.0000,0.0000,0.0000,0.0000,0.0000,0.0000,0.0000,0.0000,;0,0,0,0,0,0,0,0,0,0,0,;NaN;0;
37NNZ8MO7S6VRHEMSEGUVBLX898EQM.png;0.2579,0.0625,0.0355,0.0087,0.0028,0.0059,0.0068,0.0023,0.0000,0.0026,0.0000,0.0030,0.0000,0.0058,0.0000,0.0006,;2,0,1,0,0,0,0,0,0,0,0,;0.0329;3;3;819600;3.00;
37QHTW84X0Z4WRFH6C4VHQ7JNTDJDT.png;0.0790,0.2544,0.0106,0.0000,0.0176,0.0234,0.0000,0.0283,0.0000,0.0000,0.0000,0.0000,0.0000,0.0000,0.0000,0.0283,;6,0,1,0,0,0,0,0,0,0,0,;0.0631;2;2;546400;2.00;
37ZHE2JT1D250TKIB56TICN73UM88S.png;0.1772,0.0324,0.0000,0.0000,0.0000,0.0272,0.0189,0.0460,0.0000,0.0000,0.0000,0.0359,0.0000,0.0000,0.0000,0.0255,;6,1,0,0,0,0,0,0,0,0,0,;0.0519;1;1;273200;1.00;
37ZHE2JT1D250TKIB56TICN73UQ88W.png;0.2888,0.2887,0.3428,0.1744,0.0000,0.0000,0.0000,0.0000,0.0000,0.0000,0.0000,0.0000,0.0000,0.0000,0.0000,0.0000,;0,1,2,1,0,0,0,0,0,0,0,;0.2737;3;3;819600;3.00;
37ZUGP9H9BONPT0XCKXE3200JPH817.png;0.2345,0.0509,0.0991,0.2143,0.2116,0.1766,0.2334,0.1880,0.0000,0.0000,0.0000,0.0729,0.0000,0.0000,0.0000,0.0271,;4,2,4,0,0,0,0,0,0,0,0,;0.1508;6;6;1639200;6.00;
37ZUGP9H9BONPT0XCKXE3201JQL81F.png;0.2052,0.0459,0.0000,0.0000,0.0000,0.0000,0.0000,0.0000,0.0000,0.0000,0.0000,0.0000,0.0000,0.0000,0.0000,0.0000,;1,1,0,0,0,0,0,0,0,0,0,;0.1256;1;1;273200;1.00;
38464Y8J3VK9Y56OSLPV9KDIFIGV4J.png;0.0456,0.0397,0.0473,0.0243,0.0309,0.0307,0.0305,0.0147,0.0000,0.0052,0.0000,0.0000,0.0000,0.0054,0.0000,0.0336,;9,0,0,0,0,0,0,0,0,0,0,;0.0280;7;6;1639200;3.50;
389X50RO4VDYCDHURIYQ7760LL5343.png;0.1112,0.1172,0.1491,0.0186,0.0449,0.0453,0.0000,0.0000,0.0000,0.0000,0.0000,0.0000,0.0000,0.0000,0.0000,0.0000,;3,3,0,0,0,0,0,0,0,0,0,;0.0810;3;3;819600;3.00;
38DNTK7MFN2OC2PZPWU81IIJXME01H.png;0.0429,0.0416,0.0783,0.0601,0.0745,0.0533,0.0347,0.0432,0.0000,0.0126,0.0000,0.0216,0.0000,0.0128,0.0000,0.0175,;12,0,0,0,0,0,0,0,0,0,0,;0.0411;7;7;1912400;7.00;
38DNTK7MFN34LCW85JTSAD2CXFQ01S.png;0.4252,0.1573,0.1092,0.0709,0.0847,0.0910,0.0000,0.0000,0.0000,0.0000,0.0000,0.0000,0.0000,0.0000,0.0000,0.0000,;4,1,0,0,1,0,0,0,0,0,0,;0.1564;2;2;546400;2.00;
38DNTK7MFN3UAZX8DF8S385AB3E10K.png;0.3095,0.1487,0.0731,0.1203,0.0288,0.0382,0.0175,0.1193,0.0000,0.0140,0.0000,0.0000,0.0000,0.0311,0.0000,0.0216,;7,3,1,0,0,0,0,0,0,0,0,;0.0838;4;3;819600;2.00;
38FWZZ3ILTDK8ICQRL4PWREV0HIYN7.png;0.1565,0.1247,0.0549,0.0647,0.1044,0.0605,0.0599,0.0937,0.0000,0.0000,0.0000,0.0000,0.0000,0.0000,0.0000,0.0000,;6,2,0,0,0,0,0,0,0,0,0,;0.0899;4;2;546400;4.00;
38GRQLZZQQCOARQX7FK2NWOBS4K0CN.png;0.0000,0.0000,0.0000,0.0000,0.0000,0.0000,0.0000,0.0000,0.0000,0.0000,0.0000,0.0000,0.0000,0.0000,0.0000,0.0000,;0,0,0,0,0,0,0,0,0,0,0,;NaN;0;
38IOEK81UIQHG7BFV93TAAEQ3W496W.png;0.0550,0.0052,0.5660,0.1758,0.0000,0.0000,0.0000,0.0000,0.0000,0.0000,0.0000,0.0000,0.0000,0.0000,0.0000,0.0000,;1,1,0,0,0,1,0,0,0,0,0,;0.2005;1;1;273200;1.00;
38LYNH3Q4ODLGFNEHSAP2J87XNZMGY.png;0.1242,0.2089,0.0000,0.0585,0.0794,0.0308,0.1079,0.0000,0.0000,0.0000,0.0000,0.0000,0.0000,0.0000,0.0000,0.0000,;4,2,0,0,0,0,0,0,0,0,0,;0.1016;3;2;546400;1.50;
38LYNH3Q5PUFYTLC9WG1VAJL0LTGM5.png;0.0880,0.2710,0.0745,0.2787,0.3044,0.1793,0.1687,0.0700,0.0000,0.1171,0.0000,0.1108,0.0000,0.0129,0.0000,0.0000,;4,4,3,0,0,0,0,0,0,0,0,;0.1523;5;5;1366000;5.00;
38MNOT6KWIG21RX6PKH1YJB8VKDT05.png;0.1871,0.0000,0.0000,0.0000,0.0000,0.0000,0.0000,0.0000,0.0000,0.0000,0.0000,0.0000,0.0000,0.0000,0.0000,0.0000,;0,1,0,0,0,0,0,0,0,0,0,;0.1871;1;1;273200;1.00;
38MNOT6KWIG21RX6PKH1YJB8VKDT05_1.png;0.3660,0.4817,0.0000,0.0000,0.0000,0.0000,0.0000,0.0000,0.0000,0.0000,0.0000,0.0000,0.0000,0.0000,0.0000,0.0000,;0,0,0,1,1,0,0,0,0,0,0,;0.4239;1;1;273200;1.00;
38MNOT6KWIG21RX6PKH1YJB8VKDT05_2.png;0.3045,0.1178,0.0000,0.0000,0.0000,0.0000,0.0000,0.0000,0.0000,0.0000,0.0000,0.0000,0.0000,0.0000,0.0000,0.0000,;0,1,1,0,0,0,0,0,0,0,0,;0.2112;1;1;273200;1.00;
38NH2CI7ROPJ1MAJ3F139HJ5CPPVU5.png;0.0988,0.1079,0.4267,0.2730,0.0356,0.0000,0.0000,0.1993,0.0000,0.0000,0.0000,0.0000,0.0000,0.0000,0.0000,0.0812,;4,1,1,0,1,0,0,0,0,0,0,;0.1747;3;2;546400;1.50;
38NH2CI7SPCMWUJ4T62C2GD654VVUY.png;0.1082,0.0143,0.0274,0.0216,0.0280,0.0197,0.0276,0.0264,0.0000,0.0284,0.0000,0.0210,0.0000,0.0285,0.0000,0.0266,;12,0,0,0,0,0,0,0,0,0,0,;0.0315;1;1;273200;1.00;
38VQ1AW9T5WCGLEK2ZAP9I6I4O826I.png;0.0817,0.1622,0.0634,0.0066,0.1563,0.0786,0.0987,0.0903,0.0000,0.0000,0.0000,0.0000,0.0000,0.0000,0.0000,0.0000,;5,2,0,0,0,0,0,0,0,0,0,;0.0922;3;2;546400;1.50;
390EOHYPK4Q05K2TRHZ1W9N0LW8X3W.png;0.0609,0.0656,0.0000,0.0112,0.0000,0.0000,0.0116,0.0167,0.0000,0.0000,0.0000,0.0000,0.0000,0.0116,0.0000,0.0167,;7,0,0,0,0,0,0,0,0,0,0,;0.0278;2;2;546400;2.00;
39393HGTI5QMIY6JHIT1M5IIGWJEOF.png;0.4342,0.1702,0.1535,0.1225,0.2034,0.2195,0.2296,0.1204,0.0000,0.0667,0.0000,0.0106,0.0000,0.0094,0.0000,0.0000,;2,5,2,0,1,0,0,0,0,0,0,;0.1582;5;3;819600;2.50;
394TEHR260P29GUZO0UUQSDZ63O65J.png;0.1917,0.0000,0.0000,0.0000,0.0000,0.0000,0.0000,0.0000,0.0000,0.0000,0.0000,0.0000,0.0000,0.0000,0.0000,0.0000,;0,1,0,0,0,0,0,0,0,0,0,;0.1917;1;1;273200;1.00;
39PLFW4P2L2RPNN40J9QB1XCZ2O4HT.png;0.1661,0.0472,0.0207,0.0284,0.0231,0.0107,0.0152,0.0000,0.0000,0.0152,0.0000,0.0295,0.0000,0.0119,0.0000,0.0283,;10,1,0,0,0,0,0,0,0,0,0,;0.0360;2;2;546400;2.00;
39UNKKTVDF8Y9H8JFO9U930XMBHYGJ.png;0.0159,0.0000,0.0000,0.0000,0.0000,0.0000,0.0000,0.0000,0.0000,0.0000,0.0000,0.0000,0.0000,0.0000,0.0000,0.0000,;1,0,0,0,0,0,0,0,0,0,0,;0.0159;1;1;273200;1.00;
39UNKKTVDFFX9VEX2EW7RYBUQ2JGYD.png;0.0300,0.2889,0.2047,0.0499,0.1021,0.1675,0.0686,0.0492,0.0000,0.0000,0.0000,0.0051,0.0000,0.0000,0.0000,0.0000,;5,2,1,0,0,0,0,0,0,0,0,;0.1073;3;3;819600;3.00;
39VNNFFKK59EW3XI1HP5P046ZAXXVP.png;0.0655,0.0626,0.0217,0.0288,0.0562,0.0572,0.0350,0.0606,0.0000,0.0298,0.0000,0.0318,0.0000,0.0153,0.0000,0.0000,;11,0,0,0,0,0,0,0,0,0,0,;0.0422;5;3;819600;2.50;
39Y8ZSVZWWM1XMK47AFGQNZOPQQVZE.png;0.1345,0.0596,0.1112,0.0495,0.1035,0.0474,0.1510,0.1119,0.0000,0.0000,0.0000,0.0929,0.0000,0.0725,0.0000,0.0650,;7,4,0,0,0,0,0,0,0,0,0,;0.0908;6;5;1366000;3.00;
39Y8ZSVZXXM4Z9DMIL8I9OJZBK9VZ6.png;0.1170,0.4246,0.2905,0.0408,0.0841,0.0000,0.0000,0.0000,0.0000,0.0000,0.0000,0.0000,0.0000,0.0000,0.0000,0.0000,;2,1,1,0,1,0,0,0,0,0,0,;0.1914;2;2;546400;2.00;
3AA189Q6B51983MEFLORU493K7KMWE.png;0.0719,0.2590,0.0867,0.0000,0.0102,0.0484,0.0348,0.0071,0.0000,0.0000,0.0000,0.0000,0.0000,0.0000,0.0000,0.0000,;5,0,1,0,0,0,0,0,0,0,0,;0.0740;2;2;546400;2.00;
3AA189Q6B52Z6L7EV3NS06BHCKRWMY.png;0.1569,0.3208,0.0717,0.2938,0.0749,0.0010,0.0498,0.0128,0.0000,0.0000,0.0000,0.0000,0.0000,0.0000,0.0000,0.0000,;4,1,1,1,0,0,0,0,0,0,0,;0.1227;3;3;819600;3.00;
3AA189Q6C6N6C9XRHK508ZBLMH8WM3.png;0.1592,0.1161,0.0315,0.0000,0.0370,0.0000,0.0000,0.0089,0.0000,0.0000,0.0000,0.0000,0.0000,0.0000,0.0000,0.0000,;2,2,0,0,0,0,0,0,0,0,0,;0.0705;2;2;546400;2.00;
3AA189Q6C6TLNJILLV2LOGYDJT7MWV.png;0.1360,0.1549,0.1376,0.1755,0.0876,0.0183,0.0278,0.0000,0.0000,0.0481,0.0000,0.0000,0.0000,0.0278,0.0000,0.0000,;5,4,0,0,0,0,0,0,0,0,0,;0.0904;4;4;1092800;4.00;
3AJ89545NQHYX91N7X3ADUYHKVTBEA.png;0.1492,0.1279,0.0402,0.0065,0.0563,0.0453,0.0540,0.0712,0.0000,0.1930,0.0000,0.1465,0.0000,0.1429,0.0000,0.2785,;5,5,1,0,0,0,0,0,0,0,0,;0.1093;6;4;1092800;3.00;
3AJ89545NQRFJUS6JU65GFBBEJ7BEW.png;0.2312,0.1303,0.0000,0.0065,0.1233,0.0081,0.0000,0.0000,0.0000,0.0000,0.0000,0.0000,0.0000,0.0000,0.0000,0.0000,;0,2,1,0,0,0,0,0,0,0,0,;0.0999;3;2;546400;1.50;
3AMAQJSW8I20H10ADEKNBNOAVRROI5.png;0.1027,0.0000,0.0000,0.0000,0.0000,0.0000,0.0000,0.0000,0.0000,0.0000,0.0000,0.0000,0.0000,0.0000,0.0000,0.0000,;1,0,0,0,0,0,0,0,0,0,0,;0.1027;1;1;273200;1.00;
3B9PUZPHFHW5PZT5Q7OV88NG9W6JA5.png;0.0790,0.2544,0.0422,0.1245,0.0000,0.0278,0.0000,0.0000,0.0000,0.0000,0.0000,0.0278,0.0000,0.0000,0.0000,0.0000,;4,1,1,0,0,0,0,0,0,0,0,;0.0926;2;2;546400;2.00;
3BGEFHL0JHEL8I3UU0A0G1OJRYOJBS.png;0.1550,0.0354,0.3031,0.1423,0.1897,0.2309,0.2247,0.0410,0.0000,0.0213,0.0000,0.0902,0.0000,0.1220,0.0000,0.0478,;5,4,3,0,0,0,0,0,0,0,0,;0.1336;6;6;1639200;6.00;
3BHOG8KFNLAK9AB1ZQLEP6Q0T3RR81.png;0.1085,0.4334,0.2478,0.2704,0.0889,0.3909,0.3236,0.3074,0.0000,0.0000,0.0000,0.1130,0.0000,0.0397,0.0000,0.0357,;4,1,3,2,1,0,0,0,0,0,0,;0.2145;6;6;1639200;6.00;
3BK5FW2G6MZ18ENS8D29GOXE9AHRCA.png;0.0651,0.1544,0.2174,0.0000,0.0000,0.0000,0.0000,0.0000,0.0000,0.0000,0.0000,0.0000,0.0000,0.0000,0.0000,0.0000,;1,1,1,0,0,0,0,0,0,0,0,;0.1457;2;2;546400;2.00;
3BRG9Q58M1LAH7AQ01RWX47CRWFYQ2.png;0.0000,0.2532,0.0000,0.1313,0.1049,0.0777,0.0627,0.0378,0.0000,0.0000,0.0000,0.0000,0.0000,0.0000,0.0000,0.0000,;4,1,1,0,0,0,0,0,0,0,0,;0.1113;2;2;546400;2.00;
3BZN229KV5TWHZF32GLR8LCC1TX6DS.png;0.0583,0.1173,0.0715,0.1207,0.0125,0.0000,0.0000,0.0281,0.0000,0.0000,0.0000,0.0000,0.0000,0.0000,0.0000,0.0000,;4,2,0,0,0,0,0,0,0,0,0,;0.0681;3;3;819600;3.00;
3C2UN3Y7UJLGZT23JF159R7GHEFMFI.png;0.1750,0.1624,0.2533,0.2206,0.2348,0.3213,0.2330,0.2517,0.0000,0.1687,0.0000,0.0157,0.0000,0.0099,0.0000,0.1310,;1,4,5,1,0,0,0,0,0,0,0,;0.1814;6;6;1639200;6.00;
3CF7EZI55RWEYNZ9U956QWWUG93IL2.png;0.0827,0.2363,0.0914,0.1145,0.0990,0.0358,0.0549,0.0515,0.0000,0.0047,0.0000,0.0030,0.0000,0.0318,0.0000,0.0000,;7,1,1,0,0,0,0,0,0,0,0,;0.0732;5;5;1366000;5.00;
3CP9VRCFS74RV9VXRUIMMBYWTQDUEZ.png;0.0058,0.0480,0.1155,0.0000,0.0000,0.0000,0.0000,0.0000,0.0000,0.0000,0.0000,0.0000,0.0000,0.0000,0.0000,0.0000,;1,1,0,0,0,0,0,0,0,0,0,;0.0564;1;1;273200;1.00;
3CTCX9NXB5M1LSUM0XPXZV8QE2WLJA.png;0.1824,0.1772,0.0019,0.1409,0.0577,0.1354,0.2882,0.3970,0.0000,0.5813,0.0000,0.0000,0.0000,0.1306,0.0000,0.0895,;2,5,1,1,0,1,0,0,0,0,0,;0.1984;3;3;819600;3.00;
3CTCX9NXC67QIV0KKFDEFSMCFTJJLN.png;0.0123,0.4743,0.5612,0.5329,0.1609,0.0922,0.0000,0.0000,0.0000,0.1359,0.0000,0.0000,0.0000,0.0000,0.0000,0.0000,;2,2,0,0,1,2,0,0,0,0,0,;0.2814;3;3;819600;3.00;
3CVHT3IKUYKSX9WRAWTF52715RU0R4.png;0.2363,0.2541,0.0758,0.1609,0.1609,0.1710,0.0000,0.0611,0.0000,0.0000,0.0000,0.0000,0.0000,0.0000,0.0000,0.0611,;3,3,2,0,0,0,0,0,0,0,0,;0.1476;5;5;1366000;5.00;
3CYDGW98NMPSZAAQ0W8MOBJZSSBOM6.png;0.1176,0.2957,0.0759,0.0754,0.1881,0.1125,0.0821,0.0922,0.0000,0.0900,0.0000,0.0820,0.0000,0.0818,0.0000,0.0929,;8,3,1,0,0,0,0,0,0,0,0,;0.1155;3;2;546400;1.50;
3D00S7P7YG22I1NWJE5APKC40DIEZA.png;0.0976,0.3382,0.0230,0.0783,0.0156,0.0000,0.0000,0.0000,0.0000,0.0000,0.0000,0.0000,0.0000,0.0000,0.0000,0.0000,;4,0,0,1,0,0,0,0,0,0,0,;0.1105;1;1;273200;1.00;
3D3KZYB02J3NX4IAX3WJJNSJTAYV8O.png;0.0069,0.5030,0.2510,0.0000,0.0000,0.2137,0.0000,0.0000,0.0000,0.0000,0.0000,0.0000,0.0000,0.0000,0.0000,0.0000,;0,0,2,0,1,0,0,0,0,0,0,;0.2436;2;2;546400;2.00;
3D3KZYB03KLUXQ4AWC4FKH86OYE8VD.png;0.1790,0.1035,0.0000,0.0000,0.0000,0.0000,0.0000,0.0000,0.0000,0.0000,0.0000,0.0000,0.0000,0.0000,0.0000,0.0000,;1,1,0,0,0,0,0,0,0,0,0,;0.1412;1;1;273200;1.00;
3D3X1L1OBIRB9XRZKHJ79UYYYTK1VU.png;0.0597,0.0582,0.0639,0.0669,0.0488,0.0497,0.0493,0.0536,0.0000,0.0728,0.0000,0.0591,0.0000,0.0706,0.0000,0.0524,;12,0,0,0,0,0,0,0,0,0,0,;0.0587;6;3;819600;6.00;
3D3X1L1OBIRB9XRZKHJ79UYYYTK1VU_1.png;0.0853,0.0713,0.1013,0.0000,0.0000,0.0675,0.0000,0.0000,0.0000,0.0000,0.0000,0.0000,0.0000,0.0000,0.0000,0.0000,;4,0,0,0,0,0,0,0,0,0,0,;0.0814;2;2;546400;2.00;
3D3X1L1OBIRB9XRZKHJ79UYYYTK1VU_2.png;0.0832,0.0256,0.0757,0.0306,0.0633,0.0568,0.0289,0.0783,0.0000,0.1106,0.0000,0.0860,0.0000,0.0252,0.0000,0.1304,;10,2,0,0,0,0,0,0,0,0,0,;0.0662;6;3;819600;2.00;
3D7N1211O74L32LV8ZFDVQWGH61MAZ.png;0.0000,0.0356,0.0756,0.0272,0.2571,0.0453,0.1275,0.0268,0.0000,0.0000,0.0000,0.0000,0.0000,0.0000,0.0000,0.0000,;5,1,1,0,0,0,0,0,0,0,0,;0.0850;2;2;546400;2.00;
3D7N1211P8PBU1MJEXLJFBT15KWAMH.png;0.1777,0.0352,0.0558,0.0540,0.0529,0.0650,0.0494,0.0426,0.0000,0.0208,0.0000,0.0169,0.0000,0.0000,0.0000,0.0167,;10,1,0,0,0,0,0,0,0,0,0,;0.0534;4;4;1092800;4.00;
3D8B00U52IVJZWECZOBXRVFXL2U83O.png;0.1741,0.0358,0.0322,0.0187,0.0551,0.0000,0.0000,0.0000,0.0000,0.0656,0.0000,0.0000,0.0000,0.0000,0.0000,0.0000,;5,1,0,0,0,0,0,0,0,0,0,;0.0636;2;1;273200;2.00;
3D8B00U52IVJZWECZOBXRVFYHAV833.png;0.1613,0.0062,0.0000,0.0010,0.0000,0.0000,0.1304,0.0288,0.0000,0.0000,0.0000,0.0000,0.0000,0.0000,0.0000,0.0000,;1,2,0,0,0,0,0,0,0,0,0,;0.0655;2;1;273200;2.00;
3DBJK6OC3AF4JLMP40JUKZIT4XNYF3.png;0.2706,0.4342,0.0165,0.0913,0.0525,0.1971,0.0000,0.0548,0.0000,0.0611,0.0000,0.2226,0.0000,0.0000,0.0000,0.0458,;6,1,2,0,1,0,0,0,0,0,0,;0.1447;4;2;546400;2.00;
3DCXWU0MSDB2RCYGDPZ82R371ZGTVX.png;0.0000,0.2627,0.1885,0.1696,0.1063,0.1528,0.0054,0.0000,0.0000,0.0000,0.0000,0.0000,0.0000,0.0000,0.0000,0.0000,;1,3,1,0,0,0,0,0,0,0,0,;0.1476;4;4;1092800;4.00;
3DECMKXKT815JCLN1RI1KKDJDFAMBB.png;0.3680,0.1992,0.2091,0.3234,0.0711,0.3077,0.1765,0.4525,0.0000,0.0000,0.0000,0.0095,0.0000,0.0000,0.0000,0.1162,;1,4,1,2,1,0,0,0,0,0,0,;0.2233;4;4;1092800;4.00;
3DHOXWJRSC3OAPE5AL86OV64DJCT3O.png;0.2333,0.3278,0.3341,0.0998,0.1289,0.0840,0.0675,0.0000,0.0000,0.0022,0.0000,0.0000,0.0000,0.0381,0.0000,0.0000,;4,1,1,2,0,0,0,0,0,0,0,;0.1462;3;3;819600;3.00;
3DPZKFEUURUGTQUQB4SOUUG5ZFPI4V.png;0.1206,0.2142,0.1510,0.2194,0.2229,0.0782,0.0201,0.0013,0.0000,0.0426,0.0000,0.0003,0.0000,0.0000,0.0000,0.0000,;3,2,3,0,0,0,0,0,0,0,0,;0.1071;5;5;1366000;5.00;
3DPZKFEUVSIPT2ERNEAT4GS1UAKI44.png;0.0000,0.4074,0.3392,0.2400,0.1383,0.1804,0.2593,0.0000,0.0000,0.0000,0.0000,0.0474,0.0000,0.2025,0.0000,0.0000,;1,3,2,2,0,0,0,0,0,0,0,;0.2268;4;3;819600;2.00;
3DXFGU9SKN7P79WJOTN6EK4MLG3EXS.png;0.1492,0.1588,0.1063,0.0717,0.0151,0.0444,0.0331,0.0242,0.0000,0.0000,0.0000,0.0238,0.0000,0.0000,0.0000,0.0238,;8,2,0,0,0,0,0,0,0,0,0,;0.0651;4;4;1092800;4.00;
3DXFGU9SKNVTS8DGXQ8KL6UJIRCXE8.png;0.1255,0.1767,0.0072,0.0000,0.0000,0.0911,0.2352,0.2709,0.0000,0.0000,0.0000,0.0209,0.0000,0.0594,0.0000,0.0891,;4,2,2,0,0,0,0,0,0,0,0,;0.1195;4;2;546400;4.00;
3DXFGU9SLODY46WA7XIQCVBUTMKEXQ.png;0.2743,0.3460,0.2568,0.2407,0.0415,0.0126,0.0060,0.0136,0.0000,0.0000,0.0000,0.0000,0.0000,0.0000,0.0000,0.0000,;3,0,3,1,0,0,0,0,0,0,0,;0.1489;4;4;1092800;4.00;
3E9JM64F23SDM8DQUQW3OKIR1A0NP8.png;0.2422,0.1768,0.0000,0.0000,0.0000,0.0000,0.1032,0.2094,0.0000,0.0000,0.0000,0.0000,0.0000,0.0014,0.0000,0.0861,;2,2,1,0,0,0,0,0,0,0,0,;0.1365;3;2;546400;1.50;
3EGCY5R6XYZQLTGPWNN8D6V7K3JYA2.png;0.2011,0.1168,0.2343,0.2751,0.2028,0.1609,0.2359,0.1626,0.0000,0.1107,0.0000,0.0603,0.0000,0.1291,0.0000,0.0926,;2,7,3,0,0,0,0,0,0,0,0,;0.1652;5;5;1366000;5.00;
3EJ1F91ANSU6O8N3S3NGZ4GVCA2IZW.png;0.0000,0.2453,0.1530,0.0000,0.0000,0.0090,0.0171,0.0000,0.0000,0.0000,0.0000,0.0000,0.0000,0.0000,0.0000,0.0000,;1,1,1,0,0,0,0,0,0,0,0,;0.1061;2;2;546400;2.00;
3EOZAW7619J5YKCNUIDNV84T8098HV.png;0.3824,0.1975,0.0846,0.1555,0.1239,0.2998,0.2714,0.6066,0.0000,0.0066,0.0000,0.0441,0.0000,0.2123,0.0000,0.5903,;2,3,3,1,0,2,0,0,0,0,0,;0.2479;5;3;819600;2.50;
3EOZAW762AHX3MFSNYKKE4EQ4INH8Q.png;0.1628,0.1292,0.0803,0.4448,0.3107,0.0121,0.0120,0.0248,0.0000,0.0496,0.0000,0.0137,0.0000,0.0135,0.0000,0.0268,;8,2,0,1,1,0,0,0,0,0,0,;0.1067;4;4;1092800;4.00;
3ERG9KP7KAETHL286FNRQ00RYLWCHM.png;0.2721,0.0400,0.0680,0.0318,0.1008,0.0275,0.0593,0.1038,0.0000,0.0645,0.0000,0.0088,0.0000,0.0189,0.0000,0.0161,;10,0,1,0,0,0,0,0,0,0,0,;0.0676;4;4;1092800;4.00;
3EULM6QNGEDGI0DDZ62WA3R8YV4JXB.png;0.0835,0.0944,0.0000,0.0000,0.0278,0.0000,0.0000,0.0000,0.0000,0.0278,0.0000,0.0000,0.0000,0.0000,0.0000,0.0000,;4,0,0,0,0,0,0,0,0,0,0,;0.0584;2;2;546400;2.00;
3EX6YJ62T6GKTDIQJCCYD4JMD62ZJG.png;0.1007,0.2021,0.0371,0.0000,0.0000,0.0366,0.0677,0.1018,0.0000,0.0000,0.0000,0.0304,0.0000,0.0553,0.0000,0.0849,;8,1,0,0,0,0,0,0,0,0,0,;0.0796;4;2;546400;2.00;
3EXC7SWSR38EV80UNYXZTOBA3ESHT8.png;0.0887,0.0861,0.0518,0.0421,0.0647,0.0000,0.0000,0.0000,0.0000,0.0604,0.0000,0.0000,0.0000,0.0000,0.0000,0.0000,;6,0,0,0,0,0,0,0,0,0,0,;0.0656;2;2;546400;2.00;
3F0Z1FPMUNUP6TOTMH2XGS6T5GJLYU.png;0.0477,0.0000,0.0836,0.0000,0.2255,0.2072,0.3719,0.0000,0.0000,0.1414,0.0000,0.0902,0.0000,0.0000,0.0000,0.0000,;3,2,1,1,0,0,0,0,0,0,0,;0.1668;3;3;819600;3.00;
3F0Z1FPMUNWB7D1EFV5M6IVBAHELYR.png;0.0398,0.2481,0.1772,0.0847,0.2802,0.0804,0.0284,0.0278,0.0000,0.0000,0.0000,0.0000,0.0000,0.0000,0.0000,0.0000,;5,1,2,0,0,0,0,0,0,0,0,;0.1208;3;3;819600;3.00;
3F12ASV6AWHSTTB7IFZKMVGLLVZM46.png;0.1085,0.3528,0.2792,0.2461,0.0745,0.0501,0.1039,0.0557,0.0000,0.0000,0.0000,0.0000,0.0000,0.0000,0.0000,0.0000,;5,0,2,1,0,0,0,0,0,0,0,;0.1589;3;3;819600;3.00;
3F2SNR5B8MKSI92Q9DG0FV11BKO0HL.png;0.0637,0.0303,0.0426,0.0184,0.0050,0.0276,0.0374,0.0251,0.0000,0.0000,0.0000,0.0000,0.0000,0.0000,0.0000,0.0000,;7,0,0,0,0,0,0,0,0,0,0,;0.0313;3;2;546400;1.50;
3FKD865UZQBJZ4661LLBINGEMFPMUJ.png;0.2227,0.1629,0.3126,0.1789,0.0000,0.0000,0.0000,0.0000,0.0000,0.0000,0.0000,0.0000,0.0000,0.0000,0.0000,0.0000,;0,2,1,1,0,0,0,0,0,0,0,;0.2193;2;2;546400;2.00;
3FKD865UZQBJZ4661LLBINGENHPMUO.png;0.1604,0.0985,0.2295,0.1437,0.0000,0.0000,0.0000,0.0000,0.0000,0.0000,0.0000,0.0000,0.0000,0.0000,0.0000,0.0000,;1,2,1,0,0,0,0,0,0,0,0,;0.1580;2;2;546400;2.00;
3FKD865UZQG0HB1FDHAJVT0FL3FMUG.png;0.0887,0.1801,0.1057,0.0999,0.0384,0.0334,0.0000,0.0000,0.0000,0.0000,0.0000,0.0000,0.0000,0.0000,0.0000,0.0000,;5,1,0,0,0,0,0,0,0,0,0,;0.0910;3;3;819600;3.00;
3FOA7RUSUPLLDDXZNITMB1EHL6FPGL.png;0.1478,0.3972,0.1276,0.0000,0.0000,0.0000,0.0274,0.1317,0.0000,0.0173,0.0000,0.1241,0.0000,0.0000,0.0000,0.0892,;3,4,0,1,0,0,0,0,0,0,0,;0.1328;2;2;546400;2.00;
3FQJF6D1R1SUSJ130G368H5I02G92S.png;0.4022,0.3023,0.1743,0.2036,0.0170,0.0000,0.0000,0.0000,0.0000,0.0000,0.0000,0.0000,0.0000,0.0000,0.0000,0.0000,;1,2,1,1,0,0,0,0,0,0,0,;0.2199;2;2;546400;2.00;
3FQJF6D1S2STVEIP11IICRPWDI892M.png;0.3485,0.2320,0.0000,0.0000,0.0000,0.0000,0.0000,0.0000,0.0000,0.0000,0.0000,0.0000,0.0000,0.0000,0.0000,0.0000,;0,0,1,1,0,0,0,0,0,0,0,;0.2903;1;1;273200;1.00;
3G2I6FODBC43UCDM72LBPP8Z9I0L60.png;0.0996,0.0764,0.0000,0.0000,0.0000,0.0000,0.0000,0.0000,0.0000,0.0000,0.0000,0.0000,0.0000,0.0000,0.0000,0.0000,;2,0,0,0,0,0,0,0,0,0,0,;0.0880;1;1;273200;1.00;
3GAR7VLBJNDRH4HH5ZWWCFRBGXZ4Y9.png;0.1934,0.2806,0.2348,0.1167,0.2427,0.2697,0.1423,0.1023,0.0000,0.1373,0.0000,0.1184,0.0000,0.0733,0.0000,0.0000,;2,5,4,0,0,0,0,0,0,0,0,;0.1738;5;5;1366000;5.00;
3GAR7VLBJNEKQVA3XEJQ66MZFEXY4T.png;0.2504,0.1108,0.0375,0.0261,0.0192,0.0138,0.0209,0.0292,0.0000,0.0000,0.0000,0.0000,0.0000,0.0000,0.0000,0.0000,;6,1,1,0,0,0,0,0,0,0,0,;0.0635;2;2;546400;2.00;
3GBCJUK5C2GRHG97MHYVG9NBQMOPK9.png;0.0122,0.4218,0.2532,0.1259,0.1106,0.0000,0.0000,0.1412,0.0000,0.0000,0.0000,0.0000,0.0000,0.0000,0.0000,0.0000,;1,3,1,0,1,0,0,0,0,0,0,;0.1775;2;2;546400;2.00;
3GBCJUK5C2NMDEDWS686X6QI2G8KP3.png;0.0000,0.0000,0.0000,0.0000,0.0000,0.0000,0.0000,0.0000,0.0000,0.0000,0.0000,0.0000,0.0000,0.0000,0.0000,0.0000,;0,0,0,0,0,0,0,0,0,0,0,;NaN;0;
3GC8IVJ10EOCB71QWZ4YFX98VOS9NN.png;0.1681,0.0000,0.0000,0.1133,0.2750,0.2663,0.2491,0.1672,0.0000,0.0119,0.0000,0.0000,0.0000,0.1653,0.0000,0.0488,;2,4,3,0,0,0,0,0,0,0,0,;0.1628;6;4;1092800;3.00;
3GRRK9BQWRDBESRD36S5634M392PD9.png;0.0000,0.0000,0.0000,0.0000,0.0745,0.0211,0.0540,0.0619,0.0000,0.0195,0.0000,0.0000,0.0000,0.0000,0.0000,0.0000,;5,0,0,0,0,0,0,0,0,0,0,;0.0462;3;3;819600;3.00;
3GRRK9BQWRPD54OGKFA4YQ8537VPDJ.png;0.2220,0.0945,0.0000,0.0110,0.0113,0.0008,0.0101,0.0000,0.0000,0.0114,0.0000,0.0008,0.0000,0.0103,0.0000,0.0000,;6,0,1,0,0,0,0,0,0,0,0,;0.0414;2;2;546400;2.00;
3GZMSD8U5X9MRGKQIZ546O8UKB695Q.png;0.2228,0.0000,0.1818,0.1723,0.2512,0.1877,0.1085,0.0699,0.0000,0.0000,0.0000,0.0000,0.0000,0.0000,0.0000,0.0000,;2,3,2,0,0,0,0,0,0,0,0,;0.1706;5;5;1366000;5.00;
3GZMSD8U5X9MRGKQIZ546O8UKC795T.png;0.2071,0.0295,0.1474,0.0583,0.0137,0.0397,0.1907,0.2556,0.0000,0.0035,0.0000,0.0125,0.0000,0.0000,0.0000,0.0000,;5,3,1,0,0,0,0,0,0,0,0,;0.0958;4;2;546400;4.00;
3GZMSD8U6Y8M82W4VRHXFG1G1IS95R.png;0.0000,0.2954,0.0773,0.1409,0.1147,0.0000,0.0000,0.0000,0.0000,0.0000,0.0000,0.0000,0.0000,0.0000,0.0000,0.0000,;1,2,1,0,0,0,0,0,0,0,0,;0.1571;1;1;273200;1.00;
3H41Q6XMRNJ731MM548PSMBGOYMG2I.png;0.2135,0.2870,0.1231,0.0543,0.0581,0.0495,0.0681,0.0535,0.0000,0.0000,0.0000,0.0000,0.0000,0.0000,0.0000,0.0000,;5,1,2,0,0,0,0,0,0,0,0,;0.1134;3;3;819600;3.00;
3H41Q6XMRNUCK2PCFPR6Y35LJFT2GW.png;0.0000,0.0000,0.1434,0.0000,0.0000,0.0428,0.0000,0.0000,0.0000,0.0000,0.0000,0.0125,0.0000,0.0000,0.0000,0.0000,;2,1,0,0,0,0,0,0,0,0,0,;0.0662;1;1;273200;1.00;
3H5CSD5832HNKRNN8SDJ6TWED17E80.png;0.0341,0.1640,0.2634,0.1168,0.1316,0.3476,0.1403,0.0291,0.0000,0.0589,0.0000,0.2335,0.0000,0.0525,0.0000,0.0000,;4,4,2,1,0,0,0,0,0,0,0,;0.1429;4;3;819600;2.00;
3H5CSD5832HNKRNN8SDJ6TWL583E8G.png;0.0277,0.1957,0.0000,0.0384,0.0068,0.0000,0.0000,0.0000,0.0000,0.0266,0.0000,0.0000,0.0000,0.0000,0.0000,0.0000,;3,1,0,0,0,0,0,0,0,0,0,;0.0590;1;1;273200;1.00;
3HBZ8AD97D3GZ7VEBIN9M1728BDNN9.png;0.1351,0.0402,0.0000,0.0000,0.1400,0.0000,0.0000,0.1160,0.0000,0.1402,0.0000,0.0000,0.0000,0.0000,0.0000,0.1173,;1,5,0,0,0,0,0,0,0,0,0,;0.1148;5;3;819600;2.50;
3HBZ8AD97D3GZ7VEBIN9M18U9EHNN5.png;0.0727,0.1140,0.0957,0.1203,0.0850,0.0732,0.0835,0.1157,0.0000,0.0082,0.0000,0.0086,0.0000,0.0039,0.0000,0.0039,;5,3,0,0,0,0,0,0,0,0,0,;0.0654;8;8;2185600;8.00;
3HL3WX653BXN6QCFW6M6ATC7KPGPQT.png;0.3845,0.2248,0.0000,0.0497,0.0109,0.0920,0.0973,0.0709,0.0000,0.0069,0.0000,0.0694,0.0000,0.0740,0.0000,0.0611,;8,0,1,1,0,0,0,0,0,0,0,;0.1038;2;2;546400;2.00;
3HQI26VRPRS5H4RSBPY2KOCMRQ13R0.png;0.0634,0.0829,0.0506,0.0621,0.0614,0.0588,0.1161,0.0000,0.0000,0.0000,0.0000,0.0000,0.0000,0.0000,0.0000,0.0000,;6,1,0,0,0,0,0,0,0,0,0,;0.0708;2;1;273200;2.00;
3HVLA9UQN4GKVQOHDHMDH1A7KETU66.png;0.1477,0.2200,0.1634,0.1680,0.1201,0.0511,0.0730,0.1181,0.0000,0.0000,0.0000,0.0000,0.0000,0.0000,0.0000,0.0573,;3,5,1,0,0,0,0,0,0,0,0,;0.1243;4;4;1092800;4.00;
3HYDIS22CWMMEZBE3G64NG7ZMZON5V.png;0.4317,0.3606,0.1304,0.0000,0.0000,0.0296,0.0000,0.0227,0.0000,0.0000,0.0000,0.0083,0.0000,0.0000,0.0000,0.0000,;2,1,0,1,1,0,0,0,0,0,0,;0.1639;2;2;546400;2.00;
3HYDIS22DXJRRCQBI3AE9ELUHK15NC.png;0.0886,0.0002,0.0000,0.0000,0.0016,0.0003,0.0000,0.0000,0.0000,0.1025,0.0000,0.0741,0.0000,0.1118,0.0000,0.0000,;3,1,0,0,0,0,0,0,0,0,0,;0.0542;4;3;819600;2.00;
3I21NMEA63DY0BA82BXKKSLPMBYSHT.png;0.2605,0.1022,0.1885,0.2030,0.0929,0.1607,0.0302,0.0703,0.0000,0.0000,0.0000,0.0110,0.0000,0.0586,0.0000,0.0339,;7,3,1,0,0,0,0,0,0,0,0,;0.1102;4;4;1092800;4.00;
3I21NMEA63DY0BA82BXKKSLPMBYSHT_1.png;0.2017,0.3031,0.1537,0.1142,0.2682,0.3443,0.2135,0.1249,0.0000,0.0000,0.0000,0.0316,0.0000,0.0384,0.0000,0.0502,;3,4,3,1,0,0,0,0,0,0,0,;0.1676;5;3;819600;2.50;
3I21NMEA63DY0BA82BXKKSLPMBYSHT_2.png;0.2060,0.2358,0.1497,0.1444,0.2295,0.0920,0.1355,0.1272,0.0000,0.0152,0.0000,0.0000,0.0000,0.0000,0.0000,0.0436,;3,5,2,0,0,0,0,0,0,0,0,;0.1379;5;5;1366000;5.00;
3I3RVCR3FK2XEB4GMX9G7IJ2RLH6XI.png;0.0917,0.0389,0.0000,0.0000,0.0000,0.0000,0.0213,0.0000,0.0000,0.0000,0.0000,0.0075,0.0000,0.0489,0.0000,0.0223,;5,0,0,0,0,0,0,0,0,0,0,;0.0384;3;2;546400;1.50;
3I5ZXD44IULX7AZS354F5V5W46GJCA.png;0.0277,0.1680,0.0000,0.0000,0.0157,0.0227,0.0278,0.0000,0.0000,0.0127,0.0000,0.0113,0.0000,0.0494,0.0000,0.0135,;8,1,0,0,0,0,0,0,0,0,0,;0.0388;2;1;273200;2.00;
3I5ZXD44JV69M8DWVE4I5ER80XVCJX.png;0.1164,0.0579,0.0528,0.0514,0.0584,0.0496,0.0523,0.0511,0.0000,0.0169,0.0000,0.0083,0.0000,0.0160,0.0000,0.0069,;9,1,0,0,0,0,0,0,0,0,0,;0.0448;8;8;2185600;8.00;
3I5ZXD44JV69M8DWVE4I5ER80XVCJX_1.png;0.2327,0.0574,0.0153,0.0614,0.0551,0.0388,0.0875,0.0387,0.0000,0.0018,0.0000,0.0034,0.0000,0.0324,0.0000,0.0000,;8,0,1,0,0,0,0,0,0,0,0,;0.0568;4;3;819600;2.00;
3I5ZXD44JV69M8DWVE4I5ER80XVCJX_2.png;0.1664,0.0323,0.0596,0.0652,0.0466,0.0566,0.0581,0.0595,0.0000,0.0130,0.0000,0.0128,0.0000,0.0133,0.0000,0.0126,;11,1,0,0,0,0,0,0,0,0,0,;0.0497;6;6;1639200;6.00;
3I5ZXD44JVHG9J4AOHWFS96B5XBJCP.png;0.1605,0.1342,0.0357,0.0000,0.1122,0.0460,0.0738,0.0712,0.0000,0.0026,0.0000,0.0000,0.0000,0.0000,0.0000,0.0107,;5,3,0,0,0,0,0,0,0,0,0,;0.0719;4;2;546400;4.00;
3ID43DSF5JBJ2SZGW2H8HR9RGRT5G5.png;0.0631,0.0000,0.0135,0.0579,0.0894,0.0000,0.0000,0.0000,0.0000,0.0000,0.0000,0.0000,0.0000,0.0000,0.0000,0.0000,;4,0,0,0,0,0,0,0,0,0,0,;0.0560;3;3;819600;3.00;
3IE95L92ROOBGIB0W5PPNWUUL5E7M3.png;0.0887,0.0522,0.0000,0.0604,0.0000,0.0000,0.0000,0.0000,0.0000,0.0000,0.0000,0.0000,0.0000,0.0000,0.0000,0.0000,;3,0,0,0,0,0,0,0,0,0,0,;0.0671;1;1;273200;1.00;
3IOQH27Z2E4FFLJVR8TNNB4HIMC1IN.png;0.2594,0.2355,0.0000,0.0000,0.0000,0.0000,0.0000,0.0000,0.0000,0.0601,0.0000,0.0089,0.0000,0.1805,0.0000,0.1987,;1,2,2,0,0,0,0,0,0,0,0,;0.1572;4;2;546400;4.00;
3IR329NZ7YGB0BGT612CO4BTUIW2K0.png;0.0000,0.0000,0.0000,0.0000,0.0000,0.0000,0.0000,0.0000,0.0000,0.0000,0.0000,0.0000,0.0000,0.0000,0.0000,0.0000,;0,0,0,0,0,0,0,0,0,0,0,;NaN;0;
3IRUE3ZCDH3J5468JOOGJ1Y2ZWZIC5.png;0.1816,0.2194,0.1671,0.2990,0.1482,0.0046,0.0159,0.0153,0.0000,0.0323,0.0000,0.0130,0.0000,0.1894,0.0000,0.2564,;4,4,3,0,0,0,0,0,0,0,0,;0.1285;7;5;1366000;3.50;
3IXQCB6XI8S61DI53P5ICGI2I9BTIR.png;0.2063,0.2436,0.3572,0.1960,0.1528,0.1496,0.1507,0.0827,0.0000,0.0977,0.0000,0.1101,0.0000,0.1124,0.0000,0.0180,;3,7,1,1,0,0,0,0,0,0,0,;0.1564;4;4;1092800;4.00;
3J06FGISLU272UJU8S9F5O38AK5K50.png;0.1237,0.1474,0.1145,0.1152,0.0642,0.0494,0.0870,0.1129,0.0000,0.0604,0.0000,0.0271,0.0000,0.0615,0.0000,0.0767,;7,5,0,0,0,0,0,0,0,0,0,;0.0867;6;4;1092800;3.00;
3J06FGISMVRO4EVZMT2NFJ1KME95KI.png;0.2413,0.0550,0.0000,0.0353,0.1803,0.0000,0.0000,0.0000,0.0000,0.0000,0.0000,0.0000,0.0000,0.0000,0.0000,0.0000,;2,1,1,0,0,0,0,0,0,0,0,;0.1280;2;1;273200;2.00;
3J567DP9LLBDQUW0322ZJ0FWFWZFPB.png;0.1812,0.1924,0.0450,0.0000,0.0736,0.1485,0.0968,0.1369,0.0000,0.0063,0.0000,0.0266,0.0000,0.0581,0.0000,0.0687,;6,4,0,0,0,0,0,0,0,0,0,;0.0940;5;3;819600;2.50;
3J5HEGTZRLQ9SE8SW9LZS2A15OXGGI.png;0.0000,0.0000,0.0000,0.0000,0.0000,0.0000,0.0000,0.0000,0.0000,0.0000,0.0000,0.0000,0.0000,0.0000,0.0000,0.0000,;0,0,0,0,0,0,0,0,0,0,0,;NaN;0;
3JCELWMC4PY7J05E7LXQXNDWO6Y3V4.png;0.1163,0.1256,0.0391,0.0471,0.0473,0.0447,0.0540,0.0380,0.0000,0.0262,0.0000,0.0274,0.0000,0.0341,0.0000,0.0220,;10,2,0,0,0,0,0,0,0,0,0,;0.0518;3;2;546400;1.50;
3JG2O8WUZH7UTHWSYCP6CNBWVH79WZ.png;0.0850,0.1194,0.0614,0.1126,0.0211,0.0326,0.0565,0.0278,0.0000,0.0000,0.0000,0.0291,0.0000,0.0000,0.0000,0.0000,;7,2,0,0,0,0,0,0,0,0,0,;0.0606;4;4;1092800;4.00;
3JGBBKK855Q5HY1J6RVO56S97I9J0I.png;0.0086,0.3683,0.1588,0.0147,0.0087,0.0089,0.0171,0.0085,0.0000,0.0000,0.0000,0.0000,0.0000,0.0000,0.0000,0.0000,;2,1,0,1,0,0,0,0,0,0,0,;0.0742;2;2;546400;2.00;
3JGLGV9D6KL86TQHYYZCMI0V13JD5Y.png;0.0264,0.0378,0.0295,0.1586,0.0633,0.0000,0.0578,0.0000,0.0000,0.0258,0.0000,0.0000,0.0000,0.0000,0.0000,0.0000,;6,1,0,0,0,0,0,0,0,0,0,;0.0570;3;3;819600;3.00;
3JT4BYK2Y4IL1Z22PAHP7P5PI0U2WH.png;0.1717,0.0000,0.0000,0.0582,0.0000,0.0000,0.0000,0.0000,0.0000,0.0000,0.0000,0.0000,0.0000,0.0000,0.0000,0.0000,;1,1,0,0,0,0,0,0,0,0,0,;0.1149;1;1;273200;1.00;
3K0G5SYN9K0M6D335K10A1FE8RM8MU.png;0.1804,0.3048,0.5934,0.1996,0.1622,0.1756,0.2237,0.1975,0.0000,0.0556,0.0000,0.0118,0.0000,0.0385,0.0000,0.0241,;4,5,2,0,0,1,0,0,0,0,0,;0.1806;5;3;819600;2.50;
3K0G5SYNALYS7SB8UL3I5RQZNM3M85.png;0.1737,0.0694,0.2127,0.2441,0.2544,0.2373,0.2441,0.1147,0.0000,0.1060,0.0000,0.1071,0.0000,0.0988,0.0000,0.0575,;5,2,5,0,0,0,0,0,0,0,0,;0.1600;6;6;1639200;6.00;
3K0T7FOBIJOUXM7ZLBPJYBSGQYWM14.png;0.1571,0.1782,0.2109,0.0000,0.1834,0.0423,0.0278,0.0000,0.0000,0.0442,0.0000,0.0000,0.0000,0.0278,0.0000,0.0000,;4,3,1,0,0,0,0,0,0,0,0,;0.1090;4;4;1092800;4.00;
3K27O5FVBZ6Y1U1OKHZVRLOYVIWW5C.png;0.2719,0.0000,0.0824,0.0000,0.0561,0.0000,0.0651,0.0000,0.0000,0.0247,0.0000,0.0000,0.0000,0.0240,0.0000,0.0000,;5,0,1,0,0,0,0,0,0,0,0,;0.0874;1;1;273200;1.00;
3K3X4GGOSLN6JKEE0NBXYD5PSA6MC7.png;0.1358,0.4790,0.0000,0.0000,0.1587,0.1492,0.1468,0.0000,0.0000,0.0000,0.0000,0.0000,0.0000,0.0054,0.0000,0.0000,;0,4,0,0,1,0,0,0,0,0,0,;0.1791;1;1;273200;1.00;
3K3X4GGOSLN6JKEE0NBXYD5PV12MCO.png;0.0069,0.5030,0.2510,0.0000,0.0000,0.2137,0.0000,0.0000,0.0000,0.0000,0.0000,0.0000,0.0000,0.0000,0.0000,0.0000,;0,0,2,0,1,0,0,0,0,0,0,;0.2436;2;2;546400;2.00;
3K3X4GGOSLN9WHITSDB41LMDI6SMCK.png;0.0000,0.0000,0.0000,0.0000,0.0000,0.0000,0.0273,0.1546,0.0000,0.0000,0.0000,0.0000,0.0000,0.0346,0.0000,0.0896,;3,1,0,0,0,0,0,0,0,0,0,;0.0765;2;1;273200;2.00;
3K9T2ON9ZE5ORLPELXZMHUO84LJMTT.png;0.0000,0.2473,0.0342,0.1316,0.0000,0.0000,0.0611,0.0000,0.0000,0.0000,0.0000,0.0000,0.0000,0.0611,0.0000,0.0000,;3,1,1,0,0,0,0,0,0,0,0,;0.1070;2;2;546400;2.00;
3KNJI1FZ8L912486RAFQQV3ZEP6NQU.png;0.3082,0.0730,0.1963,0.2985,0.4228,0.3621,0.1117,0.0668,0.0000,0.1275,0.0000,0.0189,0.0000,0.0045,0.0000,0.0603,;4,3,2,1,1,0,0,0,0,0,0,;0.1709;5;5;1366000;5.00;
3L4EWVFWCZFLPLXQZ7MWBK7MU2X9OK.png;0.0301,0.2661,0.1647,0.1355,0.0000,0.0000,0.0000,0.0000,0.0000,0.0000,0.0000,0.0000,0.0000,0.0000,0.0000,0.0000,;1,2,1,0,0,0,0,0,0,0,0,;0.1491;2;2;546400;2.00;
3L8V324VIV0JU2BOPG7PUH68F6NF91.png;0.0515,0.0327,0.0384,0.0330,0.0000,0.0000,0.0000,0.0000,0.0000,0.0000,0.0000,0.0000,0.0000,0.0000,0.0000,0.0000,;4,0,0,0,0,0,0,0,0,0,0,;0.0389;1;1;273200;1.00;
3L8V324VIVQEQ524CR2N49U2T8GF9N.png;0.1344,0.1074,0.1336,0.0005,0.1040,0.1206,0.2248,0.2311,0.0000,0.0252,0.0000,0.0218,0.0000,0.0246,0.0000,0.1299,;5,4,2,0,0,0,0,0,0,0,0,;0.1048;7;6;1639200;3.50;
3LBF4GRVWQC3B97WPKKEJO5WDODDDG.png;0.0995,0.0235,0.0000,0.0000,0.0000,0.0278,0.0000,0.0000,0.0000,0.0000,0.0000,0.0278,0.0000,0.0000,0.0000,0.0000,;4,0,0,0,0,0,0,0,0,0,0,;0.0446;1;1;273200;1.00;
3LBF4GRVWQSB1V8AOKNI47EZJYMDDE.png;0.2630,0.2673,0.2288,0.2291,0.1889,0.2644,0.2058,0.2302,0.0000,0.0903,0.0000,0.2082,0.0000,0.1113,0.0000,0.1641,;1,5,6,0,0,0,0,0,0,0,0,;0.2043;8;7;1912400;4.00;
3LCM1J6T1CTW3PUN949YD9G6A99CYC.png;0.0491,0.0000,0.0000,0.0000,0.1830,0.0761,0.0000,0.0000,0.0000,0.0270,0.0000,0.0000,0.0000,0.0000,0.0000,0.0000,;3,1,0,0,0,0,0,0,0,0,0,;0.0838;1;1;273200;1.00;
3LE9INWSFWFC7U06C7E8H83VJHH0ML.png;0.0000,0.0000,0.0000,0.0000,0.0000,0.0680,0.1000,0.0205,0.0000,0.0101,0.0000,0.0000,0.0000,0.0000,0.0000,0.0000,;4,0,0,0,0,0,0,0,0,0,0,;0.0496;2;2;546400;2.00;
3LJE53CC7VYWE1O3MIQ180XM33HESQ.png;0.0567,0.0000,0.0000,0.0000,0.0000,0.0692,0.0756,0.0521,0.0000,0.0000,0.0000,0.0212,0.0000,0.0186,0.0000,0.0000,;6,0,0,0,0,0,0,0,0,0,0,;0.0489;4;3;819600;2.00;
3LLXQSS3GH7EI0TIBFCZBVHJUIM2FF.png;0.0000,0.0000,0.0000,0.0000,0.0000,0.0409,0.4377,0.5335,0.0000,0.0000,0.0000,0.0411,0.0000,0.1780,0.0000,0.0995,;3,1,0,0,1,1,0,0,0,0,0,;0.2218;2;2;546400;2.00;
3LLXQSS3GH7EI0TIBFCZBVHJURL2FW.png;0.0723,0.0661,0.0000,0.0000,0.0000,0.0457,0.4163,0.5355,0.0000,0.0000,0.0000,0.0459,0.0000,0.1637,0.0000,0.0998,;5,1,0,0,1,1,0,0,0,0,0,;0.1807;2;2;546400;2.00;
3LV0310AAZ0POAIRABRDV0CJ4TWKD9.png;0.1684,0.2593,0.1931,0.1390,0.0507,0.1065,0.0460,0.0000,0.0000,0.0000,0.0000,0.0000,0.0000,0.0460,0.0000,0.0000,;4,3,1,0,0,0,0,0,0,0,0,;0.1261;4;4;1092800;4.00;
3LV0310AAZ5BVL06B1AU1YGZUNKDKM.png;0.0000,0.0000,0.0000,0.0000,0.0000,0.0000,0.0000,0.0000,0.0000,0.0000,0.0000,0.0000,0.0000,0.0000,0.0000,0.0000,;0,0,0,0,0,0,0,0,0,0,0,;NaN;0;
3LV0310AAZ5BVL06B1AU1YGZUNKDKM_1.png;0.1831,0.1443,0.0681,0.1252,0.0996,0.1498,0.1141,0.1438,0.0000,0.0000,0.0000,0.0000,0.0000,0.0000,0.0000,0.0000,;2,6,0,0,0,0,0,0,0,0,0,;0.1285;4;2;546400;4.00;
3LV0310AAZ5BVL06B1AU1YGZUNKDKM_2.png;0.1722,0.0996,0.1207,0.0988,0.1322,0.1037,0.1021,0.0767,0.0000,0.0000,0.0000,0.0000,0.0000,0.0247,0.0000,0.0000,;6,3,0,0,0,0,0,0,0,0,0,;0.1034;4;4;1092800;4.00;
3LV0310AAZ7UO39UCWLZNYY1B3BDKS.png;0.3302,0.0760,0.1276,0.0376,0.1328,0.0491,0.0831,0.1460,0.0000,0.0725,0.0000,0.0123,0.0000,0.0266,0.0000,0.0233,;8,3,0,1,0,0,0,0,0,0,0,;0.0931;4;4;1092800;4.00;
3LV0310AB0FIJI1LDLADGNAZ3BMKDF.png;0.0561,0.3477,0.2022,0.1130,0.3564,0.1634,0.2870,0.1231,0.0000,0.2795,0.0000,0.0607,0.0000,0.1195,0.0000,0.0904,;3,5,2,2,0,0,0,0,0,0,0,;0.1833;5;5;1366000;5.00;
3LV0310AB0LE2KPSDVZ5QZ931M3DKU.png;0.2129,0.0593,0.0149,0.1316,0.0913,0.0137,0.0046,0.0077,0.0000,0.0269,0.0000,0.0000,0.0000,0.0000,0.0000,0.0000,;5,1,1,0,0,0,0,0,0,0,0,;0.0625;3;3;819600;3.00;
3M35MA94IX9MX6PXAQCG5JTOJ1HNO3.png;0.1506,0.1701,0.3550,0.3616,0.2840,0.2258,0.1745,0.1619,0.0000,0.1737,0.0000,0.0297,0.0000,0.0013,0.0000,0.0006,;1,5,2,2,0,0,0,0,0,0,0,;0.1741;5;5;1366000;5.00;
3M6KHLIXGO95W4HFFOS373KMUDHIRT.png;0.1678,0.0580,0.0298,0.0186,0.0214,0.0184,0.0263,0.0828,0.0000,0.0000,0.0000,0.0000,0.0000,0.0000,0.0000,0.0706,;8,1,0,0,0,0,0,0,0,0,0,;0.0549;4;2;546400;2.00;
3ME56J5KH09H8MTADW07EI1HZMYC6P.png;0.0656,0.1117,0.0519,0.0000,0.0000,0.0234,0.0020,0.0000,0.0000,0.0000,0.0000,0.0000,0.0000,0.0000,0.0000,0.0000,;3,1,0,0,0,0,0,0,0,0,0,;0.0509;3;3;819600;3.00;
3ME56J5KH0A6OHM7NB7LNJZ2KW86CO.png;0.2182,0.0000,0.0000,0.0000,0.0354,0.1191,0.0072,0.0342,0.0000,0.0000,0.0000,0.0125,0.0000,0.0614,0.0000,0.0000,;4,1,1,0,0,0,0,0,0,0,0,;0.0697;2;1;273200;2.00;
3MGKBFT74NRL5KAEINTLHYIV1ONSJ5.png;0.1507,0.0008,0.0000,0.0000,0.0000,0.0000,0.0000,0.0000,0.0000,0.0000,0.0000,0.0000,0.0000,0.0000,0.0000,0.0000,;0,1,0,0,0,0,0,0,0,0,0,;0.0758;1;1;273200;1.00;
3MHMBB6SGFYXPF5WOO57T0Y1YOLKW9.png;0.0887,0.0646,0.0175,0.0290,0.0604,0.0000,0.0000,0.0000,0.0000,0.0604,0.0000,0.0000,0.0000,0.0000,0.0000,0.0000,;6,0,0,0,0,0,0,0,0,0,0,;0.0534;4;2;546400;2.00;
3MK14RC5NS9WDGLCZVLGWCZQJ24T6G.png;0.0748,0.0115,0.0649,0.0148,0.0636,0.0258,0.0399,0.0428,0.0000,0.0115,0.0000,0.0017,0.0000,0.0083,0.0000,0.0119,;10,0,0,0,0,0,0,0,0,0,0,;0.0310;5;5;1366000;5.00;
3MK14RC5NS9WDGLCZVLGWCZQJ2BT6N.png;0.1124,0.0829,0.0108,0.0000,0.0068,0.0058,0.0055,0.0184,0.0000,0.0000,0.0000,0.0000,0.0000,0.0000,0.0000,0.0000,;3,1,0,0,0,0,0,0,0,0,0,;0.0347;2;2;546400;2.00;
3MKP0VNPL180YVBEBVOO0GDECBIJRU.png;0.0000,0.3370,0.0593,0.1161,0.0000,0.0000,0.0611,0.0000,0.0000,0.0000,0.0000,0.0000,0.0000,0.0611,0.0000,0.0000,;3,1,0,1,0,0,0,0,0,0,0,;0.1269;1;1;273200;1.00;
3MNPSGWWOQV9GBTQIUTZ7HIZXBCPUY.png;0.1205,0.2999,0.2974,0.1832,0.0214,0.0000,0.1005,0.0000,0.0000,0.0164,0.0000,0.0000,0.0000,0.0000,0.0000,0.0000,;3,2,2,0,0,0,0,0,0,0,0,;0.1485;3;3;819600;3.00;
3MNYFQMXON9G1T2C2HOQSK4JSIPY01.png;0.1075,0.1570,0.0340,0.0127,0.0000,0.0000,0.0000,0.0000,0.0000,0.0000,0.0000,0.0000,0.0000,0.0000,0.0000,0.0000,;3,1,0,0,0,0,0,0,0,0,0,;0.0778;2;2;546400;2.00;
3MQJWSYXNGSYPF0J90X7JRB4GS9O5U.png;0.0695,0.0417,0.0000,0.0000,0.0000,0.0000,0.0000,0.0000,0.0000,0.0000,0.0000,0.0000,0.0000,0.0000,0.0000,0.0000,;2,0,0,0,0,0,0,0,0,0,0,;0.0556;1;1;273200;1.00;
3MQJWSYXOHGDXJ3GAF96UH2KF625OC.png;0.0000,0.0395,0.0000,0.0000,0.0000,0.0000,0.0000,0.0000,0.0000,0.0000,0.0000,0.0000,0.0000,0.0000,0.0000,0.0000,;1,0,0,0,0,0,0,0,0,0,0,;0.0395;1;1;273200;1.00;
3MXFP9RGE565H89AY0KXMF94YTQB2U.png;0.1189,0.2874,0.1075,0.1735,0.0709,0.0957,0.1853,0.0604,0.0000,0.0453,0.0000,0.0413,0.0000,0.1941,0.0000,0.0604,;7,4,1,0,0,0,0,0,0,0,0,;0.1200;4;2;546400;2.00;
3MXFP9RGE565SQ20JA2GC60T4U4B22.png;0.0083,0.0804,0.0355,0.0000,0.0000,0.0000,0.0000,0.0000,0.0000,0.0000,0.0000,0.0000,0.0000,0.0000,0.0000,0.0000,;2,0,0,0,0,0,0,0,0,0,0,;0.0414;1;1;273200;1.00;
3N9FD9XF48K5Z4R4YKZ4XC3B2YYEVL.png;0.0795,0.0085,0.0038,0.0000,0.0173,0.0505,0.0000,0.0000,0.0000,0.0000,0.0000,0.0283,0.0000,0.0000,0.0000,0.0000,;4,0,0,0,0,0,0,0,0,0,0,;0.0313;2;1;273200;2.00;
3NAD71TD8V1W7T0ET8V40F6WWDIL2U.png;0.1125,0.0000,0.0000,0.0746,0.3396,0.3900,0.3897,0.1444,0.0000,0.0404,0.0000,0.0404,0.0000,0.1343,0.0000,0.0000,;3,3,0,3,0,0,0,0,0,0,0,;0.1851;3;3;819600;3.00;
3NCF7G1XJIORLK6VK0UD85LOJVCNAC.png;0.0000,0.0579,0.1184,0.0473,0.0000,0.2678,0.1016,0.1341,0.0000,0.0000,0.0000,0.0000,0.0000,0.0372,0.0000,0.0654,;5,2,1,0,0,0,0,0,0,0,0,;0.1037;3;3;819600;3.00;
3NCF7G1XKJPJCCJPOHEQSUA1GNWANP.png;0.0037,0.0000,0.0000,0.0000,0.0000,0.0000,0.0000,0.0006,0.0000,0.0000,0.0000,0.0000,0.0000,0.0000,0.0000,0.0000,;0,0,0,0,0,0,0,0,0,0,0,;0.0021;1;1;273200;1.00;
3NCF7G1XKJPJCCJPOHEQSUA1GNWANP_1.png;0.1673,0.1374,0.1840,0.0061,0.0032,0.0122,0.0199,0.0047,0.0000,0.0020,0.0000,0.0102,0.0000,0.0211,0.0000,0.0000,;4,3,0,0,0,0,0,0,0,0,0,;0.0516;3;3;819600;3.00;
3NCF7G1XKJPJCCJPOHEQSUA1GNWANP_2.png;0.0392,0.1476,0.0106,0.0000,0.0000,0.0000,0.0000,0.0000,0.0000,0.0000,0.0000,0.0000,0.0000,0.0000,0.0000,0.0000,;2,1,0,0,0,0,0,0,0,0,0,;0.0658;1;1;273200;1.00;
3NE6EBGK47BU93BYGGU8IB2LO7NE35.png;0.0375,0.0317,0.0000,0.0000,0.0000,0.0000,0.0000,0.0000,0.0000,0.0000,0.0000,0.0000,0.0000,0.0000,0.0000,0.0000,;2,0,0,0,0,0,0,0,0,0,0,;0.0346;1;1;273200;1.00;
3NJ4SYXGOJ3OVMOHUVEMN5U7Y2PBNN.png;0.0000,0.0000,0.0000,0.0000,0.0000,0.0000,0.0000,0.1019,0.0000,0.0000,0.0000,0.0000,0.0000,0.0000,0.0000,0.1342,;1,1,0,0,0,0,0,0,0,0,0,;0.1181;1;1;273200;1.00;
3NJ4SYXGOJ3OVMOHUVEMN5U7YYPBNF.png;0.0064,0.0057,0.0036,0.0062,0.0000,0.0057,0.0027,0.0059,0.0000,0.0000,0.0000,0.0090,0.0000,0.0048,0.0000,0.0450,;1,0,0,0,0,0,0,0,0,0,0,;0.0095;1;1;273200;1.00;
3NJ4SYXGOJNVJBRMT3TGCL1CL9UBNQ.png;0.0432,0.3504,0.1436,0.3805,0.1671,0.1298,0.0963,0.0646,0.0000,0.1126,0.0000,0.0000,0.0000,0.0000,0.0000,0.0000,;3,4,0,2,0,0,0,0,0,0,0,;0.1653;3;3;819600;3.00;
3NVVDJT9G6OIY2RUWWJCMM9P5JCPXO.png;0.2322,0.1330,0.0831,0.0607,0.1547,0.1627,0.1017,0.0586,0.0000,0.0000,0.0000,0.0003,0.0000,0.0000,0.0000,0.0000,;4,3,1,0,0,0,0,0,0,0,0,;0.1096;4;2;546400;4.00;
3NXBKB5598TPF5MRSRS8QPZELKSL9C.png;0.1636,0.1330,0.0768,0.0785,0.1188,0.2698,0.0438,0.0900,0.0000,0.0308,0.0000,0.1540,0.0000,0.0445,0.0000,0.0000,;6,4,1,0,0,0,0,0,0,0,0,;0.1094;5;2;546400;2.50;
3O5YJYPUSW7TWBM6KNWM44WLFH8KON.png;0.1979,0.1350,0.2851,0.1710,0.0000,0.0000,0.0000,0.0000,0.0000,0.0124,0.0000,0.0102,0.0000,0.0000,0.0000,0.0000,;2,3,1,0,0,0,0,0,0,0,0,;0.1353;3;3;819600;3.00;
3O73QR1UY8O4VXGQ4UMU1W2GKFC94M.png;0.2107,0.0471,0.0393,0.0000,0.0165,0.0000,0.0057,0.0000,0.0000,0.0033,0.0000,0.0000,0.0000,0.0004,0.0000,0.0000,;3,0,1,0,0,0,0,0,0,0,0,;0.0461;2;2;546400;2.00;
3O73QR1UY8O4VXGQ4UMU1W2GKGC94O.png;0.1527,0.0347,0.0121,0.0059,0.0150,0.0180,0.0180,0.0098,0.0000,0.0022,0.0000,0.0023,0.0000,0.0023,0.0000,0.0019,;5,1,0,0,0,0,0,0,0,0,0,;0.0229;2;2;546400;2.00;
3OBCKNXF1ZHFXL8XUNXW3AYWZX5J3K.png;0.1125,0.0000,0.0000,0.0746,0.3404,0.3909,0.3897,0.1444,0.0000,0.0404,0.0000,0.0434,0.0000,0.1343,0.0000,0.0000,;3,3,0,3,0,0,0,0,0,0,0,;0.1856;3;3;819600;3.00;
3OJGK8O6MRNHZCTYHMEFS503K2OL5K.png;0.1784,0.2419,0.0068,0.0395,0.0340,0.0395,0.0400,0.0397,0.0000,0.0000,0.0000,0.0000,0.0000,0.0000,0.0000,0.0000,;5,1,1,0,0,0,0,0,0,0,0,;0.0775;2;2;546400;2.00;
3OQEO5BIM1SME8SFQJ108NKG2ZKU9F.png;0.1314,0.0644,0.1577,0.0617,0.0489,0.1130,0.0822,0.0742,0.0000,0.0101,0.0000,0.0365,0.0000,0.0278,0.0000,0.0228,;9,3,0,0,0,0,0,0,0,0,0,;0.0692;5;5;1366000;5.00;
3OQEO5BIM1SME8SFQJ108NKG2ZKU9F_1.png;0.1650,0.0882,0.0607,0.0691,0.1811,0.0910,0.0653,0.0722,0.0000,0.0986,0.0000,0.0351,0.0000,0.0055,0.0000,0.0051,;8,2,0,0,0,0,0,0,0,0,0,;0.0780;5;2;546400;2.50;
3OQEO5BIM1SME8SFQJ108NKG2ZKU9F_2.png;0.1564,0.0514,0.1260,0.1062,0.0701,0.0512,0.0838,0.1234,0.0000,0.0086,0.0000,0.0103,0.0000,0.0242,0.0000,0.0526,;8,3,0,0,0,0,0,0,0,0,0,;0.0720;5;3;819600;2.50;
3OQEO5BIN29PS6BYUHRH0ABF87P9UL.png;0.2473,0.3370,0.3402,0.1372,0.0159,0.0221,0.0014,0.0142,0.0000,0.0000,0.0000,0.0000,0.0000,0.0000,0.0000,0.0000,;3,1,1,2,0,0,0,0,0,0,0,;0.1394;3;3;819600;3.00;
3OR6S1RAC52TCC0V5OHKA3WQNHZAGY.png;0.0000,0.3366,0.1875,0.1945,0.1620,0.0778,0.0863,0.0962,0.0000,0.0095,0.0000,0.0028,0.0000,0.0000,0.0000,0.0000,;3,3,0,1,0,0,0,0,0,0,0,;0.1281;4;4;1092800;4.00;
3P15LLOAR9NU663LLUNNP8EDOYG9ZV.png;0.1109,0.0587,0.0390,0.1155,0.1098,0.0549,0.1163,0.1382,0.0000,0.0906,0.0000,0.0194,0.0000,0.0913,0.0000,0.0797,;8,4,0,0,0,0,0,0,0,0,0,;0.0854;7;6;1639200;3.50;
3P6UG6V268Y9VTMB4YR44MFGIGC4NX.png;0.0908,0.0000,0.0000,0.0000,0.0000,0.0000,0.0000,0.0000,0.0000,0.0801,0.0000,0.0851,0.0000,0.1146,0.0000,0.0000,;3,1,0,0,0,0,0,0,0,0,0,;0.0927;1;1;273200;1.00;
3PBMWYW3D44FHQ3H0CBK078FM1J2XZ.png;0.0416,0.0000,0.0000,0.0000,0.1013,0.1693,0.0000,0.0000,0.0000,0.1046,0.0000,0.1084,0.0000,0.1096,0.0000,0.1116,;5,2,0,0,0,0,0,0,0,0,0,;0.1066;4;3;819600;2.00;
3PBMWYW3D4VOVNNOVMGLZF23LEGX22.png;0.1896,0.4083,0.3758,0.1085,0.1922,0.2044,0.1524,0.1911,0.0000,0.0061,0.0000,0.0239,0.0000,0.0783,0.0000,0.0121,;4,5,0,2,0,0,0,0,0,0,0,;0.1619;6;6;1639200;6.00;
3PBTVBPQ8T2RUQ4LSR4U2IGAMAGLG7.png;0.2110,0.1751,0.0000,0.0225,0.4412,0.0352,0.3636,0.3865,0.0000,0.0000,0.0000,0.0000,0.0000,0.1424,0.0000,0.0956,;3,2,1,2,1,0,0,0,0,0,0,;0.2081;4;3;819600;2.00;
3PBTVBPQ9UHWF8TU0BNM18QB456LGV.png;0.0559,0.3566,0.2310,0.1323,0.3578,0.1581,0.3464,0.1786,0.0000,0.2799,0.0000,0.0239,0.0000,0.1834,0.0000,0.0756,;3,4,2,3,0,0,0,0,0,0,0,;0.1983;5;5;1366000;5.00;
3PBTVBPQ9UJW25OVYU5DFTVY5MMGLK.png;0.0078,0.0156,0.0224,0.0225,0.0206,0.0227,0.0193,0.0406,0.0000,0.0000,0.0000,0.0000,0.0000,0.0000,0.0000,0.0000,;7,0,0,0,0,0,0,0,0,0,0,;0.0214;4;4;1092800;4.00;
3PBTVBPQ9UJW25OVYU5DFTVY5MMGLK_1.png;0.2456,0.0726,0.0582,0.0305,0.0266,0.0495,0.0747,0.0292,0.0000,0.0000,0.0000,0.0000,0.0000,0.0000,0.0000,0.0000,;7,0,1,0,0,0,0,0,0,0,0,;0.0734;2;1;273200;2.00;
3PBTVBPQ9UJW25OVYU5DFTVY5MMGLK_2.png;0.1680,0.0591,0.0358,0.0561,0.0684,0.0757,0.0793,0.0810,0.0000,0.0000,0.0000,0.0000,0.0000,0.0000,0.0000,0.0000,;7,1,0,0,0,0,0,0,0,0,0,;0.0779;3;2;546400;1.50;
3PHLPV04IQDPW55WV8WBZJA231AP7O.png;0.0973,0.2664,0.3272,0.2161,0.2235,0.3617,0.3399,0.1464,0.0000,0.0075,0.0000,0.0000,0.0000,0.0000,0.0000,0.0000,;1,1,3,3,0,0,0,0,0,0,0,;0.2207;5;5;1366000;5.00;
3PLXPMD6WGC7AIQBYMRH2GBAFTWKBJ.png;0.0998,0.0296,0.0446,0.0874,0.0186,0.0719,0.0296,0.0422,0.0000,0.0072,0.0000,0.0691,0.0000,0.0000,0.0000,0.0644,;10,0,0,0,0,0,0,0,0,0,0,;0.0513;5;3;819600;2.50;
3PN7FLVWM45PCCC3MA18W1ODE9IYSJ.png;0.1855,0.2527,0.2310,0.0971,0.2651,0.4743,0.1564,0.1490,0.0000,0.1843,0.0000,0.3658,0.0000,0.1056,0.0000,0.0979,;3,4,3,1,1,0,0,0,0,0,0,;0.2137;5;4;1092800;2.50;
3PN7FLVWM45XULC6NHQRXFJ9Z5WSYC.png;0.0665,0.0334,0.0000,0.0283,0.0000,0.0000,0.0000,0.0000,0.0000,0.0000,0.0000,0.0000,0.0000,0.0000,0.0000,0.0000,;3,0,0,0,0,0,0,0,0,0,0,;0.0427;1;1;273200;1.00;
3Q4WZ5V3MNIH1FT2QKH2OURKHS1UGI.png;0.0832,0.0000,0.2613,0.2545,0.2856,0.0734,0.0556,0.0568,0.0000,0.2657,0.0000,0.0326,0.0000,0.0560,0.0000,0.0568,;7,0,4,0,0,0,0,0,0,0,0,;0.1347;4;3;819600;2.00;
3Q9ARQ9ZAP4L7I0LVYTFN28MIJR3MM.png;0.0564,0.0703,0.0653,0.0503,0.0538,0.0561,0.0728,0.0473,0.0000,0.0048,0.0000,0.0050,0.0000,0.0153,0.0000,0.0031,;9,0,0,0,0,0,0,0,0,0,0,;0.0417;8;8;2185600;8.00;
3Q9ARQ9ZAP4L7I0LVYTFN28MIJR3MM_1.png;0.1192,0.0481,0.1107,0.0598,0.0615,0.0689,0.0487,0.1178,0.0000,0.0086,0.0000,0.0038,0.0000,0.0099,0.0000,0.0747,;6,3,0,0,0,0,0,0,0,0,0,;0.0610;6;5;1366000;3.00;
3Q9ARQ9ZAP4L7I0LVYTFN28MIJR3MM_2.png;0.0879,0.0752,0.0818,0.0639,0.0820,0.0557,0.0604,0.0693,0.0000,0.0195,0.0000,0.0007,0.0000,0.0029,0.0000,0.0084,;9,0,0,0,0,0,0,0,0,0,0,;0.0507;8;8;2185600;8.00;
3QKP95RWR0AXY9I3VQ7SL2A7LGY5XG.png;0.0626,0.0092,0.0573,0.0244,0.0353,0.0249,0.0243,0.0142,0.0000,0.1496,0.0000,0.1727,0.0000,0.0383,0.0000,0.0064,;8,2,0,0,0,0,0,0,0,0,0,;0.0516;4;2;546400;4.00;
3QLL1RLFYUJL8BWXI76KVR6VTA8G40.png;0.1212,0.2024,0.1374,0.2483,0.1193,0.0229,0.0000,0.0155,0.0000,0.0000,0.0000,0.0000,0.0000,0.0000,0.0000,0.0000,;2,4,1,0,0,0,0,0,0,0,0,;0.1238;3;3;819600;3.00;
3QNALI7B4S6VALH9K67QLF1VCK3Z5B.png;0.1247,0.2947,0.0844,0.0792,0.0855,0.0936,0.0862,0.0417,0.0000,0.0000,0.0000,0.0000,0.0000,0.0000,0.0000,0.0000,;6,1,1,0,0,0,0,0,0,0,0,;0.1113;2;2;546400;2.00;
3QNALI7B4SD1ONKL4C5DCUTXSZAZ55.png;0.0000,0.1550,0.0048,0.0065,0.0613,0.0000,0.0542,0.0000,0.0000,0.0052,0.0000,0.0000,0.0000,0.0053,0.0000,0.0000,;2,1,0,0,0,0,0,0,0,0,0,;0.0417;3;2;546400;1.50;
3QPQKLUN2S87R374XHKKL49YI4M6SW.png;0.2462,0.0963,0.1217,0.0868,0.1045,0.0815,0.1293,0.1004,0.0000,0.1225,0.0000,0.1091,0.0000,0.1426,0.0000,0.1260,;6,5,1,0,0,0,0,0,0,0,0,;0.1222;5;2;546400;2.50;
3QXBZN23LG7N3HYFNCCOI0H4ZPJXNQ.png;0.2852,0.6020,0.1036,0.0856,0.0997,0.1607,0.1967,0.1804,0.0000,0.0000,0.0000,0.0000,0.0000,0.0000,0.0000,0.0051,;3,3,1,0,0,1,0,0,0,0,0,;0.1910;3;2;546400;1.50;
3R0WG3C6FAYXA2OVFH1MKSVV7DKWL8.png;0.0000,0.0062,0.0000,0.0000,0.0000,0.0041,0.0933,0.0268,0.0000,0.0000,0.0000,0.0252,0.0000,0.0934,0.0000,0.0258,;5,0,0,0,0,0,0,0,0,0,0,;0.0393;2;1;273200;2.00;
3R35RPFD7J1GHLW8Y5PUB7E29XSP1C.png;0.0000,0.0000,0.0000,0.0000,0.0150,0.2290,0.0000,0.0000,0.0000,0.0358,0.0000,0.0464,0.0000,0.0000,0.0000,0.0000,;3,0,1,0,0,0,0,0,0,0,0,;0.0815;1;1;273200;1.00;
3R35RPFD8KSAWMKG8PKUBRZ71RYP19.png;0.1423,0.1964,0.2662,0.1225,0.0985,0.0850,0.0971,0.1011,0.0000,0.0291,0.0000,0.0208,0.0000,0.0004,0.0000,0.0029,;6,3,1,0,0,0,0,0,0,0,0,;0.0969;7;7;1912400;7.00;
3R35RPFD8KW5RVQQX9OYA2WSE711PN.png;0.2304,0.1579,0.1948,0.2220,0.3043,0.5087,0.7034,0.2220,0.0000,0.1166,0.0000,0.1204,0.0000,0.1384,0.0000,0.1927,;0,6,4,0,1,0,1,0,0,0,0,;0.2593;3;3;819600;3.00;
3R39EOJX7B7B0RBVIOI0YF8QUNBFFR.png;0.0887,0.1031,0.0456,0.0386,0.0611,0.0000,0.0000,0.0000,0.0000,0.0611,0.0000,0.0000,0.0000,0.0000,0.0000,0.0000,;6,0,0,0,0,0,0,0,0,0,0,;0.0664;2;2;546400;2.00;
3R39EOJX7BI6S1MO8YC8O4DE709FF7.png;0.1168,0.2536,0.1856,0.0385,0.1089,0.0193,0.0509,0.0538,0.0000,0.0000,0.0000,0.0000,0.0000,0.0105,0.0000,0.0000,;6,2,1,0,0,0,0,0,0,0,0,;0.0931;4;4;1092800;4.00;
3R7DCNC1NO24TFH8BGUHQFOR9KEUDP.png;0.0639,0.3373,0.1182,0.0989,0.0929,0.0698,0.1348,0.0216,0.0000,0.0755,0.0000,0.0573,0.0000,0.0653,0.0000,0.0071,;8,2,0,1,0,0,0,0,0,0,0,;0.0952;4;3;819600;2.00;
3R7DCNC1NO24TFH8BGUHQFOR9KEUDP_1.png;0.0248,0.0477,0.1205,0.0947,0.0224,0.0742,0.0227,0.0000,0.0000,0.0000,0.0000,0.0599,0.0000,0.0156,0.0000,0.0000,;8,1,0,0,0,0,0,0,0,0,0,;0.0536;4;3;819600;2.00;
3R7DCNC1NO24TFH8BGUHQFOR9KEUDP_2.png;0.0307,0.1119,0.1797,0.0385,0.1097,0.1203,0.1035,0.0000,0.0000,0.0993,0.0000,0.1013,0.0000,0.0194,0.0000,0.0000,;7,3,0,0,0,0,0,0,0,0,0,;0.0914;7;7;1912400;7.00;
3R7DCNC1NOV5HU26IA2C7R0658YUDF.png;0.1735,0.1589,0.1523,0.1568,0.1269,0.0032,0.1529,0.0858,0.0000,0.0692,0.0000,0.0000,0.0000,0.0557,0.0000,0.0000,;3,6,0,0,0,0,0,0,0,0,0,;0.1135;6;6;1639200;6.00;
3R8MKH13HFEBE45LFXZBD3ZAAT6QLU.png;0.1365,0.1253,0.2219,0.0614,0.1701,0.0966,0.0000,0.1078,0.0000,0.1436,0.0000,0.0914,0.0000,0.0000,0.0000,0.1087,;5,4,1,0,0,0,0,0,0,0,0,;0.1263;4;3;819600;2.00;
3R8NDUBSE5C5KWKOVCROU8T8BNKK4W.png;0.0704,0.0338,0.0743,0.0630,0.0654,0.0236,0.1321,0.0000,0.0000,0.0467,0.0000,0.0065,0.0000,0.1064,0.0000,0.0000,;8,1,0,0,0,0,0,0,0,0,0,;0.0622;6;5;1366000;3.00;
3R8NDUBSE5CIIDI6K37BBGYS2U64KU.png;0.0000,0.0520,0.2307,0.2235,0.2490,0.0284,0.0000,0.0000,0.0000,0.0000,0.0000,0.0000,0.0000,0.0254,0.0000,0.0000,;3,0,3,0,0,0,0,0,0,0,0,;0.1348;3;3;819600;3.00;
3R8NDUBSE5CRYRKXR6M9AB02Z7L4K5.png;0.3665,0.1727,0.1609,0.0000,0.0000,0.0000,0.0000,0.0000,0.0000,0.0000,0.0000,0.0000,0.0000,0.0000,0.0000,0.0000,;0,2,0,1,0,0,0,0,0,0,0,;0.2334;1;1;273200;1.00;
3R8NDUBSF67O3EBOSQ1IL6C0CLD4KT.png;0.2492,0.1785,0.1108,0.2552,0.2912,0.0513,0.0000,0.0000,0.0000,0.0000,0.0000,0.0000,0.0000,0.0000,0.0000,0.0000,;1,2,3,0,0,0,0,0,0,0,0,;0.1894;3;3;819600;3.00;
3RPY1MM09GJ0DPT9E5P5CCJTRTWMHE.png;0.0000,0.0000,0.0185,0.0000,0.0000,0.0000,0.0000,0.0094,0.0000,0.0000,0.0000,0.0000,0.0000,0.0000,0.0000,0.0000,;1,0,0,0,0,0,0,0,0,0,0,;0.0140;1;1;273200;1.00;
3RRYB8LG3ZH82HFOZGL7ANT68BKKUX.png;0.1471,0.2907,0.0559,0.1354,0.2078,0.0885,0.0000,0.0000,0.0000,0.1673,0.0000,0.0000,0.0000,0.0000,0.0000,0.0000,;2,4,1,0,0,0,0,0,0,0,0,;0.1561;3;1;273200;3.00;
3S1POB7GU8DKAHGA5W96UXZRMJ8QU4.png;0.2426,0.1767,0.3520,0.1440,0.0534,0.0187,0.0000,0.0031,0.0000,0.0000,0.0000,0.0000,0.0000,0.0000,0.0000,0.0000,;2,2,1,1,0,0,0,0,0,0,0,;0.1415;4;4;1092800;4.00;
3S4LLGXSV3FZU47VRD0W7FI7RKKAOY.png;0.1178,0.0911,0.0000,0.0137,0.0024,0.0000,0.0000,0.0000,0.0000,0.0000,0.0000,0.0000,0.0000,0.0000,0.0000,0.0000,;2,1,0,0,0,0,0,0,0,0,0,;0.0562;2;2;546400;2.00;
3S8DC08I2JZOJ6XAR5ADV2RBM80EJJ.png;0.1872,0.0433,0.0539,0.0645,0.0445,0.0577,0.0560,0.0494,0.0000,0.0000,0.0000,0.0146,0.0000,0.0127,0.0000,0.0146,;10,1,0,0,0,0,0,0,0,0,0,;0.0544;4;4;1092800;4.00;
3SBA6YTBY276L0SZ55XU5R7VV8FOBP.png;0.0799,0.2941,0.1209,0.0000,0.0000,0.0314,0.0000,0.0264,0.0000,0.0000,0.0000,0.0088,0.0000,0.0000,0.0000,0.0000,;3,1,1,0,0,0,0,0,0,0,0,;0.0936;2;2;546400;2.00;
3SFRD5IA5Z34MMJO249XJPJMVUHFBF.png;0.1038,0.2202,0.1604,0.1239,0.0826,0.0928,0.1005,0.2997,0.0000,0.0000,0.0000,0.0198,0.0000,0.0010,0.0000,0.2942,;5,2,3,0,0,0,0,0,0,0,0,;0.1363;4;2;546400;2.00;
3SI493PTSWP5AHPBIVTI1I8D7X4ZDI.png;0.0953,0.0000,0.0000,0.0499,0.1114,0.0257,0.0825,0.0148,0.0000,0.0382,0.0000,0.0826,0.0000,0.0728,0.0000,0.0721,;9,1,0,0,0,0,0,0,0,0,0,;0.0645;6;3;819600;2.00;
3SI493PTSWP6VJGGSL9VZHEJP2GDZ2.png;0.3013,0.1666,0.1087,0.0000,0.0000,0.0000,0.0000,0.0000,0.0000,0.0000,0.0000,0.0000,0.0000,0.0000,0.0000,0.0000,;1,1,1,0,0,0,0,0,0,0,0,;0.1922;1;1;273200;1.00;
3SIEQXXS6F7PLDK653FBMIWP0ADQ4C.png;0.0799,0.2941,0.1150,0.0000,0.0000,0.0082,0.0000,0.0439,0.0000,0.0000,0.0000,0.0088,0.0000,0.0000,0.0000,0.0000,;2,1,1,0,0,0,0,0,0,0,0,;0.0916;2;2;546400;2.00;
3SJ1BZ9YMZFJKL9JAYIH6SXUEFF7N6.png;0.0000,0.0448,0.0017,0.0000,0.0000,0.0611,0.0000,0.0000,0.0000,0.0000,0.0000,0.0611,0.0000,0.0000,0.0000,0.0000,;3,0,0,0,0,0,0,0,0,0,0,;0.0421;3;1;273200;3.00;
3T1550FWLKIS93DC7DPTY5M29UHWXP.png;0.1246,0.4437,0.2981,0.0966,0.1086,0.0064,0.0000,0.0000,0.0000,0.0000,0.0000,0.0000,0.0000,0.0000,0.0000,0.0000,;2,1,1,0,1,0,0,0,0,0,0,;0.1797;2;2;546400;2.00;
3T6HLR4BXW5RX3QYFIC2AVGBFN389Y.png;0.0793,0.0439,0.0653,0.1033,0.0771,0.0550,0.0461,0.2002,0.0000,0.0000,0.0000,0.0000,0.0000,0.0000,0.0000,0.0490,;8,1,0,0,0,0,0,0,0,0,0,;0.0799;2;1;273200;2.00;
3T6HLR4BXW65EY3SGXC7I8IJLZ589G.png;0.1780,0.0254,0.0108,0.0000,0.0000,0.0355,0.0147,0.0312,0.0000,0.0000,0.0000,0.0502,0.0000,0.0000,0.0000,0.0264,;7,1,0,0,0,0,0,0,0,0,0,;0.0465;2;1;273200;2.00;
3T6HLR4BXW65EY3SGXC7I8ILF1889L.png;0.1518,0.0743,0.0310,0.0000,0.0438,0.0092,0.0170,0.0717,0.0000,0.0033,0.0000,0.0035,0.0000,0.0005,0.0000,0.0036,;5,1,0,0,0,0,0,0,0,0,0,;0.0372;4;2;546400;4.00;
3T6UNEUZ5USMH6KL5FCL3O350KM199.png;0.0000,0.0000,0.0000,0.0000,0.0000,0.0000,0.0000,0.0000,0.0000,0.0000,0.0000,0.0000,0.0000,0.0000,0.0000,0.0000,;0,0,0,0,0,0,0,0,0,0,0,;NaN;0;
3T6UNEUZ5USMH6KL5FCL3O350KM199_1.png;0.1115,0.0274,0.0000,0.0000,0.0000,0.0000,0.0513,0.3114,0.0000,0.0000,0.0000,0.0000,0.0000,0.0023,0.0000,0.0568,;3,1,0,1,0,0,0,0,0,0,0,;0.0934;2;1;273200;2.00;
3T6UNEUZ5USMH6KL5FCL3O350KM199_2.png;0.0611,0.0000,0.0205,0.0561,0.0000,0.0000,0.0000,0.0000,0.0000,0.0000,0.0000,0.0000,0.0000,0.0000,0.0000,0.0000,;3,0,0,0,0,0,0,0,0,0,0,;0.0459;2;2;546400;2.00;
3TCGLRK8ZGNA4CQP60QJDQBQH1MZQ6.png;0.1779,0.0847,0.1402,0.0670,0.0813,0.0906,0.0886,0.0957,0.0000,0.0000,0.0000,0.0000,0.0000,0.0000,0.0000,0.0000,;6,2,0,0,0,0,0,0,0,0,0,;0.1033;2;2;546400;2.00;
3TFUINTXMP1P2TVK22ZNBIA74UYT95.png;0.2573,0.1542,0.0000,0.1855,0.0000,0.1125,0.0000,0.0157,0.0000,0.0000,0.0000,0.0167,0.0000,0.0000,0.0000,0.0000,;2,3,1,0,0,0,0,0,0,0,0,;0.1236;3;3;819600;3.00;
3TFUINTXNQRB8MQUNU8RNTUAF5A9TC.png;0.0177,0.1373,0.1646,0.0000,0.0000,0.0000,0.1619,0.0309,0.0000,0.0000,0.0000,0.0000,0.0000,0.0000,0.0000,0.0000,;2,3,0,0,0,0,0,0,0,0,0,;0.1025;3;2;546400;1.50;
3TJJ8HSJVIOUEEITVOXS8LA6BWX82U.png;0.1941,0.0304,0.0000,0.0000,0.0000,0.0000,0.0000,0.0000,0.0000,0.0000,0.0000,0.0000,0.0000,0.0000,0.0000,0.0000,;1,1,0,0,0,0,0,0,0,0,0,;0.1123;1;1;273200;1.00;
3TJJ8HSJWJ7V3WKXYD3KKOVHU4N28W.png;0.0631,0.0637,0.0974,0.1004,0.0711,0.0982,0.0896,0.0432,0.0000,0.0430,0.0000,0.0243,0.0000,0.0096,0.0000,0.0259,;11,0,0,0,0,0,0,0,0,0,0,;0.0608;7;7;1912400;7.00;
3TO8OQV8RRE8TSS50K77OY4BTUOOLO.png;0.1758,0.1799,0.1193,0.0925,0.0772,0.0829,0.1333,0.0919,0.0000,0.0000,0.0000,0.0000,0.0000,0.0684,0.0000,0.0090,;5,4,0,0,0,0,0,0,0,0,0,;0.1030;4;3;819600;2.00;
3TR9CMHN3N8E2YCNTAQUMF33CUSBB8.png;0.0574,0.2048,0.1200,0.2173,0.2243,0.2579,0.1715,0.0618,0.0000,0.2272,0.0000,0.1889,0.0000,0.1085,0.0000,0.0000,;3,4,4,0,0,0,0,0,0,0,0,;0.1672;7;7;1912400;7.00;
3TYSWKZBELVFE846EGCGPUMG5XR7G5.png;0.1130,0.5260,0.0000,0.0000,0.0000,0.0000,0.0000,0.4198,0.0000,0.0000,0.0000,0.0000,0.0000,0.0000,0.0000,0.1698,;0,2,0,0,1,1,0,0,0,0,0,;0.3072;2;1;273200;2.00;
3TYSWKZBFMLN72JJOTFJJEIWD9HG7U.png;0.0555,0.0000,0.0000,0.1731,0.2545,0.3122,0.2710,0.1140,0.0000,0.0039,0.0000,0.0000,0.0000,0.1047,0.0000,0.0000,;2,2,2,1,0,0,0,0,0,0,0,;0.1611;4;4;1092800;4.00;
3U2H1DGWOPTCKLUQYVRKVZHY3Q4F4G.png;0.2083,0.3628,0.0131,0.0116,0.0131,0.0000,0.0000,0.0000,0.0000,0.0429,0.0000,0.0000,0.0000,0.0000,0.0000,0.0000,;4,1,0,1,0,0,0,0,0,0,0,;0.1086;2;2;546400;2.00;
3U47UEJKWC6S8AEVXI8SUW72VHPLB6.png;0.1153,0.0508,0.0000,0.0408,0.1539,0.0000,0.1211,0.0000,0.0000,0.0857,0.0000,0.0000,0.0000,0.0000,0.0000,0.0000,;3,3,0,0,0,0,0,0,0,0,0,;0.0946;3;2;546400;1.50;
3U47UEJKWC7M32113CRLFBCBUKFBLV.png;0.0490,0.3141,0.0481,0.1341,0.0200,0.0000,0.0000,0.0000,0.0000,0.0000,0.0000,0.0000,0.0000,0.0000,0.0000,0.0000,;3,1,0,1,0,0,0,0,0,0,0,;0.1131;2;2;546400;2.00;
3U47UEJKWC8E1D3WG0VTNM1UKCYBLF.png;0.1377,0.3126,0.0732,0.1063,0.1040,0.0181,0.0563,0.0709,0.0000,0.1844,0.0000,0.0010,0.0000,0.0000,0.0000,0.0000,;6,2,0,1,0,0,0,0,0,0,0,;0.1065;3;2;546400;1.50;
3U47UEJKXD5R38RUXLMDWG1BUJXLBR.png;0.2381,0.0512,0.2521,0.0852,0.0000,0.0000,0.0000,0.0000,0.0000,0.0315,0.0000,0.0000,0.0000,0.0000,0.0000,0.0000,;3,0,2,0,0,0,0,0,0,0,0,;0.1316;2;2;546400;2.00;
3U6BJ3K2B9GQGJVT0E99IGFE7I2MEG.png;0.1318,0.1264,0.0957,0.0547,0.0435,0.1151,0.0048,0.0822,0.0000,0.0602,0.0000,0.1255,0.0000,0.0015,0.0000,0.0000,;5,4,0,0,0,0,0,0,0,0,0,;0.0765;6;5;1366000;3.00;
3UEL82N5TO6EUK0Y8E9LV0DUVX2NTJ.png;0.1257,0.2373,0.0646,0.1544,0.1364,0.0215,0.0172,0.1160,0.0000,0.1215,0.0000,0.1084,0.0000,0.0499,0.0000,0.1173,;5,6,1,0,0,0,0,0,0,0,0,;0.1059;8;7;1912400;4.00;
3UEL82N5TOKN43E6MBDHCIJ23C3NTV.png;0.0685,0.0439,0.0696,0.0740,0.0000,0.0339,0.0291,0.0000,0.0000,0.0000,0.0000,0.0000,0.0000,0.0000,0.0000,0.0000,;6,0,0,0,0,0,0,0,0,0,0,;0.0532;3;3;819600;3.00;
3UKAYM2G38LNW9YPLTZSPTC333T903.png;0.2365,0.0705,0.0000,0.0000,0.0000,0.0000,0.0000,0.0000,0.0000,0.0000,0.0000,0.0000,0.0000,0.0000,0.0000,0.0000,;1,0,1,0,0,0,0,0,0,0,0,;0.1535;1;1;273200;1.00;
3USMLONC9E5MDB1GD7ZQ6SDG14K85P.png;0.1571,0.0324,0.0086,0.0000,0.0000,0.0126,0.0098,0.0392,0.0000,0.0000,0.0000,0.0002,0.0000,0.0000,0.0000,0.0240,;4,1,0,0,0,0,0,0,0,0,0,;0.0355;2;1;273200;2.00;
3USZNBD0ID5Y2E7UC1NHCD5VH1M51A.png;0.0915,0.0000,0.2288,0.0806,0.0000,0.0000,0.0000,0.0193,0.0000,0.0000,0.0000,0.0000,0.0000,0.0000,0.0000,0.0115,;4,0,1,0,0,0,0,0,0,0,0,;0.0864;2;2;546400;2.00;
3UV3KC5DTGMOGZ30EI3U2F567A15CS.png;0.2492,0.1144,0.1751,0.2003,0.3174,0.0424,0.0469,0.0000,0.0000,0.0000,0.0000,0.0000,0.0000,0.0000,0.0000,0.0000,;2,3,1,1,0,0,0,0,0,0,0,;0.1637;4;4;1092800;4.00;
3UXCLCQO1UDWROO910PGOYLD3QJ20A.png;0.1915,0.1253,0.2227,0.0350,0.0088,0.1329,0.1206,0.0222,0.0000,0.0728,0.0000,0.0215,0.0000,0.0000,0.0000,0.0000,;4,4,1,0,0,0,0,0,0,0,0,;0.0953;5;5;1366000;5.00;
3UXCLCQO2V425H8F0OVWTKIEO3N20G.png;0.2834,0.1423,0.2365,0.3192,0.1818,0.2356,0.3445,0.1690,0.0000,0.0352,0.0000,0.0435,0.0000,0.0719,0.0000,0.0281,;4,3,3,2,0,0,0,0,0,0,0,;0.1743;6;6;1639200;6.00;
3VHU2SWT3EI2EPQKMFU0IXHUUZKSPE.png;0.3242,0.0574,0.0000,0.0000,0.0156,0.0324,0.0589,0.0000,0.0000,0.0000,0.0000,0.0000,0.0000,0.0589,0.0000,0.0000,;5,0,0,1,0,0,0,0,0,0,0,;0.0912;1;1;273200;1.00;
3VKCYEEK5GTFPTFE2CSUAPH4AEKG1E.png;0.4256,0.5072,0.4480,0.4788,0.3431,0.3865,0.4520,0.3693,0.0000,0.0803,0.0000,0.1051,0.0000,0.2530,0.0000,0.1243,;2,1,1,3,5,0,0,0,0,0,0,;0.3311;8;8;2185600;8.00;
3VKCYEEK5GTFPTFE2CSUAPH4AEKG1E_1.png;0.4154,0.3420,0.5035,0.3239,0.4832,0.2663,0.3790,0.4094,0.0000,0.0783,0.0000,0.0680,0.0000,0.1821,0.0000,0.1494,;2,2,1,4,3,0,0,0,0,0,0,;0.3000;7;7;1912400;7.00;
3VKCYEEK5GTFPTFE2CSUAPH4AEKG1E_2.png;0.4092,0.5329,0.4347,0.3691,0.3833,0.3971,0.3664,0.3268,0.0000,0.2034,0.0000,0.1124,0.0000,0.0897,0.0000,0.0740,;2,2,0,6,1,1,0,0,0,0,0,;0.3083;8;8;2185600;8.00;
3VNGVF6XGJQ1QLT33BZ7QKAQGJTGC8.png;0.1690,0.2627,0.2676,0.0000,0.0000,0.0000,0.0000,0.0000,0.0000,0.0000,0.0000,0.0000,0.0000,0.0000,0.0000,0.0000,;0,1,2,0,0,0,0,0,0,0,0,;0.2331;2;2;546400;2.00;
3VNVHCMRM39PCV9YY08XQFC2ASTW7K.png;0.1093,0.2435,0.0917,0.0442,0.0040,0.0248,0.0000,0.0000,0.0000,0.0040,0.0000,0.0248,0.0000,0.0000,0.0000,0.0000,;5,0,1,0,0,0,0,0,0,0,0,;0.0683;3;3;819600;3.00;
3VPHDNYYW05RMXRPFB37FMZTE8FOX6.png;0.0723,0.0657,0.0000,0.0604,0.0000,0.0000,0.0000,0.0000,0.0000,0.0000,0.0000,0.0000,0.0000,0.0000,0.0000,0.0000,;3,0,0,0,0,0,0,0,0,0,0,;0.0661;1;1;273200;1.00;
3VS2P0ED9S8WCYR5XKUI3WE62NIZOD.png;0.2689,0.1513,0.0567,0.0557,0.1670,0.1657,0.2194,0.0000,0.0000,0.0462,0.0000,0.0000,0.0000,0.0000,0.0000,0.0000,;3,3,2,0,0,0,0,0,0,0,0,;0.1413;5;3;819600;2.50;
3VS2P0ED9S9HPWVU5TDRGGPE3WLOZL.png;0.0696,0.0718,0.1797,0.0646,0.0962,0.0861,0.0753,0.0390,0.0000,0.0758,0.0000,0.0581,0.0000,0.0418,0.0000,0.0049,;10,1,0,0,0,0,0,0,0,0,0,;0.0719;5;5;1366000;5.00;
3VTCTNDIMBI4MSZRCFZ5EXG7KAVTGQ.png;0.0946,0.2995,0.4482,0.1458,0.1142,0.0388,0.0508,0.0625,0.0000,0.0331,0.0000,0.0139,0.0000,0.0000,0.0000,0.0628,;7,2,1,0,1,0,0,0,0,0,0,;0.1240;3;3;819600;3.00;
3VXAY8PX9568FZGV4FQLLH1QFO0UBC.png;0.1475,0.1923,0.2298,0.2152,0.0000,0.0000,0.0971,0.0444,0.0000,0.0000,0.0000,0.0000,0.0000,0.0980,0.0000,0.0451,;4,2,2,0,0,0,0,0,0,0,0,;0.1337;4;4;1092800;4.00;
3VXAY8PXA67ITFS0HYENNTH6AGPBUQ.png;0.1240,0.1227,0.0760,0.0326,0.0601,0.0549,0.0586,0.0571,0.0000,0.0042,0.0000,0.0000,0.0000,0.0044,0.0000,0.0000,;6,2,0,0,0,0,0,0,0,0,0,;0.0595;4;4;1092800;4.00;
3W718UE9EUVUJGAIW7WCSAJ232S8KV.png;0.0264,0.0187,0.0341,0.0597,0.0492,0.0615,0.0660,0.0773,0.0000,0.0321,0.0000,0.0000,0.0000,0.0000,0.0000,0.0673,;10,0,0,0,0,0,0,0,0,0,0,;0.0492;5;4;1092800;2.50;
3W7EAH4XLRRHWHV8PSJNN5I48Z5K1Z.png;0.0491,0.0000,0.0000,0.0000,0.2386,0.1112,0.0000,0.0000,0.0000,0.0960,0.0000,0.0435,0.0000,0.0000,0.0000,0.0000,;3,1,1,0,0,0,0,0,0,0,0,;0.1077;2;2;546400;2.00;
3WAI7IWAXVDPIQMZBUA6WKWKGBTKCH.png;0.2052,0.1335,0.3501,0.0187,0.0000,0.0000,0.0000,0.2470,0.0000,0.0000,0.0000,0.0000,0.0000,0.0000,0.0000,0.1077,;2,2,1,1,0,0,0,0,0,0,0,;0.1770;3;2;546400;1.50;
3WNTBWVI6HTKT402X941XY1LBXF1DP.png;0.0000,0.2147,0.2617,0.0000,0.0000,0.0000,0.1293,0.0000,0.0000,0.1594,0.0000,0.1887,0.0000,0.4669,0.0000,0.2525,;0,3,3,0,1,0,0,0,0,0,0,;0.2390;3;2;546400;1.50;
3WNTBWVI7IICS3U5SPMYXHW39RR1DW.png;0.0197,0.3981,0.3416,0.1014,0.1642,0.0000,0.0000,0.0618,0.0000,0.0000,0.0000,0.0000,0.0000,0.0000,0.0000,0.0618,;4,1,0,2,0,0,0,0,0,0,0,;0.1641;3;3;819600;3.00;
3X3BKUX7FNI4TQBH6Z6BCBN743AUUW.png;0.0432,0.2555,0.1361,0.1133,0.0983,0.0785,0.0342,0.0283,0.0000,0.0315,0.0000,0.0346,0.0000,0.0000,0.0000,0.0283,;8,2,1,0,0,0,0,0,0,0,0,;0.0802;4;4;1092800;4.00;
3XCMB0010Q8CROANL93DZ0TZ7HDP3B.png;0.0000,0.0000,0.0000,0.0000,0.0150,0.2290,0.0000,0.0000,0.0000,0.0358,0.0000,0.0464,0.0000,0.0000,0.0000,0.0000,;3,0,1,0,0,0,0,0,0,0,0,;0.0815;1;1;273200;1.00;
3XFOW6US4G39LHGXH58DQK2U59EF7W.png;0.0950,0.2136,0.0290,0.1817,0.1838,0.0211,0.0000,0.0000,0.0000,0.0000,0.0000,0.0000,0.0000,0.0000,0.0000,0.0000,;3,2,1,0,0,0,0,0,0,0,0,;0.1207;3;3;819600;3.00;
3XH5NKQXD1CEK1G2OFNXP2YO5CGQ1D.png;0.0759,0.0654,0.0594,0.0636,0.0666,0.0740,0.0678,0.0729,0.0000,0.0347,0.0000,0.0311,0.0000,0.0396,0.0000,0.0269,;12,0,0,0,0,0,0,0,0,0,0,;0.0565;8;8;2185600;8.00;
3XKJYHBF1PGIGZAV82J26HU67K1S94.png;0.0778,0.0649,0.0439,0.0754,0.0600,0.0363,0.0557,0.1013,0.0000,0.0430,0.0000,0.0183,0.0000,0.0423,0.0000,0.0960,;12,0,0,0,0,0,0,0,0,0,0,;0.0596;6;5;1366000;3.00;
3XKJYHBF2QXEJ36G795O9QJC5X59SV.png;0.1293,0.0716,0.0000,0.0000,0.0000,0.0000,0.0000,0.0000,0.0000,0.0000,0.0000,0.0000,0.0000,0.0000,0.0000,0.0000,;1,1,0,0,0,0,0,0,0,0,0,;0.1004;1;1;273200;1.00;
3XLULPCEJ5A20HTSPHJ11BGOHJ2K00.png;0.2105,0.1710,0.1231,0.0831,0.1777,0.1746,0.2172,0.0953,0.0000,0.0605,0.0000,0.0539,0.0000,0.0797,0.0000,0.0000,;5,4,2,0,0,0,0,0,0,0,0,;0.1315;5;3;819600;2.50;
3XLULPCEK6XSKDKZU2VPQEQSWADK07.png;0.0000,0.3393,0.3364,0.1378,0.1885,0.1351,0.0842,0.0086,0.0000,0.0320,0.0000,0.0009,0.0000,0.0000,0.0000,0.0000,;2,3,0,2,0,0,0,0,0,0,0,;0.1403;3;3;819600;3.00;
3XOONX5XJ4G5CUJT3GITEEBP8TAR9P.png;0.0708,0.4508,0.0245,0.0000,0.0000,0.0000,0.0000,0.0000,0.0000,0.0000,0.0000,0.0000,0.0000,0.0000,0.0000,0.0000,;2,0,0,0,1,0,0,0,0,0,0,;0.1821;1;1;273200;1.00;
3XQ5ITPVUWC5A41L5RJWP1DP30VQTX.png;0.2758,0.1962,0.3984,0.1817,0.0717,0.0259,0.0000,0.0000,0.0000,0.0000,0.0000,0.0000,0.0000,0.0000,0.0000,0.0000,;2,2,1,1,0,0,0,0,0,0,0,;0.1916;3;3;819600;3.00;
3XQ5ITPVUWCZXHDQO612ZU9R46PQTU.png;0.1468,0.1408,0.2699,0.0351,0.1468,0.1275,0.0000,0.1098,0.0000,0.1531,0.0000,0.1112,0.0000,0.0000,0.0000,0.1106,;2,7,1,0,0,0,0,0,0,0,0,;0.1352;5;4;1092800;2.50;
3XQ5ITPVVXEK5RIJJ0S4JMU41HATQO.png;0.0887,0.0814,0.0947,0.0234,0.0858,0.0000,0.0000,0.0000,0.0000,0.0604,0.0000,0.0000,0.0000,0.0000,0.0000,0.0000,;6,0,0,0,0,0,0,0,0,0,0,;0.0724;4;4;1092800;4.00;
3XXLL7ZNZBX2S1C8S0AVX01M47X2SM.png;0.0602,0.0686,0.0557,0.0780,0.0772,0.0928,0.1775,0.0427,0.0000,0.0000,0.0000,0.0000,0.0000,0.0000,0.0000,0.0000,;7,1,0,0,0,0,0,0,0,0,0,;0.0816;2;2;546400;2.00;
3Y6OYEUGD7DBA3Z0UX7LVDP3LCIS5W.png;0.2545,0.0554,0.0689,0.1258,0.3168,0.0801,0.0589,0.0592,0.0000,0.0149,0.0000,0.0000,0.0000,0.0000,0.0000,0.0000,;6,1,1,1,0,0,0,0,0,0,0,;0.1149;3;3;819600;3.00;
3YATNUOYWN28VJEWP8MVZLA65TU5R8.png;0.0446,0.0474,0.0534,0.0775,0.0283,0.0000,0.0000,0.0000,0.0000,0.0283,0.0000,0.0000,0.0000,0.0000,0.0000,0.0000,;6,0,0,0,0,0,0,0,0,0,0,;0.0466;3;3;819600;3.00;
3YE2HAAZLWT35EOEU3RFNMQ5RC4ZU3.png;0.1166,0.0265,0.0254,0.0255,0.0251,0.0002,0.0256,0.0245,0.0000,0.0266,0.0000,0.0005,0.0000,0.0262,0.0000,0.0255,;9,1,0,0,0,0,0,0,0,0,0,;0.0290;1;1;273200;1.00;
3YJAOW5N8OU26Z949MJ65YS6Q7GNS0.png;0.0696,0.0718,0.1780,0.0648,0.0962,0.0867,0.0763,0.0390,0.0000,0.0679,0.0000,0.0524,0.0000,0.0405,0.0000,0.0049,;10,1,0,0,0,0,0,0,0,0,0,;0.0707;5;5;1366000;5.00;
3YJAOW5N8OUDFKNJJE4VLVI018MNS9.png;0.1365,0.1254,0.2081,0.1212,0.1960,0.0367,0.0000,0.1078,0.0000,0.1905,0.0000,0.0330,0.0000,0.0000,0.0000,0.1087,;4,6,0,0,0,0,0,0,0,0,0,;0.1264;4;3;819600;2.00;
3YJAOW5N8OUDFKNJJE4VLVI0YDQNSK.png;0.1369,0.0708,0.1002,0.0000,0.1077,0.0000,0.0000,0.1098,0.0000,0.1082,0.0000,0.0000,0.0000,0.0000,0.0000,0.1106,;5,2,0,0,0,0,0,0,0,0,0,;0.1063;5;3;819600;2.50;
3YJAOW5N9PI929Z2OH5BG1NQ7AGNSB.png;0.1945,0.1362,0.2835,0.1710,0.0000,0.0000,0.0000,0.0000,0.0000,0.0087,0.0000,0.0000,0.0000,0.0000,0.0000,0.0000,;0,3,1,0,0,0,0,0,0,0,0,;0.1588;3;3;819600;3.00;
3YKHA5XMY4LNHWQDYI2RHLTBGR3A75.png;0.0790,0.0699,0.1684,0.0000,0.0278,0.0000,0.0000,0.0000,0.0000,0.0278,0.0000,0.0000,0.0000,0.0000,0.0000,0.0000,;4,1,0,0,0,0,0,0,0,0,0,;0.0746;2;2;546400;2.00;
3YNFDCZ5Q3U1E5N64P4QVLD4C30NR9.png;0.1349,0.1011,0.0538,0.0000,0.1063,0.0000,0.0178,0.1489,0.0000,0.0936,0.0000,0.0005,0.0000,0.0249,0.0000,0.1290,;6,3,0,0,0,0,0,0,0,0,0,;0.0811;6;3;819600;2.00;
3YNFDCZ5R4IX1UZP9S56QRIUL8YNRO.png;0.2013,0.1362,0.2826,0.1786,0.0040,0.0000,0.0000,0.0000,0.0000,0.1074,0.0000,0.1315,0.0000,0.1865,0.0000,0.0000,;1,5,1,0,0,0,0,0,0,0,0,;0.1535;4;3;819600;2.00;
3YR6VNT52416IC86SLGIIDTF4TWB78.png;0.0832,0.0000,0.0000,0.0000,0.0000,0.0000,0.0000,0.0000,0.0000,0.0000,0.0000,0.0000,0.0000,0.0000,0.0000,0.0000,;1,0,0,0,0,0,0,0,0,0,0,;0.0832;1;1;273200;1.00;
3YR6VNT5352GKULNOMVIY5386U67BS.png;0.1443,0.3282,0.1869,0.0877,0.0914,0.0847,0.0859,0.0579,0.0000,0.0000,0.0000,0.0000,0.0000,0.0000,0.0000,0.0000,;5,2,0,1,0,0,0,0,0,0,0,;0.1334;3;3;819600;3.00;
3YS67JKWKBRVDSIQ9F8UVFJ1JQRX40.png;0.1235,0.0000,0.0000,0.0369,0.0299,0.1309,0.1233,0.0305,0.0000,0.0000,0.0000,0.0000,0.0000,0.0000,0.0000,0.0000,;3,3,0,0,0,0,0,0,0,0,0,;0.0792;3;2;546400;1.50;
3YS67JKWKBTMNDQ3LRFOMM61VUK4X5.png;0.3768,0.4324,0.1134,0.0000,0.0766,0.0000,0.0000,0.0000,0.0000,0.0000,0.0000,0.0000,0.0000,0.0000,0.0000,0.0000,;1,1,0,1,1,0,0,0,0,0,0,;0.2498;2;2;546400;2.00;
3YVLYSYEBF5NUSY0E746VZKOKNG0QY.png;0.0959,0.2352,0.1286,0.0000,0.0000,0.0000,0.0000,0.0000,0.0000,0.0000,0.0000,0.0000,0.0000,0.0000,0.0000,0.0000,;1,1,1,0,0,0,0,0,0,0,0,;0.1532;1;1;273200;1.00;
3Z1VWDJDMCSL9FEEWY1JWQIRHY8F8V.png;0.3386,0.3910,0.0736,0.1737,0.0501,0.0000,0.0000,0.0000,0.0000,0.0000,0.0000,0.0000,0.0000,0.0000,0.0000,0.0000,;2,1,0,2,0,0,0,0,0,0,0,;0.2054;2;2;546400;2.00;
3Z1VWDJDMCXXDMC10K62ECWQF20F8X.png;0.1427,0.0520,0.0514,0.1885,0.0012,0.0000,0.0769,0.0705,0.0000,0.0000,0.0000,0.0000,0.0000,0.0000,0.0000,0.0000,;4,2,0,0,0,0,0,0,0,0,0,;0.0833;2;2;546400;2.00;
3Z1VWDJDNDED63DNWYEYK1BZJ9X8FQ.png;0.0615,0.0000,0.0000,0.0000,0.0000,0.0000,0.0000,0.0000,0.0000,0.0000,0.0000,0.0000,0.0000,0.0000,0.0000,0.0000,;1,0,0,0,0,0,0,0,0,0,0,;0.0615;1;1;273200;1.00;
3ZAK6NWIZ37QLEUJSP86OBIVCQQ9VS.png;0.0630,0.0639,0.0360,0.2150,0.2076,0.0201,0.0000,0.0000,0.0000,0.0000,0.0000,0.0000,0.0000,0.0000,0.0000,0.0000,;4,1,1,0,0,0,0,0,0,0,0,;0.1009;2;2;546400;2.00;
3ZFB7PFNY1ZJD1XM4GHBRRAA6FG931.png;0.2099,0.0832,0.0264,0.0000,0.0268,0.0000,0.0219,0.0000,0.0000,0.0124,0.0000,0.0000,0.0000,0.0076,0.0000,0.0000,;5,1,0,0,0,0,0,0,0,0,0,;0.0555;2;2;546400;2.00;
3ZFB7PFNY1ZJD1XM4GHBRRAA6GF932.png;0.1981,0.0947,0.0000,0.0467,0.2327,0.3016,0.0000,0.0000,0.0000,0.0293,0.0000,0.0000,0.0000,0.0000,0.0000,0.0000,;3,1,2,0,0,0,0,0,0,0,0,;0.1505;3;2;546400;1.50;
3ZNMTDKQXPRIYI9V3LJLED84I1Z2VB.png;0.1950,0.2067,0.2498,0.1452,0.3585,0.1185,0.2356,0.2108,0.0000,0.0790,0.0000,0.0174,0.0000,0.0439,0.0000,0.0359,;4,4,3,1,0,0,0,0,0,0,0,;0.1580;6;6;1639200;6.00;
3ZSDUF3VXOXZ44ZW3SE86JT3CR623Z.png;0.1140,0.2302,0.0209,0.0138,0.0168,0.0290,0.0283,0.0000,0.0000,0.0000,0.0000,0.0000,0.0000,0.0283,0.0000,0.0000,;6,1,1,0,0,0,0,0,0,0,0,;0.0602;2;2;546400;2.00;
3ZXEP6UEFFQUF1V5KFZ2RFEFLM08OQ.png;0.0427,0.0150,0.0228,0.0541,0.0784,0.1691,0.1169,0.0096,0.0000,0.0039,0.0000,0.0000,0.0000,0.0052,0.0000,0.0000,;5,2,0,0,0,0,0,0,0,0,0,;0.0518;4;4;1092800;4.00;
