imageID;text densities;Histogram of windows with text densitites b/w 0:0.1:1;threshold;windows greater than threshold;largest connected window (no. of windows);largest connected window in pixels;The average size of connected regions;
306OACM7G04QOX49OC3VEMIMU7KA8L.png;0.1593,0.1930,0.0978,0.0566,0.0413,0.0057,0.0000,0.0093,0.0000,0.0391,0.0000,0.0221,0.0000,0.0000,0.0186,0.0000,0.0000,0.0000,0.0000,0.0000,;6,2,0,0,0,0,0,0,0,0,0,;0.0643;3;3;613800;3.00;
30E2X49V611K26Z0IIHLB47CQY53NF.png;0.1194,0.2057,0.0606,0.0000,0.0000,0.1021,0.0000,0.0000,0.0000,0.0000,0.0000,0.0000,0.0000,0.0000,0.0000,0.0000,0.0000,0.0000,0.0000,0.0000,;2,2,0,0,0,0,0,0,0,0,0,;0.1220;1;1;204600;1.00;
30E2X49V611K26Z0IIHLB47CQY63NG.png;0.0906,0.0266,0.0241,0.0189,0.0000,0.1829,0.0000,0.0603,0.0281,0.0811,0.0000,0.0000,0.0000,0.0000,0.0820,0.0000,0.0000,0.0000,0.0000,0.0000,;8,1,0,0,0,0,0,0,0,0,0,;0.0661;4;4;818400;4.00;
30GUUI0R316PRKEN69AJEXY15MMBCT.png;0.1128,0.1391,0.0848,0.1185,0.0963,0.0871,0.0000,0.1461,0.0048,0.1691,0.0000,0.0000,0.0000,0.0000,0.0183,0.0000,0.0000,0.0000,0.0000,0.0000,;4,5,0,0,0,0,0,0,0,0,0,;0.0977;5;2;409200;2.50;
319N3DB42B6LKGW48RIT1IUY6MJEPG.png;0.0418,0.0178,0.0000,0.0608,0.0511,0.0000,0.0000,0.1800,0.0000,0.1348,0.0000,0.0373,0.0000,0.0000,0.0547,0.0000,0.0000,0.0000,0.0000,0.0000,;6,2,0,0,0,0,0,0,0,0,0,;0.0723;2;1;204600;2.00;
31H4HIBP9AWNGDF6JZY7J01Z8LG5HP.png;0.1688,0.2423,0.1754,0.1328,0.1421,0.1888,0.0000,0.1767,0.0701,0.1917,0.0000,0.0513,0.0000,0.0000,0.0556,0.0000,0.0000,0.0000,0.0000,0.0000,;3,7,1,0,0,0,0,0,0,0,0,;0.1451;6;6;1227600;6.00;
31QBDMKNDPO96CGOU6OI3UH1N96L85.png;0.0000,0.0000,0.0000,0.1192,0.1418,0.0070,0.0000,0.0013,0.0213,0.0129,0.0000,0.0047,0.0000,0.0000,0.0000,0.0000,0.0000,0.0000,0.0000,0.0000,;2,2,0,0,0,0,0,0,0,0,0,;0.0441;2;1;204600;2.00;
31QOF9ABLNAV27TO4PXO0GLATWO1L1.png;0.1774,0.1689,0.2610,0.2150,0.0000,0.2603,0.0000,0.2862,0.1276,0.0000,0.0000,0.1878,0.0000,0.0000,0.0225,0.0000,0.0000,0.0000,0.0000,0.0225,;2,4,4,0,0,0,0,0,0,0,0,;0.1729;6;6;1227600;6.00;
31R9JPCYP6DVE0AQVNO2QFRENFMWRA.png;0.1787,0.1102,0.1881,0.0000,0.0000,0.0167,0.0000,0.0000,0.0000,0.0000,0.0000,0.0000,0.0000,0.0000,0.0000,0.0000,0.0000,0.0000,0.0000,0.0000,;1,3,0,0,0,0,0,0,0,0,0,;0.1234;2;1;204600;2.00;
31TTIPZ8XM69HILWQZWMCQMN1KS3GE.png;0.0000,0.0000,0.0000,0.0000,0.0149,0.0000,0.0000,0.0000,0.0000,0.0997,0.0000,0.0000,0.0000,0.0000,0.1073,0.0000,0.0000,0.0000,0.0000,0.0000,;3,0,0,0,0,0,0,0,0,0,0,;0.0739;2;2;409200;2.00;
31ZZN31VRB1J1I6XNAS9X9DBA59QRV.png;0.0513,0.0657,0.0667,0.0636,0.0385,0.0452,0.0000,0.0337,0.0030,0.0460,0.0000,0.0000,0.0000,0.0000,0.0000,0.0000,0.0000,0.0000,0.0000,0.0000,;8,0,0,0,0,0,0,0,0,0,0,;0.0460;4;4;818400;4.00;
3203J2GC2PK4HSXGZ2GG107218V84Q.png;0.2179,0.0000,0.0000,0.0000,0.0000,0.0935,0.0000,0.0494,0.0851,0.0493,0.0000,0.0012,0.0000,0.0000,0.0441,0.0000,0.0000,0.0000,0.0000,0.0000,;5,0,1,0,0,0,0,0,0,0,0,;0.0772;3;3;613800;3.00;
3203J2GC2PK4HSXGZ2GG1073Z7V84O.png;0.1356,0.0000,0.0000,0.1999,0.1142,0.0000,0.0000,0.0763,0.0000,0.0312,0.0000,0.0022,0.0000,0.0000,0.0000,0.0000,0.0000,0.0000,0.0000,0.0000,;2,3,0,0,0,0,0,0,0,0,0,;0.0932;3;2;409200;1.50;
3203J2GC2PK4HSXGZ2GG1074VAS84P.png;0.2299,0.0000,0.0000,0.0000,0.0000,0.0000,0.0000,0.0000,0.0000,0.0000,0.0000,0.0000,0.0000,0.0000,0.0000,0.0000,0.0000,0.0000,0.0000,0.0000,;0,0,1,0,0,0,0,0,0,0,0,;0.2299;1;1;204600;1.00;
320GLP60AN5TS9K5PU8IGRVPKUZ14P.png;0.0000,0.0000,0.0000,0.0473,0.1174,0.0320,0.0000,0.0341,0.1745,0.1826,0.0000,0.2010,0.0000,0.0000,0.2160,0.0000,0.0000,0.0000,0.0000,0.0000,;3,4,1,0,0,0,0,0,0,0,0,;0.1256;4;4;818400;4.00;
320GLP60AN6FM9FGZXIOL5AG38941T.png;0.0865,0.1180,0.1162,0.0115,0.0029,0.2570,0.0000,0.0099,0.2115,0.1086,0.0000,0.0097,0.0000,0.0000,0.0864,0.0000,0.0000,0.0000,0.0000,0.0007,;4,2,2,0,0,0,0,0,0,0,0,;0.0849;7;7;1432200;7.00;
323KIQYDLQ7S9UIT4NE6QLFONB14CB.png;0.1384,0.0000,0.0031,0.1405,0.0000,0.0000,0.0000,0.0674,0.0000,0.0042,0.0000,0.0173,0.0000,0.0000,0.0590,0.0072,0.0000,0.0000,0.0000,0.0136,;4,2,0,0,0,0,0,0,0,0,0,;0.0501;4;2;409200;2.00;
3244QHISJ1ITNE98CFK36E7RG91L0N.png;0.0896,0.0057,0.0000,0.0000,0.0000,0.0000,0.0000,0.0802,0.0000,0.0000,0.0000,0.0810,0.0000,0.0000,0.0000,0.0000,0.0000,0.0000,0.0000,0.0000,;3,0,0,0,0,0,0,0,0,0,0,;0.0641;3;2;409200;1.50;
3244QHISK2XKVEPCAXDY38M44I9L04.png;0.1127,0.0154,0.0222,0.0153,0.0153,0.0470,0.0000,0.0000,0.0113,0.0000,0.0000,0.0073,0.0000,0.0000,0.0282,0.0073,0.0000,0.0000,0.0000,0.0200,;8,1,0,0,0,0,0,0,0,0,0,;0.0275;3;2;409200;1.50;
329GGY5YRI5WHTWS4FZ9QWPAMFRT4W.png;0.0805,0.0009,0.0013,0.0000,0.0000,0.1364,0.0000,0.0000,0.0000,0.0000,0.0000,0.0000,0.0000,0.0000,0.0000,0.0000,0.0000,0.0000,0.0000,0.0000,;1,1,0,0,0,0,0,0,0,0,0,;0.0548;2;2;409200;2.00;
32GVUSPLEYOYH9SP841K39EVOUOK3Z.png;0.1099,0.1433,0.0920,0.1853,0.1855,0.0364,0.0000,0.2673,0.0105,0.1697,0.0000,0.1427,0.0000,0.0000,0.0883,0.0000,0.0000,0.0000,0.0000,0.0184,;6,5,1,0,0,0,0,0,0,0,0,;0.1208;6;3;613800;6.00;
32GVUSPLFZ61Q5EOZV799O813X5K3C.png;0.0543,0.0569,0.0426,0.0435,0.0412,0.0465,0.0000,0.0468,0.0000,0.0431,0.0000,0.0000,0.0000,0.0000,0.0000,0.0000,0.0000,0.0000,0.0000,0.0000,;8,0,0,0,0,0,0,0,0,0,0,;0.0469;2;2;409200;2.00;
32JEHGQ0QIPYH7JPSF8OLMHJ8AAU81.png;0.0775,0.0067,0.0384,0.0000,0.0143,0.0002,0.0000,0.0000,0.0000,0.0004,0.0000,0.0000,0.0000,0.0000,0.0000,0.0000,0.0000,0.0000,0.0000,0.0000,;3,0,0,0,0,0,0,0,0,0,0,;0.0229;2;1;204600;2.00;
32JRJ3GOYGFHSVM6IWA88RJNYD8U1D.png;0.2597,0.1677,0.1693,0.1494,0.1684,0.2181,0.0000,0.1867,0.2041,0.1457,0.0000,0.1364,0.0000,0.0000,0.0387,0.0686,0.0000,0.0000,0.0000,0.0258,;3,8,2,0,0,0,0,0,0,0,0,;0.1491;8;8;1636800;8.00;
32SOQFN7RN4Q5SNOXDF8KS0W4TRIPM.png;0.3988,0.0343,0.0000,0.1076,0.2621,0.0000,0.0000,0.0000,0.0000,0.2253,0.0000,0.0000,0.0000,0.0000,0.0000,0.0000,0.0000,0.0000,0.0000,0.0000,;2,0,2,1,0,0,0,0,0,0,0,;0.2056;3;3;613800;3.00;
32WAV7G60PNC75TK9C1M3A29EH0D36.png;0.0130,0.0000,0.0000,0.0000,0.0000,0.0179,0.0000,0.0278,0.0207,0.0807,0.0000,0.0000,0.0000,0.0000,0.0374,0.0000,0.0000,0.0000,0.0000,0.0000,;6,0,0,0,0,0,0,0,0,0,0,;0.0329;2;2;409200;2.00;
32WAV7G6ZOBEE25MHO1EVKD7PUBD3N.png;0.1547,0.0000,0.0000,0.0756,0.0654,0.0000,0.0000,0.0000,0.0000,0.0000,0.0000,0.0000,0.0000,0.0000,0.0000,0.0000,0.0000,0.0000,0.0000,0.0000,;2,1,0,0,0,0,0,0,0,0,0,;0.0986;1;1;204600;1.00;
330XZFCZ7R2IEZH3T3I3O6ANM0DXTM.png;0.0130,0.0000,0.0000,0.0000,0.0000,0.0000,0.0000,0.0000,0.0000,0.0000,0.0000,0.0000,0.0000,0.0000,0.0000,0.0000,0.0000,0.0000,0.0000,0.0000,;1,0,0,0,0,0,0,0,0,0,0,;0.0130;1;1;204600;1.00;
330XZFCZ7RB627L6HWI9543W690TXG.png;0.2735,0.2228,0.2540,0.3620,0.2192,0.1336,0.0000,0.2376,0.1078,0.0637,0.0000,0.0000,0.0000,0.0000,0.0000,0.0000,0.0000,0.0000,0.0000,0.0000,;2,1,5,1,0,0,0,0,0,0,0,;0.2083;6;6;1227600;6.00;
33EWWXEH81XUPFZ4BLANE2SZQMJ40X.png;0.0130,0.0000,0.0000,0.0000,0.0000,0.0718,0.0000,0.0658,0.0000,0.0181,0.0000,0.0197,0.0000,0.0000,0.0183,0.0000,0.0000,0.0000,0.0000,0.0000,;6,0,0,0,0,0,0,0,0,0,0,;0.0344;2;1;204600;2.00;
33FLRCV01N0NF725EJLGLLU8UGYORG.png;0.0125,0.0000,0.0000,0.0000,0.0000,0.0034,0.0000,0.0000,0.0000,0.0000,0.0000,0.0000,0.0000,0.0000,0.0000,0.0000,0.0000,0.0000,0.0000,0.0000,;1,0,0,0,0,0,0,0,0,0,0,;0.0079;1;1;204600;1.00;
33QM7VBL79CAH7ME53S2DMVHTOZ3QX.png;0.3691,0.1850,0.2174,0.1766,0.1573,0.2153,0.0000,0.1640,0.1079,0.1412,0.0000,0.0282,0.0000,0.0000,0.0946,0.0000,0.0000,0.0000,0.0000,0.0348,;4,5,2,1,0,0,0,0,0,0,0,;0.1576;6;6;1227600;6.00;
33RX46D1RXVH625SCIG7UWSYT80X1J.png;0.0000,0.0727,0.1031,0.1352,0.0881,0.0580,0.0000,0.2096,0.0000,0.1638,0.0000,0.0851,0.0000,0.0000,0.0704,0.0351,0.0000,0.0000,0.0000,0.0308,;8,3,0,0,0,0,0,0,0,0,0,;0.0956;4;3;613800;2.00;
33XMDKLTFSU7YK1SQJZ2MPHPZ4ZZCZ.png;0.2042,0.2119,0.1387,0.1900,0.1596,0.1923,0.0000,0.2571,0.0950,0.1963,0.0000,0.0351,0.0000,0.0000,0.0227,0.0000,0.0000,0.0000,0.0000,0.0000,;3,6,2,0,0,0,0,0,0,0,0,;0.1548;7;5;1023000;3.50;
344RGS4J7S874QSQIPH3B5TQWFPMPU.png;0.0613,0.0081,0.0000,0.0000,0.0159,0.0000,0.0000,0.0000,0.0000,0.0917,0.0000,0.0000,0.0000,0.0000,0.0917,0.0000,0.0000,0.0000,0.0000,0.0094,;4,0,0,0,0,0,0,0,0,0,0,;0.0463;3;2;409200;1.50;
34B3PHKY7L0QRWI1JO5S4NCKMT3NE1.png;0.1334,0.2333,0.0688,0.0000,0.0000,0.0000,0.0000,0.0000,0.0000,0.0000,0.0000,0.0000,0.0000,0.0000,0.0000,0.0000,0.0000,0.0000,0.0000,0.0000,;1,1,1,0,0,0,0,0,0,0,0,;0.1452;1;1;204600;1.00;
34KQN2TBKTGWLIK008X22C5QD2JSAJ.png;0.0000,0.0000,0.0000,0.0000,0.0000,0.0000,0.0000,0.0000,0.0000,0.0000,0.0000,0.0000,0.0000,0.0000,0.0000,0.0000,0.0000,0.0000,0.0000,0.0000,;0,0,0,0,0,0,0,0,0,0,0,;NaN;0;
34RF8KPUOTU14SPS6MXYXNPWVK1SBB.png;0.0021,0.0390,0.0251,0.0221,0.0230,0.0244,0.0000,0.0142,0.0000,0.0089,0.0000,0.0000,0.0000,0.0000,0.0000,0.0000,0.0000,0.0000,0.0000,0.0000,;6,0,0,0,0,0,0,0,0,0,0,;0.0176;5;5;1023000;5.00;
34RF8KPUOTU14SPS6MXYXNPWVK1SBB_1.png;0.0385,0.0698,0.0223,0.0474,0.0460,0.0187,0.0000,0.0662,0.0000,0.0434,0.0000,0.0000,0.0000,0.0000,0.0000,0.0000,0.0000,0.0000,0.0000,0.0000,;8,0,0,0,0,0,0,0,0,0,0,;0.0440;4;2;409200;4.00;
34RF8KPUOTU14SPS6MXYXNPWVK1SBB_2.png;0.0492,0.0546,0.0383,0.0380,0.0392,0.0351,0.0000,0.0393,0.0000,0.0444,0.0000,0.0000,0.0000,0.0000,0.0000,0.0000,0.0000,0.0000,0.0000,0.0000,;8,0,0,0,0,0,0,0,0,0,0,;0.0423;3;2;409200;1.50;
34RF8KPUOTU14SPS6MXYXNPWVK7SBH.png;0.0219,0.0354,0.0405,0.0342,0.0082,0.0245,0.0000,0.0234,0.0000,0.0001,0.0000,0.0000,0.0000,0.0000,0.0000,0.0000,0.0000,0.0000,0.0000,0.0000,;6,0,0,0,0,0,0,0,0,0,0,;0.0235;4;4;818400;4.00;
34YKDDZP3UMABNHOK8ECJ4FCOZJWHB.png;0.2238,0.1040,0.2016,0.2619,0.1369,0.3955,0.0000,0.4697,0.2382,0.2110,0.0000,0.2077,0.0000,0.0000,0.1298,0.0769,0.0000,0.0000,0.0000,0.0400,;3,4,4,1,1,0,0,0,0,0,0,;0.2075;7;4;818400;3.50;
3568B45QGKRG3Y1LZDHA1JA6BSCO3E.png;0.2423,0.0000,0.0000,0.0179,0.1337,0.0000,0.0000,0.0000,0.0000,0.0000,0.0000,0.0000,0.0000,0.0000,0.0000,0.0000,0.0000,0.0000,0.0000,0.0000,;1,1,1,0,0,0,0,0,0,0,0,;0.1313;2;2;409200;2.00;
3589VT1T2BGMXIVHZGNGS492OQIJN8.png;0.3127,0.0000,0.0000,0.0313,0.0824,0.0000,0.0000,0.0206,0.0000,0.2648,0.0000,0.0000,0.0000,0.0000,0.0367,0.0000,0.0000,0.0000,0.0000,0.0000,;4,0,1,1,0,0,0,0,0,0,0,;0.1248;2;1;204600;2.00;
35DAEVU8JHJ10FFZ10EN4CRDQ8F870.png;0.1535,0.1529,0.0151,0.0000,0.0000,0.1283,0.0000,0.0000,0.1283,0.0503,0.0000,0.0000,0.0000,0.0000,0.0517,0.0000,0.0000,0.0000,0.0000,0.0000,;3,4,0,0,0,0,0,0,0,0,0,;0.0972;4;4;818400;4.00;
35GRDJC92I6VOWRC3MF6JHNHWWLC7I.png;0.0079,0.0770,0.0000,0.0000,0.0000,0.0000,0.0000,0.0000,0.0000,0.0000,0.0000,0.0000,0.0000,0.0000,0.0000,0.0000,0.0000,0.0000,0.0000,0.0000,;1,0,0,0,0,0,0,0,0,0,0,;0.0424;1;1;204600;1.00;
35HIM1LU2HRMGPBVQO0P66HG1MBI5I.png;0.0910,0.0540,0.3703,0.3863,0.3537,0.1780,0.0000,0.2861,0.0541,0.1246,0.0000,0.0664,0.0000,0.0000,0.0825,0.0140,0.0000,0.0000,0.0000,0.0128,;7,2,1,3,0,0,0,0,0,0,0,;0.1595;5;5;1023000;5.00;
35QUA2ABY634ZYN782PTB2BL5I8EGJ.png;0.1081,0.0000,0.0000,0.0000,0.0000,0.0000,0.0000,0.0000,0.0000,0.0000,0.0000,0.0000,0.0000,0.0000,0.0000,0.0000,0.0000,0.0000,0.0000,0.0000,;1,0,0,0,0,0,0,0,0,0,0,;0.1081;1;1;204600;1.00;
35QUA2ABZ7MBAB0HZGYJHQ28USWGE7.png;0.1752,0.0000,0.0000,0.0000,0.0000,0.0000,0.0000,0.0000,0.0000,0.0000,0.0000,0.0000,0.0000,0.0000,0.0000,0.0000,0.0000,0.0000,0.0000,0.0000,;0,1,0,0,0,0,0,0,0,0,0,;0.1752;1;1;204600;1.00;
361LJMRMCQ5CDYJ025B6700NV8CUR4.png;0.0931,0.0890,0.1089,0.1415,0.1928,0.0852,0.0000,0.2179,0.0000,0.1454,0.0000,0.1865,0.0000,0.0000,0.1160,0.0979,0.0000,0.0000,0.0000,0.0393,;6,5,1,0,0,0,0,0,0,0,0,;0.1261;5;2;409200;2.50;
369VX4MEOJAKM0DV8XRK62EAJWKGI1.png;0.2562,0.1731,0.0105,0.0148,0.0578,0.0000,0.0000,0.0000,0.0000,0.0000,0.0000,0.0000,0.0000,0.0000,0.0000,0.0000,0.0000,0.0000,0.0000,0.0000,;3,1,1,0,0,0,0,0,0,0,0,;0.1025;2;2;409200;2.00;
36ARV8EEH67U95XPYN59VTZKFJ2VA1.png;0.1155,0.0450,0.0515,0.0000,0.0000,0.1331,0.0000,0.0466,0.0000,0.0228,0.0000,0.0471,0.0000,0.0000,0.0230,0.0000,0.0000,0.0000,0.0000,0.0000,;6,2,0,0,0,0,0,0,0,0,0,;0.0606;2;2;409200;2.00;
36FIWAXJH5YZ4NF13JA9L63DO7Z3AS.png;0.2213,0.3269,0.3378,0.2516,0.1179,0.3114,0.0000,0.2241,0.2394,0.1414,0.0000,0.1870,0.0000,0.0000,0.2382,0.0926,0.0000,0.0000,0.0000,0.0774,;2,3,5,3,0,0,0,0,0,0,0,;0.2129;8;7;1432200;4.00;
36HGGQAXL6KTNEA2DMTHLEEUZ4CVBW.png;0.2259,0.2937,0.2210,0.0815,0.0816,0.2567,0.0000,0.0886,0.1262,0.0993,0.0000,0.0879,0.0000,0.0000,0.0965,0.0038,0.0000,0.0000,0.0000,0.0062,;6,1,4,0,0,0,0,0,0,0,0,;0.1284;4;4;818400;4.00;
36HGGQAXL6L87J29O35QD9YQWSFBVG.png;0.0000,0.0000,0.1900,0.1037,0.0001,0.1115,0.0000,0.0257,0.1034,0.0000,0.0000,0.0000,0.0000,0.0000,0.0000,0.0000,0.0000,0.0000,0.0000,0.0000,;3,2,0,0,0,0,0,0,0,0,0,;0.0891;4;4;818400;4.00;
36IAL8HYOXSPP9QYVLXZPMFW48E4R6.png;0.0000,0.0000,0.0000,0.0712,0.1774,0.0000,0.0000,0.0267,0.0000,0.1190,0.0000,0.0000,0.0000,0.0000,0.0000,0.0000,0.0000,0.0000,0.0000,0.0000,;2,2,0,0,0,0,0,0,0,0,0,;0.0986;2;2;409200;2.00;
36MWL0IRGCO0L6PQ7W22BBNT0ICOHL.png;0.0496,0.2746,0.0000,0.0619,0.0981,0.0000,0.0000,0.0000,0.0000,0.0753,0.0000,0.0000,0.0000,0.0000,0.0878,0.0000,0.0000,0.0000,0.0000,0.0113,;6,0,1,0,0,0,0,0,0,0,0,;0.0941;2;2;409200;2.00;
36QDS77QN9NG5USZQM0XMAC2L97HFT.png;0.4198,0.0471,0.0000,0.2178,0.4678,0.0000,0.0000,0.2419,0.0000,0.3942,0.0000,0.0336,0.0000,0.0000,0.0107,0.0000,0.0000,0.0000,0.0000,0.0000,;3,0,2,1,2,0,0,0,0,0,0,;0.2291;4;3;613800;2.00;
36QDS77QN9Y3AP81GU3ZJ983H37HFJ.png;0.0906,0.0081,0.0000,0.0173,0.0000,0.0000,0.0000,0.0710,0.0000,0.0538,0.0000,0.0267,0.0000,0.0000,0.0543,0.0000,0.0000,0.0000,0.0000,0.0000,;6,0,0,0,0,0,0,0,0,0,0,;0.0460;4;2;409200;2.00;
36R3RQSDPTXRSZ6X7FR6HZHDYAF078.png;0.0130,0.0000,0.0000,0.0000,0.0000,0.0000,0.0000,0.0874,0.0000,0.0375,0.0000,0.0000,0.0000,0.0000,0.0380,0.0000,0.0000,0.0000,0.0000,0.0000,;4,0,0,0,0,0,0,0,0,0,0,;0.0440;1;1;204600;1.00;
375FCEJV4GX4B1VR293XJCDD0I7CCJ.png;0.1752,0.2034,0.2184,0.1938,0.1596,0.2608,0.0000,0.2416,0.1184,0.1911,0.0000,0.0828,0.0000,0.0000,0.0808,0.0233,0.0000,0.0000,0.0000,0.0132,;4,6,3,0,0,0,0,0,0,0,0,;0.1510;8;8;1636800;8.00;
375MF9UHMRPR2XWE6NL8JC3TL1HSX9.png;0.1151,0.2114,0.0797,0.0000,0.0000,0.0000,0.0000,0.0000,0.0000,0.0000,0.0000,0.0000,0.0000,0.0000,0.0000,0.0000,0.0000,0.0000,0.0000,0.0000,;1,1,1,0,0,0,0,0,0,0,0,;0.1354;1;1;204600;1.00;
37672WDDC2JA93V4O46FCCJ2VAJNM9.png;0.0000,0.0000,0.0000,0.0000,0.0000,0.0131,0.0000,0.0000,0.0016,0.0000,0.0000,0.0000,0.0000,0.0000,0.0000,0.0000,0.0000,0.0000,0.0000,0.0000,;1,0,0,0,0,0,0,0,0,0,0,;0.0074;1;1;204600;1.00;
378UBY8FQ61LFCJMHZWZTRZI59A8TB.png;0.2374,0.2280,0.2732,0.1107,0.0727,0.3227,0.0000,0.0612,0.1609,0.0220,0.0000,0.0501,0.0000,0.0000,0.0000,0.0246,0.0000,0.0000,0.0000,0.0000,;5,2,3,1,0,0,0,0,0,0,0,;0.1421;5;5;1023000;5.00;
378UBY8FR7AABMKBM232FCEFT60T8E.png;0.2295,0.2765,0.1560,0.1335,0.0402,0.0941,0.0000,0.0336,0.0235,0.0498,0.0000,0.0000,0.0000,0.0000,0.0455,0.0000,0.0000,0.0000,0.0000,0.0056,;6,2,2,0,0,0,0,0,0,0,0,;0.0989;4;4;818400;4.00;
379R4POZ46ZM5D7FMP5TH9FBQ7PRXR.png;0.0805,0.0015,0.0011,0.0000,0.0011,0.0308,0.0000,0.0000,0.0000,0.0133,0.0000,0.0000,0.0000,0.0000,0.0000,0.0000,0.0000,0.0000,0.0000,0.0000,;3,0,0,0,0,0,0,0,0,0,0,;0.0214;2;2;409200;2.00;
37CCG24EIZSNBY0O0RYFBPCKLTQZRW.png;0.0162,0.0125,0.0219,0.0239,0.0087,0.0059,0.0000,0.0029,0.0000,0.0060,0.0000,0.0000,0.0000,0.0000,0.0000,0.0000,0.0000,0.0000,0.0000,0.0000,;4,0,0,0,0,0,0,0,0,0,0,;0.0123;4;4;818400;4.00;
37CCG24EIZSNBY0O0RYFBPCKLTQZRW_1.png;0.0284,0.0254,0.0000,0.0253,0.0000,0.0000,0.0000,0.0079,0.0000,0.0000,0.0000,0.0000,0.0000,0.0000,0.0000,0.0000,0.0000,0.0000,0.0000,0.0000,;3,0,0,0,0,0,0,0,0,0,0,;0.0218;3;2;409200;1.50;
37CCG24EIZSNBY0O0RYFBPCKLTQZRW_2.png;0.0197,0.0160,0.0203,0.0199,0.0038,0.0053,0.0000,0.0050,0.0000,0.0000,0.0000,0.0000,0.0000,0.0000,0.0000,0.0003,0.0000,0.0000,0.0000,0.0002,;4,0,0,0,0,0,0,0,0,0,0,;0.0100;4;4;818400;4.00;
37FXVUXR5NUGX6LAN3N06Z6PNZ6EWN.png;0.0000,0.0000,0.0000,0.0000,0.0000,0.0000,0.0000,0.0000,0.0000,0.0000,0.0000,0.0000,0.0000,0.0000,0.0000,0.0000,0.0000,0.0000,0.0000,0.0000,;0,0,0,0,0,0,0,0,0,0,0,;NaN;0;
37NNZ8MO7S6VRHEMSEGUVBLX898EQM.png;0.2266,0.0309,0.0104,0.0103,0.0103,0.0013,0.0000,0.0012,0.0013,0.0013,0.0000,0.0011,0.0000,0.0000,0.0013,0.0064,0.0000,0.0000,0.0000,0.0064,;4,0,1,0,0,0,0,0,0,0,0,;0.0238;2;2;409200;2.00;
37QHTW84X0Z4WRFH6C4VHQ7JNTDJDT.png;0.0373,0.0162,0.0144,0.0144,0.0000,0.0090,0.0000,0.0169,0.0000,0.0000,0.0000,0.0000,0.0000,0.0000,0.0000,0.0000,0.0000,0.0000,0.0000,0.0000,;5,0,0,0,0,0,0,0,0,0,0,;0.0180;1;1;204600;1.00;
37ZHE2JT1D250TKIB56TICN73UM88S.png;0.1326,0.0000,0.0000,0.0000,0.0000,0.0000,0.0000,0.0361,0.0000,0.0389,0.0000,0.0481,0.0000,0.0000,0.0000,0.0000,0.0000,0.0000,0.0000,0.0000,;3,1,0,0,0,0,0,0,0,0,0,;0.0639;1;1;204600;1.00;
37ZHE2JT1D250TKIB56TICN73UQ88W.png;0.4299,0.4163,0.0886,0.0000,0.0000,0.1435,0.0000,0.0000,0.1642,0.0000,0.0000,0.0000,0.0000,0.0000,0.0000,0.0000,0.0000,0.0000,0.0000,0.0000,;1,2,0,0,2,0,0,0,0,0,0,;0.2485;2;2;409200;2.00;
37ZUGP9H9BONPT0XCKXE3200JPH817.png;0.2405,0.1022,0.3239,0.1760,0.3354,0.1441,0.0000,0.1600,0.0129,0.1603,0.0000,0.0979,0.0000,0.0000,0.0000,0.0000,0.0000,0.0000,0.0000,0.0000,;3,4,1,2,0,0,0,0,0,0,0,;0.1753;4;2;409200;4.00;
37ZUGP9H9BONPT0XCKXE3201JQL81F.png;0.2019,0.0000,0.0000,0.0000,0.0000,0.0000,0.0000,0.0000,0.0000,0.0000,0.0000,0.0000,0.0000,0.0000,0.0000,0.0000,0.0000,0.0000,0.0000,0.0000,;0,1,0,0,0,0,0,0,0,0,0,;0.2019;1;1;204600;1.00;
38464Y8J3VK9Y56OSLPV9KDIFIGV4J.png;0.0000,0.0000,0.0000,0.0000,0.0000,0.0731,0.0000,0.0407,0.0255,0.0404,0.0000,0.0003,0.0000,0.0000,0.0075,0.0000,0.0000,0.0000,0.0000,0.0000,;4,0,0,0,0,0,0,0,0,0,0,;0.0312;3;2;409200;1.50;
389X50RO4VDYCDHURIYQ7760LL5343.png;0.0826,0.0282,0.0203,0.0113,0.0000,0.0644,0.0000,0.0493,0.0000,0.0000,0.0000,0.0000,0.0000,0.0000,0.0000,0.0000,0.0000,0.0000,0.0000,0.0000,;6,0,0,0,0,0,0,0,0,0,0,;0.0427;3;2;409200;1.50;
38DNTK7MFN2OC2PZPWU81IIJXME01H.png;0.0037,0.0000,0.0000,0.0000,0.0000,0.1496,0.0000,0.1007,0.0215,0.0673,0.0000,0.0309,0.0000,0.0000,0.0172,0.0000,0.0000,0.0000,0.0000,0.0000,;5,1,0,0,0,0,0,0,0,0,0,;0.0558;3;2;409200;1.50;
38DNTK7MFN34LCW85JTSAD2CXFQ01S.png;0.1946,0.0805,0.0662,0.0517,0.0000,0.1195,0.0000,0.0919,0.0000,0.0000,0.0000,0.0000,0.0000,0.0000,0.0000,0.0000,0.0000,0.0000,0.0000,0.0000,;4,2,0,0,0,0,0,0,0,0,0,;0.1007;2;2;409200;2.00;
38DNTK7MFN3UAZX8DF8S385AB3E10K.png;0.2688,0.0633,0.0840,0.0305,0.0237,0.0915,0.0000,0.0437,0.0390,0.0000,0.0000,0.0188,0.0000,0.0000,0.0543,0.0000,0.0000,0.0000,0.0000,0.0000,;9,0,1,0,0,0,0,0,0,0,0,;0.0718;3;3;613800;3.00;
38FWZZ3ILTDK8ICQRL4PWREV0HIYN7.png;0.1627,0.1009,0.1062,0.1091,0.0827,0.0481,0.0000,0.0433,0.0081,0.0492,0.0000,0.0000,0.0000,0.0000,0.0000,0.0000,0.0000,0.0000,0.0000,0.0000,;7,1,0,0,0,0,0,0,0,0,0,;0.0789;5;5;1023000;5.00;
38GRQLZZQQCOARQX7FK2NWOBS4K0CN.png;0.0000,0.0000,0.0000,0.0000,0.0000,0.0000,0.0000,0.0000,0.0000,0.0000,0.0000,0.0000,0.0000,0.0000,0.0000,0.0000,0.0000,0.0000,0.0000,0.0000,;0,0,0,0,0,0,0,0,0,0,0,;NaN;0;
38IOEK81UIQHG7BFV93TAAEQ3W496W.png;0.0703,0.5341,0.1639,0.0000,0.0000,0.0708,0.0000,0.0000,0.0000,0.0000,0.0000,0.0000,0.0000,0.0000,0.0000,0.0000,0.0000,0.0000,0.0000,0.0000,;2,1,0,0,0,1,0,0,0,0,0,;0.2098;1;1;204600;1.00;
38LYNH3Q4ODLGFNEHSAP2J87XNZMGY.png;0.2240,0.1626,0.1460,0.0641,0.1287,0.0152,0.0000,0.0000,0.0000,0.0154,0.0000,0.0000,0.0000,0.0000,0.0000,0.0000,0.0000,0.0000,0.0000,0.0000,;3,3,1,0,0,0,0,0,0,0,0,;0.1080;4;4;818400;4.00;
38LYNH3Q5PUFYTLC9WG1VAJL0LTGM5.png;0.1173,0.1733,0.2346,0.1635,0.1222,0.3468,0.0000,0.2717,0.1930,0.1888,0.0000,0.1457,0.0000,0.0000,0.0176,0.0319,0.0000,0.0000,0.0000,0.0000,;2,7,2,1,0,0,0,0,0,0,0,;0.1672;6;6;1227600;6.00;
38MNOT6KWIG21RX6PKH1YJB8VKDT05.png;0.1711,0.0000,0.0000,0.0000,0.0000,0.0000,0.0000,0.0000,0.0000,0.0000,0.0000,0.0000,0.0000,0.0000,0.0000,0.0000,0.0000,0.0000,0.0000,0.0000,;0,1,0,0,0,0,0,0,0,0,0,;0.1711;1;1;204600;1.00;
38MNOT6KWIG21RX6PKH1YJB8VKDT05_1.png;0.5530,0.1888,0.0000,0.0000,0.0000,0.0000,0.0000,0.0000,0.0000,0.0000,0.0000,0.0000,0.0000,0.0000,0.0000,0.0000,0.0000,0.0000,0.0000,0.0000,;0,1,0,0,0,1,0,0,0,0,0,;0.3709;1;1;204600;1.00;
38MNOT6KWIG21RX6PKH1YJB8VKDT05_2.png;0.3629,0.0000,0.0000,0.0000,0.0000,0.0000,0.0000,0.0000,0.0000,0.0000,0.0000,0.0000,0.0000,0.0000,0.0000,0.0000,0.0000,0.0000,0.0000,0.0000,;0,0,0,1,0,0,0,0,0,0,0,;0.3629;1;1;204600;1.00;
38NH2CI7ROPJ1MAJ3F139HJ5CPPVU5.png;0.1846,0.2529,0.1654,0.0255,0.0200,0.2210,0.0000,0.0000,0.0046,0.1883,0.0000,0.0000,0.0000,0.0000,0.0828,0.0000,0.0000,0.0000,0.0000,0.0045,;3,3,2,0,0,0,0,0,0,0,0,;0.1150;5;5;1023000;5.00;
38NH2CI7SPCMWUJ4T62C2GD654VVUY.png;0.0628,0.0102,0.0068,0.0103,0.0107,0.0421,0.0000,0.0328,0.0404,0.0438,0.0000,0.0338,0.0000,0.0000,0.0434,0.0125,0.0000,0.0000,0.0000,0.0124,;12,0,0,0,0,0,0,0,0,0,0,;0.0278;7;7;1432200;7.00;
38VQ1AW9T5WCGLEK2ZAP9I6I4O826I.png;0.1022,0.0028,0.0000,0.0035,0.0104,0.0908,0.0000,0.2282,0.0000,0.1857,0.0000,0.0000,0.0000,0.0000,0.0000,0.0000,0.0000,0.0000,0.0000,0.0000,;3,1,1,0,0,0,0,0,0,0,0,;0.0891;4;3;613800;2.00;
390EOHYPK4Q05K2TRHZ1W9N0LW8X3W.png;0.0130,0.0000,0.0000,0.0000,0.0000,0.0150,0.0000,0.0000,0.0000,0.0375,0.0000,0.0000,0.0000,0.0000,0.0380,0.0000,0.0000,0.0000,0.0000,0.0000,;4,0,0,0,0,0,0,0,0,0,0,;0.0259;2;2;409200;2.00;
39393HGTI5QMIY6JHIT1M5IIGWJEOF.png;0.3245,0.1496,0.1298,0.1784,0.1888,0.1172,0.0000,0.3016,0.1392,0.2782,0.0000,0.0163,0.0000,0.0000,0.0131,0.0000,0.0000,0.0000,0.0000,0.0000,;2,6,2,1,0,0,0,0,0,0,0,;0.1670;5;3;613800;2.50;
394TEHR260P29GUZO0UUQSDZ63O65J.png;0.1506,0.0000,0.0000,0.0000,0.0000,0.0000,0.0000,0.0000,0.0000,0.0000,0.0000,0.0000,0.0000,0.0000,0.0000,0.0000,0.0000,0.0000,0.0000,0.0000,;0,1,0,0,0,0,0,0,0,0,0,;0.1506;1;1;204600;1.00;
39PLFW4P2L2RPNN40J9QB1XCZ2O4HT.png;0.1059,0.0220,0.0170,0.0101,0.0049,0.0379,0.0000,0.0179,0.0258,0.0153,0.0000,0.0317,0.0000,0.0000,0.0306,0.0153,0.0000,0.0000,0.0000,0.0158,;12,0,0,0,0,0,0,0,0,0,0,;0.0269;4;2;409200;4.00;
39UNKKTVDF8Y9H8JFO9U930XMBHYGJ.png;0.0033,0.0000,0.0000,0.0000,0.0000,0.0000,0.0000,0.0000,0.0000,0.0000,0.0000,0.0000,0.0000,0.0000,0.0000,0.0000,0.0000,0.0000,0.0000,0.0000,;0,0,0,0,0,0,0,0,0,0,0,;0.0033;1;1;204600;1.00;
39UNKKTVDFFX9VEX2EW7RYBUQ2JGYD.png;0.1299,0.1853,0.0539,0.2219,0.1156,0.0204,0.0000,0.1300,0.0000,0.0055,0.0000,0.0071,0.0000,0.0000,0.0000,0.0000,0.0000,0.0000,0.0000,0.0000,;2,4,1,0,0,0,0,0,0,0,0,;0.0966;5;3;613800;2.50;
39VNNFFKK59EW3XI1HP5P046ZAXXVP.png;0.0092,0.0000,0.0000,0.0000,0.0000,0.0756,0.0000,0.1133,0.0570,0.0828,0.0000,0.0624,0.0000,0.0000,0.0206,0.0000,0.0000,0.0000,0.0000,0.0000,;5,1,0,0,0,0,0,0,0,0,0,;0.0601;4;2;409200;4.00;
39Y8ZSVZWWM1XMK47AFGQNZOPQQVZE.png;0.1123,0.2002,0.1474,0.0392,0.2313,0.0570,0.0000,0.0237,0.0000,0.0442,0.0000,0.1062,0.0000,0.0000,0.0974,0.0182,0.0000,0.0000,0.0000,0.0436,;8,3,1,0,0,0,0,0,0,0,0,;0.0934;6;4;818400;3.00;
39Y8ZSVZXXM4Z9DMIL8I9OJZBK9VZ6.png;0.1971,0.2421,0.1037,0.0000,0.0000,0.0631,0.0000,0.0000,0.0000,0.0000,0.0000,0.0000,0.0000,0.0000,0.0000,0.0000,0.0000,0.0000,0.0000,0.0000,;2,1,1,0,0,0,0,0,0,0,0,;0.1515;2;2;409200;2.00;
3AA189Q6B51983MEFLORU493K7KMWE.png;0.1601,0.2287,0.0000,0.0783,0.0560,0.0000,0.0000,0.0000,0.0000,0.0000,0.0000,0.0000,0.0000,0.0000,0.0000,0.0000,0.0000,0.0000,0.0000,0.0000,;2,1,1,0,0,0,0,0,0,0,0,;0.1308;2;2;409200;2.00;
3AA189Q6B52Z6L7EV3NS06BHCKRWMY.png;0.0455,0.0388,0.0584,0.0088,0.0197,0.4208,0.0000,0.0049,0.0414,0.0507,0.0000,0.0000,0.0000,0.0000,0.0000,0.0000,0.0000,0.0000,0.0000,0.0000,;6,0,0,0,1,0,0,0,0,0,0,;0.0766;1;1;204600;1.00;
3AA189Q6C6N6C9XRHK508ZBLMH8WM3.png;0.1642,0.0385,0.0000,0.0215,0.0000,0.0000,0.0000,0.0279,0.0000,0.0000,0.0000,0.0000,0.0000,0.0000,0.0000,0.0000,0.0000,0.0000,0.0000,0.0000,;3,1,0,0,0,0,0,0,0,0,0,;0.0630;1;1;204600;1.00;
3AA189Q6C6TLNJILLV2LOGYDJT7MWV.png;0.0000,0.0000,0.0000,0.0000,0.0000,0.2923,0.0000,0.0826,0.0727,0.0368,0.0000,0.0097,0.0000,0.0000,0.0374,0.0000,0.0000,0.0000,0.0000,0.0000,;4,0,1,0,0,0,0,0,0,0,0,;0.0886;1;1;204600;1.00;
3AJ89545NQHYX91N7X3ADUYHKVTBEA.png;0.1958,0.0000,0.0000,0.0000,0.0000,0.0465,0.0000,0.0957,0.1247,0.1159,0.0000,0.3066,0.0000,0.0000,0.3865,0.0184,0.0000,0.0000,0.0000,0.0074,;3,3,1,1,0,0,0,0,0,0,0,;0.1442;3;2;409200;1.50;
3AJ89545NQRFJUS6JU65GFBBEJ7BEW.png;0.1769,0.0000,0.0000,0.0000,0.0000,0.1119,0.0000,0.0722,0.0000,0.0000,0.0000,0.0000,0.0000,0.0000,0.0000,0.0000,0.0000,0.0000,0.0000,0.0000,;1,2,0,0,0,0,0,0,0,0,0,;0.1203;1;1;204600;1.00;
3AMAQJSW8I20H10ADEKNBNOAVRROI5.png;0.0610,0.0000,0.0000,0.0000,0.0000,0.0000,0.0000,0.0000,0.0000,0.0000,0.0000,0.0000,0.0000,0.0000,0.0000,0.0000,0.0000,0.0000,0.0000,0.0000,;1,0,0,0,0,0,0,0,0,0,0,;0.0610;1;1;204600;1.00;
3B9PUZPHFHW5PZT5Q7OV88NG9W6JA5.png;0.0373,0.0287,0.0483,0.0000,0.0000,0.1176,0.0000,0.0368,0.0335,0.0000,0.0000,0.0374,0.0000,0.0000,0.0000,0.0000,0.0000,0.0000,0.0000,0.0000,;6,1,0,0,0,0,0,0,0,0,0,;0.0485;1;1;204600;1.00;
3BGEFHL0JHEL8I3UU0A0G1OJRYOJBS.png;0.0708,0.1435,0.2064,0.1739,0.1206,0.1663,0.0000,0.2047,0.0453,0.1966,0.0000,0.0853,0.0000,0.0000,0.1265,0.0354,0.0000,0.0000,0.0000,0.0497,;5,8,0,0,0,0,0,0,0,0,0,;0.1250;7;7;1432200;7.00;
3BHOG8KFNLAK9AB1ZQLEP6Q0T3RR81.png;0.2649,0.3951,0.3162,0.3294,0.4058,0.1250,0.0000,0.2301,0.0242,0.1434,0.0000,0.1515,0.0000,0.0000,0.0532,0.0000,0.0000,0.0000,0.0000,0.0000,;2,3,2,4,0,0,0,0,0,0,0,;0.2217;6;6;1227600;6.00;
3BK5FW2G6MZ18ENS8D29GOXE9AHRCA.png;0.0548,0.0826,0.0000,0.0000,0.0000,0.0000,0.0000,0.0000,0.0000,0.0000,0.0000,0.0000,0.0000,0.0000,0.0000,0.0000,0.0000,0.0000,0.0000,0.0000,;2,0,0,0,0,0,0,0,0,0,0,;0.0687;1;1;204600;1.00;
3BRG9Q58M1LAH7AQ01RWX47CRWFYQ2.png;0.0950,0.0291,0.1326,0.1522,0.1091,0.1042,0.0000,0.0302,0.0000,0.0154,0.0000,0.0000,0.0000,0.0000,0.0000,0.0000,0.0000,0.0000,0.0000,0.0000,;6,2,0,0,0,0,0,0,0,0,0,;0.0835;5;5;1023000;5.00;
3BZN229KV5TWHZF32GLR8LCC1TX6DS.png;0.0655,0.0724,0.0436,0.0000,0.0000,0.1342,0.0000,0.0000,0.0032,0.0376,0.0000,0.0000,0.0000,0.0000,0.0000,0.0000,0.0000,0.0000,0.0000,0.0000,;4,1,0,0,0,0,0,0,0,0,0,;0.0594;3;3;613800;3.00;
3C2UN3Y7UJLGZT23JF159R7GHEFMFI.png;0.0751,0.4359,0.3944,0.4397,0.4187,0.0393,0.0000,0.1630,0.0673,0.0758,0.0000,0.0706,0.0000,0.0000,0.0496,0.1036,0.0000,0.0000,0.0000,0.0393,;8,1,0,1,3,0,0,0,0,0,0,;0.1825;4;4;818400;4.00;
3CF7EZI55RWEYNZ9U956QWWUG93IL2.png;0.0586,0.1421,0.0709,0.0000,0.0000,0.1415,0.0000,0.1202,0.0072,0.1107,0.0000,0.0102,0.0000,0.0000,0.0426,0.0000,0.0000,0.0000,0.0000,0.0000,;4,4,0,0,0,0,0,0,0,0,0,;0.0782;4;3;613800;2.00;
3CP9VRCFS74RV9VXRUIMMBYWTQDUEZ.png;0.0718,0.1311,0.0000,0.0000,0.0000,0.0000,0.0000,0.0000,0.0000,0.0000,0.0000,0.0000,0.0000,0.0000,0.0000,0.0000,0.0000,0.0000,0.0000,0.0000,;1,1,0,0,0,0,0,0,0,0,0,;0.1014;1;1;204600;1.00;
3CTCX9NXB5M1LSUM0XPXZV8QE2WLJA.png;0.2121,0.0513,0.1608,0.1133,0.4239,0.1044,0.0000,0.0675,0.3719,0.2546,0.0000,0.1632,0.0000,0.0000,0.1465,0.1447,0.0000,0.0000,0.0000,0.0628,;4,5,2,1,1,0,0,0,0,0,0,;0.1751;4;4;818400;4.00;
3CTCX9NXC67QIV0KKFDEFSMCFTJJLN.png;0.1276,0.4018,0.3259,0.1354,0.0000,0.5866,0.0000,0.0000,0.4011,0.0000,0.0000,0.0000,0.0000,0.0000,0.0000,0.0000,0.0000,0.0000,0.0000,0.0000,;0,2,0,3,0,1,0,0,0,0,0,;0.3297;3;3;613800;3.00;
3CVHT3IKUYKSX9WRAWTF52715RU0R4.png;0.1374,0.1769,0.0494,0.0347,0.0000,0.3326,0.0000,0.2414,0.0000,0.0698,0.0000,0.0000,0.0000,0.0000,0.0705,0.0000,0.0000,0.0000,0.0000,0.0000,;4,2,1,1,0,0,0,0,0,0,0,;0.1391;3;2;409200;1.50;
3CYDGW98NMPSZAAQ0W8MOBJZSSBOM6.png;0.1895,0.2403,0.2108,0.0079,0.0000,0.0212,0.0000,0.2611,0.0000,0.1090,0.0000,0.2220,0.0000,0.0000,0.1099,0.0088,0.0000,0.0000,0.0000,0.0000,;3,1,4,0,0,0,0,0,0,0,0,;0.1380;5;5;1023000;5.00;
3D00S7P7YG22I1NWJE5APKC40DIEZA.png;0.1631,0.0716,0.0015,0.0000,0.0000,0.1239,0.0000,0.0000,0.0000,0.0000,0.0000,0.0000,0.0000,0.0000,0.0000,0.0000,0.0000,0.0000,0.0000,0.0000,;1,2,0,0,0,0,0,0,0,0,0,;0.0900;2;2;409200;2.00;
3D3KZYB02J3NX4IAX3WJJNSJTAYV8O.png;0.1348,0.4203,0.0000,0.1545,0.0000,0.0000,0.0000,0.1308,0.0000,0.0000,0.0000,0.0000,0.0000,0.0000,0.0000,0.0000,0.0000,0.0000,0.0000,0.0000,;0,3,0,0,1,0,0,0,0,0,0,;0.2101;1;1;204600;1.00;
3D3KZYB03KLUXQ4AWC4FKH86OYE8VD.png;0.0315,0.0000,0.0000,0.0000,0.0000,0.0000,0.0000,0.0000,0.0000,0.0000,0.0000,0.0000,0.0000,0.0000,0.0000,0.0000,0.0000,0.0000,0.0000,0.0000,;1,0,0,0,0,0,0,0,0,0,0,;0.0315;1;1;204600;1.00;
3D3X1L1OBIRB9XRZKHJ79UYYYTK1VU.png;0.0116,0.0000,0.0000,0.0000,0.0000,0.1067,0.0000,0.1126,0.1477,0.1116,0.0000,0.1768,0.0000,0.0000,0.1577,0.0000,0.0000,0.0000,0.0000,0.0000,;2,5,0,0,0,0,0,0,0,0,0,;0.1178;3;2;409200;1.50;
3D3X1L1OBIRB9XRZKHJ79UYYYTK1VU_1.png;0.0974,0.0000,0.0000,0.0000,0.0000,0.0000,0.0000,0.0902,0.0000,0.0000,0.0000,0.0000,0.0000,0.0000,0.0000,0.0000,0.0000,0.0000,0.0000,0.0000,;2,0,0,0,0,0,0,0,0,0,0,;0.0938;1;1;204600;1.00;
3D3X1L1OBIRB9XRZKHJ79UYYYTK1VU_2.png;0.0222,0.0000,0.0000,0.0000,0.0000,0.1030,0.0000,0.0970,0.1741,0.1006,0.0000,0.1155,0.0000,0.0000,0.1277,0.0000,0.0000,0.0000,0.0000,0.0000,;4,3,0,0,0,0,0,0,0,0,0,;0.1057;3;2;409200;1.50;
3D7N1211O74L32LV8ZFDVQWGH61MAZ.png;0.0000,0.0000,0.0219,0.1469,0.0000,0.1435,0.0000,0.1279,0.0000,0.2060,0.0000,0.0000,0.0000,0.0000,0.0000,0.0000,0.0000,0.0000,0.0000,0.0000,;1,4,0,0,0,0,0,0,0,0,0,;0.1292;3;2;409200;1.50;
3D7N1211P8PBU1MJEXLJFBT15KWAMH.png;0.1378,0.0054,0.0094,0.0029,0.0022,0.1070,0.0000,0.1099,0.0265,0.1030,0.0000,0.0293,0.0000,0.0000,0.0224,0.0000,0.0000,0.0000,0.0000,0.0000,;6,1,0,0,0,0,0,0,0,0,0,;0.0505;4;3;613800;2.00;
3D8B00U52IVJZWECZOBXRVFXL2U83O.png;0.1244,0.0000,0.0000,0.0000,0.0000,0.0447,0.0000,0.0530,0.0342,0.0000,0.0000,0.0771,0.0000,0.0000,0.0000,0.0000,0.0000,0.0000,0.0000,0.0000,;4,1,0,0,0,0,0,0,0,0,0,;0.0667;2;1;204600;2.00;
3D8B00U52IVJZWECZOBXRVFYHAV833.png;0.1187,0.0000,0.0000,0.0000,0.1391,0.0014,0.0000,0.0000,0.0000,0.0637,0.0000,0.0000,0.0000,0.0000,0.0000,0.0000,0.0000,0.0000,0.0000,0.0000,;1,2,0,0,0,0,0,0,0,0,0,;0.0807;2;2;409200;2.00;
3DBJK6OC3AF4JLMP40JUKZIT4XNYF3.png;0.2245,0.0804,0.0512,0.1035,0.0000,0.1402,0.0000,0.1590,0.1569,0.0293,0.0000,0.1885,0.0000,0.0000,0.0252,0.1094,0.0000,0.0000,0.0000,0.0000,;6,4,1,0,0,0,0,0,0,0,0,;0.1153;5;3;613800;2.50;
3DCXWU0MSDB2RCYGDPZ82R371ZGTVX.png;0.0831,0.0789,0.0346,0.2416,0.0045,0.1920,0.0000,0.1044,0.0000,0.0027,0.0000,0.0000,0.0000,0.0000,0.0000,0.0000,0.0000,0.0000,0.0000,0.0000,;4,1,1,0,0,0,0,0,0,0,0,;0.0927;3;2;409200;1.50;
3DECMKXKT815JCLN1RI1KKDJDFAMBB.png;0.3373,0.2502,0.2795,0.3019,0.2976,0.1806,0.0000,0.1751,0.0060,0.2496,0.0000,0.0130,0.0000,0.0000,0.0547,0.0000,0.0000,0.0000,0.0000,0.0062,;2,2,5,1,0,0,0,0,0,0,0,;0.1793;7;7;1432200;7.00;
3DHOXWJRSC3OAPE5AL86OV64DJCT3O.png;0.2295,0.2765,0.1560,0.1335,0.0402,0.0941,0.0000,0.0336,0.0235,0.0498,0.0000,0.0000,0.0000,0.0000,0.0455,0.0000,0.0000,0.0000,0.0000,0.0056,;6,2,2,0,0,0,0,0,0,0,0,;0.0989;4;4;818400;4.00;
3DPZKFEUURUGTQUQB4SOUUG5ZFPI4V.png;0.0880,0.0258,0.0157,0.0210,0.0065,0.3995,0.0000,0.2573,0.1563,0.0204,0.0000,0.0220,0.0000,0.0000,0.0000,0.0000,0.0000,0.0000,0.0000,0.0000,;6,1,1,1,0,0,0,0,0,0,0,;0.1013;3;2;409200;1.50;
3DPZKFEUVSIPT2ERNEAT4GS1UAKI44.png;0.1892,0.3483,0.2239,0.2120,0.1941,0.1441,0.0000,0.1651,0.0127,0.1518,0.0000,0.0637,0.0000,0.0000,0.1350,0.0000,0.0000,0.0000,0.0000,0.1350,;2,7,2,1,0,0,0,0,0,0,0,;0.1646;6;6;1227600;6.00;
3DXFGU9SKN7P79WJOTN6EK4MLG3EXS.png;0.1577,0.0439,0.0665,0.0464,0.0634,0.0492,0.0000,0.0128,0.0319,0.0130,0.0000,0.0319,0.0000,0.0000,0.0319,0.0000,0.0000,0.0000,0.0000,0.0000,;10,1,0,0,0,0,0,0,0,0,0,;0.0499;3;2;409200;1.50;
3DXFGU9SKNVTS8DGXQ8KL6UJIRCXE8.png;0.0320,0.0193,0.0000,0.0203,0.0409,0.0000,0.0000,0.1010,0.0000,0.4510,0.0000,0.0282,0.0000,0.0000,0.1399,0.0000,0.0000,0.0000,0.0000,0.0000,;6,1,0,0,1,0,0,0,0,0,0,;0.1041;2;2;409200;2.00;
3DXFGU9SLODY46WA7XIQCVBUTMKEXQ.png;0.2286,0.2636,0.2301,0.0354,0.0262,0.1279,0.0000,0.0000,0.0355,0.0000,0.0000,0.0000,0.0000,0.0000,0.0000,0.0000,0.0000,0.0000,0.0000,0.0000,;3,1,3,0,0,0,0,0,0,0,0,;0.1353;3;3;613800;3.00;
3E9JM64F23SDM8DQUQW3OKIR1A0NP8.png;0.2117,0.0000,0.0000,0.0000,0.1513,0.0000,0.0000,0.0000,0.0000,0.1323,0.0000,0.0000,0.0000,0.0000,0.0043,0.0000,0.0000,0.0000,0.0000,0.0000,;0,2,1,0,0,0,0,0,0,0,0,;0.1249;3;3;613800;3.00;
3EGCY5R6XYZQLTGPWNN8D6V7K3JYA2.png;0.2078,0.1329,0.2550,0.1812,0.2431,0.2371,0.0000,0.1790,0.2361,0.2169,0.0000,0.1029,0.0000,0.0000,0.1411,0.0504,0.0000,0.0000,0.0000,0.1038,;3,5,5,0,0,0,0,0,0,0,0,;0.1759;8;8;1636800;8.00;
3EJ1F91ANSU6O8N3S3NGZ4GVCA2IZW.png;0.0000,0.1885,0.0000,0.0000,0.0000,0.0000,0.0000,0.0120,0.0000,0.0228,0.0000,0.0000,0.0000,0.0000,0.0000,0.0000,0.0000,0.0000,0.0000,0.0000,;2,1,0,0,0,0,0,0,0,0,0,;0.0745;1;1;204600;1.00;
3EOZAW7619J5YKCNUIDNV84T8098HV.png;0.3098,0.1240,0.0605,0.3059,0.4825,0.1467,0.0000,0.2596,0.0591,0.2311,0.0000,0.0435,0.0000,0.0000,0.3580,0.0245,0.0000,0.0000,0.0000,0.1236,;4,3,4,1,1,0,0,0,0,0,0,;0.1945;6;4;818400;3.00;
3EOZAW762AHX3MFSNYKKE4EQ4INH8Q.png;0.0067,0.0022,0.0150,0.0094,0.0063,0.8529,0.0000,0.1453,0.1100,0.0257,0.0000,0.0372,0.0000,0.0000,0.0218,0.0161,0.0000,0.0000,0.0000,0.0142,;6,2,0,0,0,0,0,0,1,0,0,;0.0971;3;2;409200;1.50;
3ERG9KP7KAETHL286FNRQ00RYLWCHM.png;0.0707,0.0000,0.0000,0.0049,0.0226,0.1763,0.0000,0.0317,0.1301,0.1467,0.0000,0.0118,0.0000,0.0000,0.0397,0.0000,0.0000,0.0000,0.0000,0.0000,;5,3,0,0,0,0,0,0,0,0,0,;0.0705;4;4;818400;4.00;
3EULM6QNGEDGI0DDZ62WA3R8YV4JXB.png;0.0130,0.0000,0.0000,0.0000,0.0000,0.0000,0.0000,0.0368,0.0000,0.0000,0.0000,0.0374,0.0000,0.0000,0.0000,0.0000,0.0000,0.0000,0.0000,0.0000,;3,0,0,0,0,0,0,0,0,0,0,;0.0291;2;2;409200;2.00;
3EX6YJ62T6GKTDIQJCCYD4JMD62ZJG.png;0.0628,0.0586,0.0000,0.0000,0.0000,0.0000,0.0000,0.0482,0.0000,0.1160,0.0000,0.0413,0.0000,0.0000,0.1017,0.0000,0.0000,0.0000,0.0000,0.0000,;5,1,0,0,0,0,0,0,0,0,0,;0.0714;2;2;409200;2.00;
3EXC7SWSR38EV80UNYXZTOBA3ESHT8.png;0.0906,0.0273,0.0173,0.0000,0.0000,0.0447,0.0000,0.0802,0.0000,0.0000,0.0000,0.0810,0.0000,0.0000,0.0000,0.0000,0.0000,0.0000,0.0000,0.0000,;6,0,0,0,0,0,0,0,0,0,0,;0.0569;3;2;409200;1.50;
3F0Z1FPMUNUP6TOTMH2XGS6T5GJLYU.png;0.0637,0.0712,0.1361,0.1106,0.3452,0.1209,0.0000,0.2094,0.1150,0.1514,0.0000,0.1479,0.0000,0.0000,0.0000,0.0000,0.0000,0.0000,0.0000,0.0000,;2,7,0,1,0,0,0,0,0,0,0,;0.1471;4;2;409200;4.00;
3F0Z1FPMUNWB7D1EFV5M6IVBAHELYR.png;0.0748,0.1706,0.0972,0.1831,0.0750,0.1761,0.0000,0.1381,0.0000,0.0000,0.0000,0.0000,0.0000,0.0000,0.0000,0.0000,0.0000,0.0000,0.0000,0.0000,;3,4,0,0,0,0,0,0,0,0,0,;0.1307;4;2;409200;4.00;
3F12ASV6AWHSTTB7IFZKMVGLLVZM46.png;0.2649,0.3794,0.2319,0.1360,0.1708,0.1267,0.0000,0.0000,0.1085,0.0000,0.0000,0.0000,0.0000,0.0000,0.0000,0.0000,0.0000,0.0000,0.0000,0.0000,;1,3,2,1,0,0,0,0,0,0,0,;0.2026;3;3;613800;3.00;
3F2SNR5B8MKSI92Q9DG0FV11BKO0HL.png;0.0311,0.0267,0.0125,0.0151,0.0124,0.0187,0.0000,0.0218,0.0000,0.0375,0.0000,0.0000,0.0000,0.0000,0.0000,0.0000,0.0000,0.0000,0.0000,0.0000,;8,0,0,0,0,0,0,0,0,0,0,;0.0220;3;2;409200;1.50;
3FKD865UZQBJZ4661LLBINGEMFPMUJ.png;0.0868,0.1125,0.0491,0.0000,0.0000,0.1893,0.0000,0.0000,0.1501,0.0000,0.0000,0.0000,0.0000,0.0000,0.0000,0.0000,0.0000,0.0000,0.0000,0.0000,;2,3,0,0,0,0,0,0,0,0,0,;0.1175;2;2;409200;2.00;
3FKD865UZQBJZ4661LLBINGENHPMUO.png;0.0000,0.0000,0.0000,0.0000,0.0000,0.1913,0.0000,0.0000,0.0728,0.0000,0.0000,0.0000,0.0000,0.0000,0.0000,0.0000,0.0000,0.0000,0.0000,0.0000,;1,1,0,0,0,0,0,0,0,0,0,;0.1320;1;1;204600;1.00;
3FKD865UZQG0HB1FDHAJVT0FL3FMUG.png;0.0929,0.0314,0.0186,0.0174,0.0000,0.1348,0.0000,0.0584,0.0000,0.0000,0.0000,0.0000,0.0000,0.0000,0.0000,0.0000,0.0000,0.0000,0.0000,0.0000,;5,1,0,0,0,0,0,0,0,0,0,;0.0589;2;2;409200;2.00;
3FOA7RUSUPLLDDXZNITMB1EHL6FPGL.png;0.0597,0.1989,0.0000,0.0000,0.0000,0.0000,0.0000,0.0000,0.3320,0.1166,0.0000,0.0836,0.0000,0.0000,0.0191,0.0822,0.0000,0.0000,0.0000,0.0000,;4,2,0,1,0,0,0,0,0,0,0,;0.1274;2;1;204600;2.00;
3FQJF6D1R1SUSJ130G368H5I02G92S.png;0.4498,0.2923,0.1621,0.0000,0.0000,0.1115,0.0000,0.0209,0.0000,0.0000,0.0000,0.0000,0.0000,0.0000,0.0000,0.0000,0.0000,0.0000,0.0000,0.0000,;1,2,1,0,1,0,0,0,0,0,0,;0.2073;2;2;409200;2.00;
3FQJF6D1S2STVEIP11IICRPWDI892M.png;0.2916,0.0583,0.0000,0.0000,0.0000,0.0000,0.0000,0.0000,0.0000,0.0000,0.0000,0.0000,0.0000,0.0000,0.0000,0.0000,0.0000,0.0000,0.0000,0.0000,;1,0,1,0,0,0,0,0,0,0,0,;0.1750;1;1;204600;1.00;
3G2I6FODBC43UCDM72LBPP8Z9I0L60.png;0.0696,0.0000,0.0000,0.0000,0.0000,0.0000,0.0000,0.0000,0.0000,0.0000,0.0000,0.0000,0.0000,0.0000,0.0000,0.0000,0.0000,0.0000,0.0000,0.0000,;1,0,0,0,0,0,0,0,0,0,0,;0.0696;1;1;204600;1.00;
3GAR7VLBJNDRH4HH5ZWWCFRBGXZ4Y9.png;0.1911,0.1501,0.1364,0.1739,0.1632,0.1768,0.0000,0.3517,0.1158,0.1264,0.0000,0.2306,0.0000,0.0000,0.0769,0.0221,0.0000,0.0000,0.0000,0.0211,;3,8,1,1,0,0,0,0,0,0,0,;0.1489;7;4;818400;3.50;
3GAR7VLBJNEKQVA3XEJQ66MZFEXY4T.png;0.2313,0.0766,0.0434,0.0355,0.0483,0.0000,0.0000,0.0000,0.0000,0.0000,0.0000,0.0000,0.0000,0.0000,0.0000,0.0000,0.0000,0.0000,0.0000,0.0000,;4,0,1,0,0,0,0,0,0,0,0,;0.0870;1;1;204600;1.00;
3GBCJUK5C2GRHG97MHYVG9NBQMOPK9.png;0.1315,0.2801,0.1855,0.0000,0.0797,0.1302,0.0000,0.0000,0.0000,0.0000,0.0000,0.0000,0.0000,0.0000,0.0000,0.0000,0.0000,0.0000,0.0000,0.0000,;1,3,1,0,0,0,0,0,0,0,0,;0.1614;2;2;409200;2.00;
3GBCJUK5C2NMDEDWS686X6QI2G8KP3.png;0.0000,0.0000,0.0000,0.0000,0.0000,0.0000,0.0000,0.0000,0.0000,0.0000,0.0000,0.0000,0.0000,0.0000,0.0000,0.0000,0.0000,0.0000,0.0000,0.0000,;0,0,0,0,0,0,0,0,0,0,0,;NaN;0;
3GC8IVJ10EOCB71QWZ4YFX98VOS9NN.png;0.1615,0.0000,0.2433,0.3179,0.2943,0.1228,0.0000,0.1900,0.0000,0.1333,0.0000,0.0161,0.0000,0.0000,0.1333,0.0000,0.0000,0.0000,0.0000,0.0874,;2,5,2,1,0,0,0,0,0,0,0,;0.1700;4;3;613800;2.00;
3GRRK9BQWRDBESRD36S5634M392PD9.png;0.0000,0.0000,0.0000,0.1192,0.1418,0.0070,0.0000,0.0013,0.0213,0.0129,0.0000,0.0047,0.0000,0.0000,0.0000,0.0000,0.0000,0.0000,0.0000,0.0000,;2,2,0,0,0,0,0,0,0,0,0,;0.0441;2;1;204600;2.00;
3GRRK9BQWRPD54OGKFA4YQ8537VPDJ.png;0.2053,0.0021,0.0021,0.0023,0.0019,0.0126,0.0000,0.0139,0.0126,0.0116,0.0000,0.0139,0.0000,0.0000,0.0117,0.0025,0.0000,0.0000,0.0000,0.0021,;6,1,0,0,0,0,0,0,0,0,0,;0.0227;1;1;204600;1.00;
3GZMSD8U5X9MRGKQIZ546O8UKB695Q.png;0.1711,0.2047,0.3460,0.3301,0.1157,0.0820,0.0000,0.0579,0.0000,0.0291,0.0000,0.0000,0.0000,0.0000,0.0000,0.0000,0.0000,0.0000,0.0000,0.0000,;3,3,0,2,0,0,0,0,0,0,0,;0.1671;4;4;818400;4.00;
3GZMSD8U5X9MRGKQIZ546O8UKC795T.png;0.1670,0.0904,0.0278,0.0205,0.3812,0.0678,0.0000,0.0321,0.0216,0.1283,0.0000,0.0170,0.0000,0.0000,0.0000,0.0000,0.0000,0.0000,0.0000,0.0000,;7,2,0,1,0,0,0,0,0,0,0,;0.0954;3;3;613800;3.00;
3GZMSD8U6Y8M82W4VRHXFG1G1IS95R.png;0.0401,0.2046,0.2311,0.0000,0.0000,0.1102,0.0000,0.0000,0.0000,0.0000,0.0000,0.0000,0.0000,0.0000,0.0000,0.0000,0.0000,0.0000,0.0000,0.0000,;1,2,1,0,0,0,0,0,0,0,0,;0.1465;2;2;409200;2.00;
3H41Q6XMRNJ731MM548PSMBGOYMG2I.png;0.1953,0.2038,0.1097,0.0806,0.0992,0.0123,0.0000,0.0135,0.0000,0.0227,0.0000,0.0000,0.0000,0.0000,0.0000,0.0000,0.0000,0.0000,0.0000,0.0000,;6,2,0,0,0,0,0,0,0,0,0,;0.0921;4;4;818400;4.00;
3H41Q6XMRNUCK2PCFPR6Y35LJFT2GW.png;0.0000,0.0929,0.0000,0.0253,0.0000,0.0000,0.0000,0.0317,0.0000,0.0000,0.0000,0.0169,0.0000,0.0000,0.0000,0.0000,0.0000,0.0000,0.0000,0.0000,;4,0,0,0,0,0,0,0,0,0,0,;0.0417;1;1;204600;1.00;
3H5CSD5832HNKRNN8SDJ6TWED17E80.png;0.1252,0.1835,0.0548,0.1316,0.1202,0.1009,0.0000,0.5068,0.0739,0.1061,0.0000,0.3060,0.0000,0.0000,0.0189,0.0847,0.0000,0.0000,0.0000,0.0511,;7,4,1,0,1,0,0,0,0,0,0,;0.1434;3;2;409200;1.50;
3H5CSD5832HNKRNN8SDJ6TWL583E8G.png;0.0946,0.0071,0.0118,0.0000,0.0000,0.0482,0.0000,0.0000,0.0413,0.0000,0.0000,0.0000,0.0000,0.0000,0.0000,0.0000,0.0000,0.0000,0.0000,0.0000,;4,0,0,0,0,0,0,0,0,0,0,;0.0406;3;3;613800;3.00;
3HBZ8AD97D3GZ7VEBIN9M1728BDNN9.png;0.1388,0.0000,0.0147,0.0000,0.0000,0.1250,0.0000,0.0467,0.1250,0.0482,0.0000,0.0467,0.0000,0.0000,0.0496,0.0000,0.0000,0.0000,0.0000,0.0000,;5,3,0,0,0,0,0,0,0,0,0,;0.0743;3;3;613800;3.00;
3HBZ8AD97D3GZ7VEBIN9M18U9EHNN5.png;0.0737,0.0909,0.0877,0.0819,0.0837,0.1050,0.0000,0.0974,0.0046,0.1178,0.0000,0.0091,0.0000,0.0000,0.0047,0.0086,0.0000,0.0000,0.0000,0.0057,;7,1,0,0,0,0,0,0,0,0,0,;0.0593;8;8;1636800;8.00;
3HL3WX653BXN6QCFW6M6ATC7KPGPQT.png;0.4208,0.0046,0.0000,0.0734,0.0955,0.0803,0.0000,0.0494,0.1989,0.0615,0.0000,0.0489,0.0000,0.0000,0.0581,0.0439,0.0000,0.0000,0.0000,0.0543,;9,1,0,0,1,0,0,0,0,0,0,;0.0991;2;1;204600;2.00;
3HQI26VRPRS5H4RSBPY2KOCMRQ13R0.png;0.0813,0.0000,0.0008,0.0014,0.0020,0.1051,0.0000,0.1362,0.0000,0.1530,0.0000,0.0000,0.0000,0.0000,0.0000,0.0000,0.0000,0.0000,0.0000,0.0000,;2,2,0,0,0,0,0,0,0,0,0,;0.0685;4;3;613800;2.00;
3HVLA9UQN4GKVQOHDHMDH1A7KETU66.png;0.1537,0.2183,0.1846,0.0990,0.1476,0.1633,0.0000,0.0059,0.0000,0.0647,0.0000,0.0000,0.0000,0.0000,0.0730,0.0000,0.0000,0.0000,0.0000,0.0038,;3,4,1,0,0,0,0,0,0,0,0,;0.1114;5;5;1023000;5.00;
3HYDIS22CWMMEZBE3G64NG7ZMZON5V.png;0.3990,0.2135,0.0000,0.0295,0.0000,0.0000,0.0000,0.0098,0.0000,0.0000,0.0000,0.0114,0.0000,0.0000,0.0000,0.0000,0.0000,0.0000,0.0000,0.0000,;2,0,1,1,0,0,0,0,0,0,0,;0.1326;2;2;409200;2.00;
3HYDIS22DXJRRCQBI3AE9ELUHK15NC.png;0.0835,0.0000,0.0000,0.0000,0.0000,0.0000,0.0000,0.0026,0.0598,0.0000,0.0000,0.1274,0.0000,0.0000,0.0676,0.1083,0.0000,0.0000,0.0000,0.0817,;5,1,0,0,0,0,0,0,0,0,0,;0.0759;4;3;613800;2.00;
3I21NMEA63DY0BA82BXKKSLPMBYSHT.png;0.3469,0.2142,0.2199,0.2154,0.0457,0.1285,0.0000,0.0454,0.0206,0.0070,0.0000,0.0130,0.0000,0.0000,0.0110,0.0018,0.0000,0.0000,0.0000,0.0996,;6,1,3,1,0,0,0,0,0,0,0,;0.1053;5;5;1023000;5.00;
3I21NMEA63DY0BA82BXKKSLPMBYSHT_1.png;0.3389,0.2846,0.3084,0.3853,0.2413,0.0893,0.0000,0.1867,0.0647,0.0650,0.0000,0.0427,0.0000,0.0000,0.0458,0.0000,0.0000,0.0000,0.0000,0.0566,;6,1,3,2,0,0,0,0,0,0,0,;0.1758;6;6;1227600;6.00;
3I21NMEA63DY0BA82BXKKSLPMBYSHT_2.png;0.3765,0.1897,0.3245,0.1682,0.2494,0.1291,0.0000,0.0000,0.0255,0.0553,0.0000,0.0000,0.0000,0.0000,0.0020,0.0000,0.0000,0.0000,0.0000,0.0003,;2,3,1,2,0,0,0,0,0,0,0,;0.1521;5;5;1023000;5.00;
3I3RVCR3FK2XEB4GMX9G7IJ2RLH6XI.png;0.1383,0.0000,0.0000,0.0000,0.0284,0.0000,0.0000,0.0000,0.0000,0.0000,0.0000,0.0100,0.0000,0.0000,0.0751,0.0000,0.0000,0.0000,0.0000,0.0000,;2,1,0,0,0,0,0,0,0,0,0,;0.0630;2;1;204600;2.00;
3I5ZXD44IULX7AZS354F5V5W46GJCA.png;0.0970,0.0090,0.0000,0.0000,0.0000,0.0000,0.0000,0.0512,0.0000,0.0367,0.0000,0.0243,0.0000,0.0000,0.0590,0.0079,0.0000,0.0000,0.0000,0.0073,;5,0,0,0,0,0,0,0,0,0,0,;0.0365;4;2;409200;2.00;
3I5ZXD44JV69M8DWVE4I5ER80XVCJX.png;0.0771,0.0057,0.0023,0.0021,0.0019,0.1060,0.0000,0.1023,0.0225,0.0938,0.0000,0.0234,0.0000,0.0000,0.0215,0.0000,0.0000,0.0000,0.0000,0.0000,;7,0,0,0,0,0,0,0,0,0,0,;0.0417;4;3;613800;2.00;
3I5ZXD44JV69M8DWVE4I5ER80XVCJX_1.png;0.2060,0.0030,0.0047,0.0085,0.0067,0.1076,0.0000,0.0865,0.0063,0.1098,0.0000,0.0045,0.0000,0.0000,0.0435,0.0000,0.0000,0.0000,0.0000,0.0000,;4,1,0,0,0,0,0,0,0,0,0,;0.0534;4;3;613800;2.00;
3I5ZXD44JV69M8DWVE4I5ER80XVCJX_2.png;0.1167,0.0072,0.0042,0.0034,0.0016,0.1036,0.0000,0.1135,0.0254,0.1086,0.0000,0.0345,0.0000,0.0000,0.0178,0.0000,0.0000,0.0000,0.0000,0.0000,;5,2,0,0,0,0,0,0,0,0,0,;0.0488;4;3;613800;2.00;
3I5ZXD44JVHG9J4AOHWFS96B5XBJCP.png;0.0337,0.0266,0.0123,0.0244,0.0404,0.0700,0.0000,0.1043,0.0037,0.0904,0.0000,0.0000,0.0000,0.0000,0.0000,0.0000,0.0000,0.0000,0.0000,0.0000,;8,0,0,0,0,0,0,0,0,0,0,;0.0451;3;2;409200;1.50;
3ID43DSF5JBJ2SZGW2H8HR9RGRT5G5.png;0.0296,0.0141,0.0631,0.0000,0.0000,0.1337,0.0000,0.0000,0.0000,0.0000,0.0000,0.0000,0.0000,0.0000,0.0000,0.0000,0.0000,0.0000,0.0000,0.0000,;3,1,0,0,0,0,0,0,0,0,0,;0.0601;2;2;409200;2.00;
3IE95L92ROOBGIB0W5PPNWUUL5E7M3.png;0.0906,0.0000,0.0000,0.0000,0.0000,0.0802,0.0000,0.0000,0.0810,0.0000,0.0000,0.0000,0.0000,0.0000,0.0000,0.0000,0.0000,0.0000,0.0000,0.0000,;3,0,0,0,0,0,0,0,0,0,0,;0.0839;1;1;204600;1.00;
3IOQH27Z2E4FFLJVR8TNNB4HIMC1IN.png;0.3521,0.0158,0.0000,0.0000,0.0000,0.0000,0.0000,0.0000,0.0867,0.0000,0.0000,0.0257,0.0000,0.0000,0.3474,0.0018,0.0000,0.0000,0.0000,0.0263,;4,0,0,2,0,0,0,0,0,0,0,;0.1222;2;1;204600;2.00;
3IR329NZ7YGB0BGT612CO4BTUIW2K0.png;0.0000,0.0000,0.0000,0.0000,0.0000,0.0000,0.0000,0.0000,0.0000,0.0000,0.0000,0.0000,0.0000,0.0000,0.0000,0.0000,0.0000,0.0000,0.0000,0.0000,;0,0,0,0,0,0,0,0,0,0,0,;NaN;0;
3IRUE3ZCDH3J5468JOOGJ1Y2ZWZIC5.png;0.2431,0.1498,0.3082,0.0000,0.0000,0.2846,0.0000,0.0095,0.0963,0.0314,0.0000,0.0132,0.0000,0.0000,0.3081,0.0205,0.0000,0.0000,0.0000,0.1715,;4,2,4,0,0,0,0,0,0,0,0,;0.1488;6;4;818400;3.00;
3IXQCB6XI8S61DI53P5ICGI2I9BTIR.png;0.2551,0.2163,0.1848,0.1778,0.1456,0.1306,0.0000,0.1714,0.1307,0.1578,0.0000,0.1529,0.0000,0.0000,0.1213,0.0846,0.0000,0.0000,0.0000,0.0499,;2,9,2,0,0,0,0,0,0,0,0,;0.1522;7;7;1432200;4.00;
3J06FGISLU272UJU8S9F5O38AK5K50.png;0.0762,0.0000,0.0000,0.0000,0.0000,0.1900,0.0000,0.1142,0.1434,0.2104,0.0000,0.0811,0.0000,0.0000,0.1682,0.0000,0.0000,0.0000,0.0000,0.0000,;2,4,1,0,0,0,0,0,0,0,0,;0.1405;4;4;818400;4.00;
3J06FGISMVRO4EVZMT2NFJ1KME95KI.png;0.1765,0.0000,0.0926,0.0546,0.0000,0.0493,0.0000,0.0914,0.0000,0.0000,0.0000,0.0000,0.0000,0.0000,0.0000,0.0000,0.0000,0.0000,0.0000,0.0000,;4,1,0,0,0,0,0,0,0,0,0,;0.0929;1;1;204600;1.00;
3J567DP9LLBDQUW0322ZJ0FWFWZFPB.png;0.1851,0.0570,0.0000,0.1904,0.1570,0.0000,0.0000,0.1061,0.0000,0.0651,0.0000,0.0439,0.0000,0.0000,0.1092,0.0000,0.0000,0.0000,0.0000,0.0138,;6,3,0,0,0,0,0,0,0,0,0,;0.1031;5;2;409200;2.50;
3J5HEGTZRLQ9SE8SW9LZS2A15OXGGI.png;0.0000,0.0000,0.0000,0.0000,0.0000,0.0000,0.0000,0.0000,0.0000,0.0000,0.0000,0.0000,0.0000,0.0000,0.0000,0.0000,0.0000,0.0000,0.0000,0.0000,;0,0,0,0,0,0,0,0,0,0,0,;NaN;0;
3JCELWMC4PY7J05E7LXQXNDWO6Y3V4.png;0.1613,0.0109,0.0000,0.0000,0.0000,0.0826,0.0000,0.1023,0.0322,0.0944,0.0000,0.0721,0.0000,0.0000,0.0628,0.0000,0.0000,0.0000,0.0000,0.0000,;7,1,0,0,0,0,0,0,0,0,0,;0.0773;4;3;613800;2.00;
3JG2O8WUZH7UTHWSYCP6CNBWVH79WZ.png;0.0766,0.0069,0.0054,0.0062,0.0058,0.1459,0.0000,0.0643,0.0120,0.0697,0.0000,0.0390,0.0000,0.0000,0.0000,0.0000,0.0000,0.0000,0.0000,0.0000,;5,1,0,0,0,0,0,0,0,0,0,;0.0432;4;3;613800;2.00;
3JGBBKK855Q5HY1J6RVO56S97I9J0I.png;0.0478,0.2070,0.0215,0.0215,0.0228,0.0000,0.0000,0.0000,0.0000,0.0000,0.0000,0.0000,0.0000,0.0000,0.0000,0.0000,0.0000,0.0000,0.0000,0.0000,;4,1,0,0,0,0,0,0,0,0,0,;0.0641;1;1;204600;1.00;
3JGLGV9D6KL86TQHYYZCMI0V13JD5Y.png;0.0316,0.0137,0.0269,0.0000,0.0120,0.2578,0.0000,0.0109,0.1717,0.0652,0.0000,0.0000,0.0000,0.0000,0.0000,0.0000,0.0000,0.0000,0.0000,0.0000,;6,1,1,0,0,0,0,0,0,0,0,;0.0737;2;2;409200;2.00;
3JT4BYK2Y4IL1Z22PAHP7P5PI0U2WH.png;0.0905,0.0000,0.0000,0.0000,0.0000,0.0774,0.0000,0.0000,0.0782,0.0000,0.0000,0.0000,0.0000,0.0000,0.0000,0.0000,0.0000,0.0000,0.0000,0.0000,;3,0,0,0,0,0,0,0,0,0,0,;0.0820;1;1;204600;1.00;
3K0G5SYN9K0M6D335K10A1FE8RM8MU.png;0.2054,0.5886,0.2220,0.2027,0.2198,0.1607,0.0000,0.1316,0.0775,0.2074,0.0000,0.0360,0.0000,0.0000,0.0661,0.0186,0.0000,0.0000,0.0000,0.0010,;4,5,2,0,0,1,0,0,0,0,0,;0.1644;6;6;1227600;6.00;
3K0G5SYNALYS7SB8UL3I5RQZNM3M85.png;0.0739,0.1355,0.1817,0.1834,0.1658,0.2631,0.0000,0.3531,0.0942,0.2628,0.0000,0.1990,0.0000,0.0000,0.1339,0.0464,0.0000,0.0000,0.0000,0.0424,;4,6,2,1,0,0,0,0,0,0,0,;0.1642;7;7;1432200;7.00;
3K0T7FOBIJOUXM7ZLBPJYBSGQYWM14.png;0.0589,0.0815,0.0208,0.0394,0.0000,0.1041,0.0000,0.1368,0.0593,0.0368,0.0000,0.0000,0.0000,0.0000,0.0374,0.0000,0.0000,0.0000,0.0000,0.0000,;8,1,0,0,0,0,0,0,0,0,0,;0.0639;3;2;409200;1.50;
3K27O5FVBZ6Y1U1OKHZVRLOYVIWW5C.png;0.1467,0.0652,0.0274,0.0255,0.0634,0.0198,0.0000,0.0021,0.0188,0.0234,0.0000,0.0000,0.0000,0.0000,0.0184,0.0000,0.0000,0.0000,0.0000,0.0138,;9,1,0,0,0,0,0,0,0,0,0,;0.0386;3;3;613800;3.00;
3K3X4GGOSLN6JKEE0NBXYD5PSA6MC7.png;0.2869,0.1275,0.1147,0.1105,0.1086,0.0971,0.0000,0.0887,0.0000,0.0874,0.0000,0.0000,0.0000,0.0000,0.0000,0.0000,0.0000,0.0000,0.0000,0.0069,;4,3,1,0,0,0,0,0,0,0,0,;0.1143;3;3;613800;3.00;
3K3X4GGOSLN6JKEE0NBXYD5PV12MCO.png;0.1348,0.4203,0.0000,0.1545,0.0000,0.0000,0.0000,0.1308,0.0000,0.0000,0.0000,0.0000,0.0000,0.0000,0.0000,0.0000,0.0000,0.0000,0.0000,0.0000,;0,3,0,0,1,0,0,0,0,0,0,;0.2101;1;1;204600;1.00;
3K3X4GGOSLN9WHITSDB41LMDI6SMCK.png;0.0000,0.0000,0.0000,0.0000,0.0000,0.0000,0.0000,0.0000,0.0000,0.1859,0.0000,0.0000,0.0000,0.0000,0.1146,0.0000,0.0000,0.0000,0.0000,0.0000,;0,2,0,0,0,0,0,0,0,0,0,;0.1503;1;1;204600;1.00;
3K9T2ON9ZE5ORLPELXZMHUO84LJMTT.png;0.1128,0.1126,0.1363,0.0000,0.0000,0.0394,0.0000,0.0000,0.0000,0.0811,0.0000,0.0000,0.0000,0.0000,0.0820,0.0000,0.0000,0.0000,0.0000,0.0000,;3,3,0,0,0,0,0,0,0,0,0,;0.0940;3;3;613800;3.00;
3KNJI1FZ8L912486RAFQQV3ZEP6NQU.png;0.2546,0.1393,0.2807,0.3126,0.0606,0.4101,0.0000,0.4412,0.1345,0.0883,0.0000,0.0617,0.0000,0.0000,0.0063,0.0877,0.0000,0.0000,0.0000,0.0000,;4,2,2,1,2,0,0,0,0,0,0,;0.1898;5;5;1023000;5.00;
3L4EWVFWCZFLPLXQZ7MWBK7MU2X9OK.png;0.1264,0.2137,0.0856,0.0000,0.0000,0.0953,0.0000,0.0000,0.0000,0.0000,0.0000,0.0000,0.0000,0.0000,0.0000,0.0000,0.0000,0.0000,0.0000,0.0000,;2,1,1,0,0,0,0,0,0,0,0,;0.1303;1;1;204600;1.00;
3L8V324VIV0JU2BOPG7PUH68F6NF91.png;0.0130,0.0000,0.0000,0.0000,0.0000,0.0439,0.0000,0.0000,0.0380,0.0000,0.0000,0.0000,0.0000,0.0000,0.0000,0.0000,0.0000,0.0000,0.0000,0.0000,;3,0,0,0,0,0,0,0,0,0,0,;0.0316;2;2;409200;2.00;
3L8V324VIVQEQ524CR2N49U2T8GF9N.png;0.1279,0.0790,0.0034,0.0922,0.2501,0.0336,0.0000,0.1709,0.0034,0.2972,0.0000,0.0599,0.0000,0.0000,0.1016,0.0000,0.0000,0.0000,0.0000,0.0411,;6,2,2,0,0,0,0,0,0,0,0,;0.1050;4;3;613800;2.00;
3LBF4GRVWQC3B97WPKKEJO5WDODDDG.png;0.0132,0.0000,0.0000,0.0000,0.0000,0.0000,0.0000,0.0368,0.0000,0.0000,0.0000,0.0374,0.0000,0.0000,0.0000,0.0000,0.0000,0.0000,0.0000,0.0000,;3,0,0,0,0,0,0,0,0,0,0,;0.0291;2;2;409200;2.00;
3LBF4GRVWQSB1V8AOKNI47EZJYMDDE.png;0.1659,0.0626,0.0563,0.0562,0.0254,0.4122,0.0000,0.3846,0.2670,0.3398,0.0000,0.2119,0.0000,0.0000,0.1823,0.0794,0.0000,0.0000,0.0000,0.0144,;6,2,2,2,1,0,0,0,0,0,0,;0.1737;6;6;1227600;6.00;
3LCM1J6T1CTW3PUN949YD9G6A99CYC.png;0.0656,0.0000,0.0732,0.0593,0.0000,0.1183,0.0000,0.0947,0.0364,0.0000,0.0000,0.0000,0.0000,0.0000,0.0000,0.0000,0.0000,0.0000,0.0000,0.0000,;5,1,0,0,0,0,0,0,0,0,0,;0.0746;2;1;204600;2.00;
3LE9INWSFWFC7U06C7E8H83VJHH0ML.png;0.0000,0.0000,0.0000,0.0635,0.1189,0.0000,0.0000,0.0273,0.0196,0.0199,0.0000,0.0000,0.0000,0.0000,0.0000,0.0000,0.0000,0.0000,0.0000,0.0000,;4,1,0,0,0,0,0,0,0,0,0,;0.0499;2;1;204600;2.00;
3LJE53CC7VYWE1O3MIQ180XM33HESQ.png;0.0609,0.0000,0.0000,0.0481,0.1234,0.0000,0.0000,0.0443,0.0000,0.0416,0.0000,0.0283,0.0000,0.0000,0.0249,0.0000,0.0000,0.0000,0.0000,0.0000,;6,1,0,0,0,0,0,0,0,0,0,;0.0531;2;2;409200;2.00;
3LLXQSS3GH7EI0TIBFCZBVHJUIM2FF.png;0.0000,0.0000,0.0000,0.0000,0.3336,0.0000,0.0000,0.0544,0.0000,0.5363,0.0000,0.0552,0.0000,0.0000,0.3027,0.0000,0.0000,0.0000,0.0000,0.0000,;2,0,1,1,0,1,0,0,0,0,0,;0.2564;3;3;613800;3.00;
3LLXQSS3GH7EI0TIBFCZBVHJURL2FW.png;0.0000,0.0000,0.0000,0.0000,0.3177,0.0000,0.0000,0.0607,0.0000,0.5237,0.0000,0.0615,0.0000,0.0000,0.2827,0.0000,0.0000,0.0000,0.0000,0.0000,;2,0,1,1,0,1,0,0,0,0,0,;0.2492;3;3;613800;3.00;
3LV0310AAZ0POAIRABRDV0CJ4TWKD9.png;0.1350,0.1212,0.1693,0.0699,0.0000,0.0687,0.0000,0.0877,0.0000,0.0611,0.0000,0.0000,0.0000,0.0000,0.0618,0.0000,0.0000,0.0000,0.0000,0.0000,;5,3,0,0,0,0,0,0,0,0,0,;0.0968;3;3;613800;3.00;
3LV0310AAZ5BVL06B1AU1YGZUNKDKM.png;0.0000,0.0000,0.0000,0.0000,0.0000,0.0000,0.0000,0.0000,0.0000,0.0000,0.0000,0.0000,0.0000,0.0000,0.0000,0.0000,0.0000,0.0000,0.0000,0.0000,;0,0,0,0,0,0,0,0,0,0,0,;NaN;0;
3LV0310AAZ5BVL06B1AU1YGZUNKDKM_1.png;0.0577,0.0180,0.0151,0.0162,0.0145,0.2242,0.0000,0.2446,0.0000,0.2194,0.0000,0.0000,0.0000,0.0000,0.0000,0.0000,0.0000,0.0000,0.0000,0.0000,;5,0,3,0,0,0,0,0,0,0,0,;0.1012;3;2;409200;1.50;
3LV0310AAZ5BVL06B1AU1YGZUNKDKM_2.png;0.0396,0.0136,0.0142,0.0146,0.0133,0.2107,0.0000,0.2072,0.0279,0.1859,0.0000,0.0000,0.0000,0.0000,0.0331,0.0000,0.0000,0.0000,0.0000,0.0000,;7,2,1,0,0,0,0,0,0,0,0,;0.0760;3;2;409200;1.50;
3LV0310AAZ7UO39UCWLZNYY1B3BDKS.png;0.2149,0.0074,0.0042,0.0227,0.0912,0.2228,0.0000,0.0429,0.1452,0.1467,0.0000,0.0165,0.0000,0.0000,0.0566,0.0000,0.0000,0.0000,0.0000,0.0000,;5,2,2,0,0,0,0,0,0,0,0,;0.0883;5;5;1023000;5.00;
3LV0310AB0FIJI1LDLADGNAZ3BMKDF.png;0.1698,0.1777,0.1824,0.1779,0.1220,0.2620,0.0000,0.2215,0.2049,0.3921,0.0000,0.1241,0.0000,0.0000,0.1757,0.0260,0.0000,0.0000,0.0000,0.0063,;1,8,2,1,0,0,0,0,0,0,0,;0.1725;8;8;1636800;8.00;
3LV0310AB0LE2KPSDVZ5QZ931M3DKU.png;0.0844,0.0179,0.1659,0.0000,0.0000,0.1110,0.0000,0.0385,0.0571,0.0165,0.0000,0.0000,0.0000,0.0000,0.0000,0.0000,0.0000,0.0000,0.0000,0.0000,;5,2,0,0,0,0,0,0,0,0,0,;0.0702;3;3;613800;3.00;
3M35MA94IX9MX6PXAQCG5JTOJ1HNO3.png;0.0776,0.2826,0.2729,0.2397,0.1929,0.4199,0.0000,0.2297,0.3425,0.1464,0.0000,0.0714,0.0000,0.0000,0.0027,0.0000,0.0000,0.0000,0.0000,0.0000,;2,2,4,1,1,0,0,0,0,0,0,;0.2071;6;6;1227600;6.00;
3M6KHLIXGO95W4HFFOS373KMUDHIRT.png;0.1065,0.0578,0.0364,0.0417,0.0534,0.0000,0.0000,0.0000,0.0000,0.0719,0.0000,0.0000,0.0000,0.0000,0.0784,0.0000,0.0000,0.0000,0.0000,0.0159,;8,0,0,0,0,0,0,0,0,0,0,;0.0577;4;2;409200;4.00;
3ME56J5KH09H8MTADW07EI1HZMYC6P.png;0.0661,0.0000,0.0000,0.0000,0.0000,0.0000,0.0000,0.0312,0.0000,0.0027,0.0000,0.0000,0.0000,0.0000,0.0000,0.0000,0.0000,0.0000,0.0000,0.0000,;2,0,0,0,0,0,0,0,0,0,0,;0.0333;1;1;204600;1.00;
3ME56J5KH0A6OHM7NB7LNJZ2KW86CO.png;0.1384,0.0000,0.0031,0.1411,0.0059,0.0000,0.0000,0.0620,0.0000,0.0495,0.0000,0.0166,0.0000,0.0000,0.0629,0.0000,0.0000,0.0000,0.0000,0.0191,;5,2,0,0,0,0,0,0,0,0,0,;0.0554;4;2;409200;2.00;
3MGKBFT74NRL5KAEINTLHYIV1ONSJ5.png;0.1008,0.0000,0.0000,0.0000,0.0000,0.0000,0.0000,0.0000,0.0000,0.0000,0.0000,0.0000,0.0000,0.0000,0.0000,0.0000,0.0000,0.0000,0.0000,0.0000,;1,0,0,0,0,0,0,0,0,0,0,;0.1008;1;1;204600;1.00;
3MHMBB6SGFYXPF5WOO57T0Y1YOLKW9.png;0.0906,0.0048,0.0125,0.0000,0.0000,0.1064,0.0000,0.0000,0.0810,0.0000,0.0000,0.0000,0.0000,0.0000,0.0000,0.0000,0.0000,0.0000,0.0000,0.0000,;4,0,0,0,0,0,0,0,0,0,0,;0.0591;3;3;613800;3.00;
3MK14RC5NS9WDGLCZVLGWCZQJ24T6G.png;0.0375,0.0237,0.0164,0.0404,0.0267,0.0246,0.0000,0.0573,0.0082,0.0553,0.0000,0.0098,0.0000,0.0000,0.0195,0.0000,0.0000,0.0000,0.0000,0.0000,;9,0,0,0,0,0,0,0,0,0,0,;0.0290;4;2;409200;2.00;
3MK14RC5NS9WDGLCZVLGWCZQJ2BT6N.png;0.0835,0.0336,0.0077,0.0077,0.0146,0.0014,0.0000,0.0001,0.0000,0.0001,0.0000,0.0000,0.0000,0.0000,0.0000,0.0000,0.0000,0.0000,0.0000,0.0000,;3,0,0,0,0,0,0,0,0,0,0,;0.0186;2;2;409200;2.00;
3MKP0VNPL180YVBEBVOO0GDECBIJRU.png;0.1172,0.1362,0.1550,0.0000,0.0000,0.0000,0.0000,0.0000,0.0000,0.0811,0.0000,0.0000,0.0000,0.0000,0.0820,0.0000,0.0000,0.0000,0.0000,0.0000,;2,3,0,0,0,0,0,0,0,0,0,;0.1143;3;3;613800;3.00;
3MNPSGWWOQV9GBTQIUTZ7HIZXBCPUY.png;0.2103,0.2494,0.0063,0.0000,0.0887,0.2660,0.0000,0.0000,0.1855,0.0455,0.0000,0.0000,0.0000,0.0000,0.0000,0.0000,0.0000,0.0000,0.0000,0.0000,;2,1,3,0,0,0,0,0,0,0,0,;0.1503;4;4;818400;4.00;
3MNYFQMXON9G1T2C2HOQSK4JSIPY01.png;0.0581,0.0311,0.0120,0.0000,0.0000,0.0049,0.0000,0.0000,0.0000,0.0000,0.0000,0.0000,0.0000,0.0000,0.0000,0.0000,0.0000,0.0000,0.0000,0.0000,;3,0,0,0,0,0,0,0,0,0,0,;0.0265;2;2;409200;2.00;
3MQJWSYXNGSYPF0J90X7JRB4GS9O5U.png;0.1485,0.0000,0.0000,0.0000,0.0000,0.0000,0.0000,0.0000,0.0000,0.0000,0.0000,0.0000,0.0000,0.0000,0.0000,0.0000,0.0000,0.0000,0.0000,0.0000,;0,1,0,0,0,0,0,0,0,0,0,;0.1485;1;1;204600;1.00;
3MQJWSYXOHGDXJ3GAF96UH2KF625OC.png;0.0000,0.0000,0.0000,0.0000,0.0000,0.0000,0.0000,0.0000,0.0000,0.0000,0.0000,0.0000,0.0000,0.0000,0.0000,0.0000,0.0000,0.0000,0.0000,0.0000,;0,0,0,0,0,0,0,0,0,0,0,;NaN;0;
3MXFP9RGE565H89AY0KXMF94YTQB2U.png;0.2100,0.0497,0.0132,0.0079,0.0117,0.2650,0.0000,0.1667,0.2650,0.3152,0.0000,0.0633,0.0000,0.0000,0.3160,0.0032,0.0000,0.0000,0.0000,0.0248,;5,2,2,2,0,0,0,0,0,0,0,;0.1317;6;5;1023000;3.00;
3MXFP9RGE565SQ20JA2GC60T4U4B22.png;0.0079,0.0770,0.0000,0.0000,0.0000,0.0000,0.0000,0.0000,0.0000,0.0000,0.0000,0.0000,0.0000,0.0000,0.0000,0.0000,0.0000,0.0000,0.0000,0.0000,;1,0,0,0,0,0,0,0,0,0,0,;0.0424;1;1;204600;1.00;
3N9FD9XF48K5Z4R4YKZ4XC3B2YYEVL.png;0.0130,0.0000,0.0000,0.0000,0.0000,0.0070,0.0000,0.0833,0.0000,0.0000,0.0000,0.0380,0.0000,0.0000,0.0000,0.0000,0.0000,0.0000,0.0000,0.0000,;3,0,0,0,0,0,0,0,0,0,0,;0.0353;2;2;409200;2.00;
3NAD71TD8V1W7T0ET8V40F6WWDIL2U.png;0.1414,0.0000,0.2623,0.3441,0.3593,0.1253,0.0000,0.3413,0.0000,0.2231,0.0000,0.1086,0.0000,0.0000,0.1400,0.0000,0.0000,0.0000,0.0000,0.0398,;2,3,2,3,0,0,0,0,0,0,0,;0.2085;5;2;409200;2.50;
3NCF7G1XJIORLK6VK0UD85LOJVCNAC.png;0.0000,0.0000,0.0000,0.2774,0.0411,0.0624,0.0000,0.0802,0.0369,0.1801,0.0000,0.0000,0.0000,0.0000,0.0958,0.0000,0.0000,0.0000,0.0000,0.0000,;5,1,1,0,0,0,0,0,0,0,0,;0.1105;2;1;204600;2.00;
3NCF7G1XKJPJCCJPOHEQSUA1GNWANP.png;0.0049,0.0000,0.0000,0.0000,0.0000,0.0000,0.0000,0.0000,0.0000,0.0008,0.0000,0.0000,0.0000,0.0000,0.0000,0.0000,0.0000,0.0000,0.0000,0.0000,;0,0,0,0,0,0,0,0,0,0,0,;0.0028;1;1;204600;1.00;
3NCF7G1XKJPJCCJPOHEQSUA1GNWANP_1.png;0.0951,0.0074,0.0000,0.0000,0.0000,0.0124,0.0000,0.0162,0.0095,0.0277,0.0000,0.0137,0.0000,0.0000,0.0283,0.0000,0.0000,0.0000,0.0000,0.0000,;6,0,0,0,0,0,0,0,0,0,0,;0.0263;3;2;409200;1.50;
3NCF7G1XKJPJCCJPOHEQSUA1GNWANP_2.png;0.0383,0.0029,0.0000,0.0000,0.0000,0.0000,0.0000,0.0000,0.0000,0.0000,0.0000,0.0000,0.0000,0.0000,0.0000,0.0000,0.0000,0.0000,0.0000,0.0000,;1,0,0,0,0,0,0,0,0,0,0,;0.0206;1;1;204600;1.00;
3NE6EBGK47BU93BYGGU8IB2LO7NE35.png;0.0925,0.0000,0.0000,0.0000,0.0000,0.0000,0.0000,0.0000,0.0000,0.0000,0.0000,0.0000,0.0000,0.0000,0.0000,0.0000,0.0000,0.0000,0.0000,0.0000,;1,0,0,0,0,0,0,0,0,0,0,;0.0925;1;1;204600;1.00;
3NJ4SYXGOJ3OVMOHUVEMN5U7Y2PBNN.png;0.0000,0.0000,0.0000,0.0000,0.0000,0.0000,0.0000,0.0000,0.0000,0.0004,0.0000,0.0000,0.0000,0.0000,0.0000,0.0000,0.0000,0.0000,0.0000,0.0000,;0,0,0,0,0,0,0,0,0,0,0,;0.0004;1;1;204600;1.00;
3NJ4SYXGOJ3OVMOHUVEMN5U7YYPBNF.png;0.0023,0.0000,0.0000,0.0000,0.0000,0.0082,0.0000,0.0077,0.0065,0.0075,0.0000,0.0065,0.0000,0.0000,0.0092,0.0056,0.0000,0.0000,0.0000,0.0374,;1,0,0,0,0,0,0,0,0,0,0,;0.0101;1;1;204600;1.00;
3NJ4SYXGOJNVJBRMT3TGCL1CL9UBNQ.png;0.1710,0.2148,0.2211,0.1675,0.0885,0.2866,0.0000,0.2286,0.0423,0.1264,0.0000,0.1100,0.0000,0.0000,0.0000,0.0406,0.0000,0.0000,0.0000,0.0000,;3,4,4,0,0,0,0,0,0,0,0,;0.1543;6;6;1227600;6.00;
3NVVDJT9G6OIY2RUWWJCMM9P5JCPXO.png;0.2160,0.1369,0.1496,0.1908,0.1510,0.0337,0.0000,0.1307,0.0000,0.0151,0.0000,0.0004,0.0000,0.0000,0.0000,0.0000,0.0000,0.0000,0.0000,0.0000,;2,5,1,0,0,0,0,0,0,0,0,;0.1138;6;6;1227600;6.00;
3NXBKB5598TPF5MRSRS8QPZELKSL9C.png;0.0573,0.0000,0.0373,0.1924,0.0571,0.0978,0.0000,0.2943,0.0359,0.0706,0.0000,0.2267,0.0000,0.0000,0.0597,0.0060,0.0000,0.0000,0.0000,0.0000,;7,1,2,0,0,0,0,0,0,0,0,;0.1032;3;3;613800;3.00;
3O5YJYPUSW7TWBM6KNWM44WLFH8KON.png;0.0818,0.1078,0.0418,0.0000,0.0000,0.1860,0.0000,0.0000,0.0957,0.0000,0.0000,0.0302,0.0000,0.0000,0.0000,0.0000,0.0000,0.0000,0.0000,0.0000,;5,1,0,0,0,0,0,0,0,0,0,;0.0906;3;3;613800;3.00;
3O73QR1UY8O4VXGQ4UMU1W2GKFC94M.png;0.2042,0.0000,0.0000,0.0000,0.0000,0.0000,0.0000,0.0217,0.0000,0.0075,0.0000,0.0046,0.0000,0.0000,0.0006,0.0000,0.0000,0.0000,0.0000,0.0000,;1,1,0,0,0,0,0,0,0,0,0,;0.0477;1;1;204600;1.00;
3O73QR1UY8O4VXGQ4UMU1W2GKGC94O.png;0.1182,0.0000,0.0000,0.0000,0.0000,0.0276,0.0000,0.0238,0.0038,0.0238,0.0000,0.0032,0.0000,0.0000,0.0032,0.0000,0.0000,0.0000,0.0000,0.0000,;3,1,0,0,0,0,0,0,0,0,0,;0.0291;1;1;204600;1.00;
3OBCKNXF1ZHFXL8XUNXW3AYWZX5J3K.png;0.1414,0.0000,0.2623,0.3446,0.3593,0.1253,0.0000,0.3430,0.0000,0.2231,0.0000,0.1126,0.0000,0.0000,0.1400,0.0000,0.0000,0.0000,0.0000,0.0398,;1,4,2,3,0,0,0,0,0,0,0,;0.2091;5;2;409200;2.50;
3OJGK8O6MRNHZCTYHMEFS503K2OL5K.png;0.0714,0.0381,0.0249,0.0161,0.0243,0.0733,0.0000,0.0367,0.0000,0.0367,0.0000,0.0000,0.0000,0.0000,0.0000,0.0000,0.0000,0.0000,0.0000,0.0000,;8,0,0,0,0,0,0,0,0,0,0,;0.0402;2;2;409200;2.00;
3OQEO5BIM1SME8SFQJ108NKG2ZKU9F.png;0.0364,0.0453,0.0297,0.0320,0.0360,0.0985,0.0000,0.1377,0.0171,0.1291,0.0000,0.0507,0.0000,0.0000,0.0578,0.0023,0.0000,0.0000,0.0000,0.0045,;9,2,0,0,0,0,0,0,0,0,0,;0.0521;4;3;613800;2.00;
3OQEO5BIM1SME8SFQJ108NKG2ZKU9F_1.png;0.0539,0.0203,0.0324,0.0450,0.0285,0.1763,0.0000,0.2008,0.1000,0.1174,0.0000,0.1075,0.0000,0.0000,0.0108,0.0053,0.0000,0.0000,0.0000,0.0000,;8,3,0,0,0,0,0,0,0,0,0,;0.0748;5;3;613800;2.50;
3OQEO5BIM1SME8SFQJ108NKG2ZKU9F_2.png;0.0402,0.0351,0.0353,0.0254,0.0392,0.1498,0.0000,0.0927,0.0494,0.1619,0.0000,0.0210,0.0000,0.0000,0.0594,0.0000,0.0000,0.0000,0.0000,0.0032,;9,2,0,0,0,0,0,0,0,0,0,;0.0594;4;3;613800;2.00;
3OQEO5BIN29PS6BYUHRH0ABF87P9UL.png;0.2100,0.1600,0.0629,0.0296,0.0208,0.1411,0.0000,0.0000,0.0396,0.0000,0.0000,0.0000,0.0000,0.0000,0.0000,0.0000,0.0000,0.0000,0.0000,0.0000,;4,3,0,0,0,0,0,0,0,0,0,;0.0949;3;3;613800;3.00;
3OR6S1RAC52TCC0V5OHKA3WQNHZAGY.png;0.0973,0.1346,0.1732,0.1235,0.1236,0.1703,0.0000,0.1125,0.0371,0.0591,0.0000,0.0167,0.0000,0.0000,0.0000,0.0000,0.0000,0.0000,0.0000,0.0000,;4,6,0,0,0,0,0,0,0,0,0,;0.1048;6;6;1227600;6.00;
3P15LLOAR9NU663LLUNNP8EDOYG9ZV.png;0.0392,0.0137,0.0155,0.0187,0.0189,0.1410,0.0000,0.1980,0.1216,0.1876,0.0000,0.1433,0.0000,0.0000,0.1587,0.0042,0.0000,0.0000,0.0000,0.0094,;5,6,0,0,0,0,0,0,0,0,0,;0.0823;6;6;1227600;6.00;
3P6UG6V268Y9VTMB4YR44MFGIGC4NX.png;0.0856,0.0000,0.0000,0.0000,0.0000,0.0000,0.0000,0.0000,0.0897,0.0000,0.0000,0.1094,0.0000,0.0000,0.0691,0.1112,0.0000,0.0000,0.0000,0.0839,;5,1,0,0,0,0,0,0,0,0,0,;0.0915;2;2;409200;2.00;
3PBMWYW3D44FHQ3H0CBK078FM1J2XZ.png;0.0351,0.0000,0.0000,0.0137,0.0000,0.0000,0.0000,0.3477,0.1524,0.0000,0.0000,0.1334,0.0000,0.0000,0.1245,0.0821,0.0000,0.0000,0.0000,0.0918,;4,3,0,1,0,0,0,0,0,0,0,;0.1226;4;3;613800;2.00;
3PBMWYW3D4VOVNNOVMGLZF23LEGX22.png;0.1874,0.2779,0.1762,0.1808,0.1070,0.0828,0.0000,0.2342,0.0000,0.1913,0.0000,0.0407,0.0000,0.0000,0.0783,0.0000,0.0000,0.0000,0.0000,0.0264,;5,4,2,0,0,0,0,0,0,0,0,;0.1439;6;5;1023000;3.00;
3PBTVBPQ8T2RUQ4LSR4U2IGAMAGLG7.png;0.1950,0.0838,0.2421,0.1350,0.4841,0.2152,0.0000,0.0738,0.0000,0.2760,0.0000,0.0000,0.0000,0.0000,0.1591,0.0000,0.0000,0.0000,0.0000,0.0687,;3,3,3,0,1,0,0,0,0,0,0,;0.1933;5;5;1023000;5.00;
3PBTVBPQ9UHWF8TU0BNM18QB456LGV.png;0.1610,0.2199,0.2004,0.1840,0.1460,0.2522,0.0000,0.2277,0.1937,0.4757,0.0000,0.0906,0.0000,0.0000,0.3478,0.0279,0.0000,0.0000,0.0000,0.0000,;2,5,3,1,1,0,0,0,0,0,0,;0.2106;5;4;818400;2.50;
3PBTVBPQ9UJW25OVYU5DFTVY5MMGLK.png;0.0206,0.0305,0.0354,0.0375,0.0359,0.0078,0.0000,0.0072,0.0000,0.0078,0.0000,0.0000,0.0000,0.0000,0.0000,0.0000,0.0000,0.0000,0.0000,0.0000,;5,0,0,0,0,0,0,0,0,0,0,;0.0228;4;4;818400;4.00;
3PBTVBPQ9UJW25OVYU5DFTVY5MMGLK_1.png;0.2412,0.0932,0.0519,0.0517,0.1141,0.0194,0.0000,0.0193,0.0000,0.0197,0.0000,0.0000,0.0000,0.0000,0.0000,0.0000,0.0000,0.0000,0.0000,0.0000,;6,1,1,0,0,0,0,0,0,0,0,;0.0763;3;3;613800;3.00;
3PBTVBPQ9UJW25OVYU5DFTVY5MMGLK_2.png;0.1748,0.0701,0.1195,0.1243,0.1511,0.0128,0.0000,0.0107,0.0000,0.0077,0.0000,0.0000,0.0000,0.0000,0.0000,0.0000,0.0000,0.0000,0.0000,0.0000,;3,4,0,0,0,0,0,0,0,0,0,;0.0839;4;2;409200;4.00;
3PHLPV04IQDPW55WV8WBZJA231AP7O.png;0.1567,0.2289,0.2113,0.4173,0.3818,0.2340,0.0000,0.2066,0.1220,0.2273,0.0000,0.0000,0.0000,0.0000,0.0000,0.0000,0.0000,0.0000,0.0000,0.0000,;0,3,4,1,1,0,0,0,0,0,0,;0.2429;2;1;204600;2.00;
3PLXPMD6WGC7AIQBYMRH2GBAFTWKBJ.png;0.0643,0.0345,0.0510,0.0521,0.0425,0.0657,0.0000,0.0688,0.1100,0.0535,0.0000,0.0865,0.0000,0.0000,0.0787,0.0057,0.0000,0.0000,0.0000,0.0065,;11,0,0,0,0,0,0,0,0,0,0,;0.0554;6;3;613800;6.00;
3PN7FLVWM45PCCC3MA18W1ODE9IYSJ.png;0.1718,0.2121,0.1829,0.3103,0.1672,0.1527,0.0000,0.4695,0.1305,0.2399,0.0000,0.3958,0.0000,0.0000,0.1986,0.2036,0.0000,0.0000,0.0000,0.0738,;1,7,2,2,1,0,0,0,0,0,0,;0.2237;4;3;613800;2.00;
3PN7FLVWM45XULC6NHQRXFJ9Z5WSYC.png;0.0132,0.0000,0.0000,0.0000,0.0000,0.0375,0.0000,0.0000,0.0380,0.0000,0.0000,0.0000,0.0000,0.0000,0.0000,0.0000,0.0000,0.0000,0.0000,0.0000,;3,0,0,0,0,0,0,0,0,0,0,;0.0296;2;2;409200;2.00;
3Q4WZ5V3MNIH1FT2QKH2OURKHS1UGI.png;0.0773,0.0026,0.0033,0.0000,0.0000,0.4949,0.0000,0.3187,0.3804,0.1492,0.0000,0.2575,0.0000,0.0000,0.1514,0.0097,0.0000,0.0000,0.0000,0.0000,;1,2,1,2,1,0,0,0,0,0,0,;0.1845;4;2;409200;4.00;
3Q9ARQ9ZAP4L7I0LVYTFN28MIJR3MM.png;0.0094,0.0106,0.0094,0.0095,0.0108,0.0856,0.0000,0.1091,0.0085,0.1180,0.0000,0.0117,0.0000,0.0000,0.0231,0.0000,0.0000,0.0000,0.0000,0.0000,;6,1,0,0,0,0,0,0,0,0,0,;0.0369;3;2;409200;1.50;
3Q9ARQ9ZAP4L7I0LVYTFN28MIJR3MM_1.png;0.0377,0.0142,0.0124,0.0105,0.0143,0.1288,0.0000,0.1018,0.0134,0.1473,0.0000,0.0053,0.0000,0.0000,0.0751,0.0004,0.0000,0.0000,0.0000,0.0004,;8,2,0,0,0,0,0,0,0,0,0,;0.0432;4;3;613800;2.00;
3Q9ARQ9ZAP4L7I0LVYTFN28MIJR3MM_2.png;0.0269,0.0135,0.0126,0.0146,0.0135,0.1085,0.0000,0.1331,0.0626,0.1378,0.0000,0.0047,0.0000,0.0000,0.0148,0.0005,0.0000,0.0000,0.0000,0.0002,;8,2,0,0,0,0,0,0,0,0,0,;0.0418;4;3;613800;2.00;
3QKP95RWR0AXY9I3VQ7SL2A7LGY5XG.png;0.0241,0.0584,0.0000,0.0000,0.0000,0.0518,0.0000,0.0597,0.1704,0.0322,0.0000,0.2591,0.0000,0.0000,0.0454,0.1511,0.0000,0.0000,0.0000,0.0144,;7,2,1,0,0,0,0,0,0,0,0,;0.0867;3;2;409200;1.50;
3QLL1RLFYUJL8BWXI76KVR6VTA8G40.png;0.1830,0.2098,0.2315,0.1025,0.0000,0.1656,0.0000,0.0218,0.0000,0.0066,0.0000,0.0000,0.0000,0.0000,0.0000,0.0000,0.0000,0.0000,0.0000,0.0000,;2,3,1,0,0,0,0,0,0,0,0,;0.1315;4;4;818400;4.00;
3QNALI7B4S6VALH9K67QLF1VCK3Z5B.png;0.1806,0.2270,0.1082,0.1689,0.1262,0.0105,0.0000,0.0573,0.0000,0.0093,0.0000,0.0000,0.0000,0.0000,0.0000,0.0000,0.0000,0.0000,0.0000,0.0000,;3,3,1,0,0,0,0,0,0,0,0,;0.1110;4;3;613800;2.00;
3QNALI7B4SD1ONKL4C5DCUTXSZAZ55.png;0.1127,0.0063,0.0575,0.0000,0.0387,0.0329,0.0000,0.0000,0.0070,0.0335,0.0000,0.0000,0.0000,0.0000,0.0071,0.0000,0.0000,0.0000,0.0000,0.0000,;4,1,0,0,0,0,0,0,0,0,0,;0.0370;3;2;409200;1.50;
3QPQKLUN2S87R374XHKKL49YI4M6SW.png;0.1391,0.1190,0.0881,0.0762,0.1110,0.1108,0.0000,0.0883,0.1207,0.1334,0.0000,0.1074,0.0000,0.0000,0.1569,0.1037,0.0000,0.0000,0.0000,0.1311,;5,8,0,0,0,0,0,0,0,0,0,;0.1143;6;4;818400;3.00;
3QXBZN23LG7N3HYFNCCOI0H4ZPJXNQ.png;0.4125,0.3047,0.0982,0.2893,0.3801,0.0561,0.0000,0.0182,0.0517,0.1231,0.0000,0.0000,0.0000,0.0000,0.0071,0.0000,0.0000,0.0000,0.0000,0.0000,;4,1,2,1,1,0,0,0,0,0,0,;0.1741;4;3;613800;2.00;
3R0WG3C6FAYXA2OVFH1MKSVV7DKWL8.png;0.0000,0.0000,0.0000,0.0000,0.0000,0.0000,0.0000,0.0055,0.0000,0.1591,0.0000,0.0337,0.0000,0.0000,0.1605,0.0000,0.0000,0.0000,0.0000,0.0000,;1,2,0,0,0,0,0,0,0,0,0,;0.0897;2;2;409200;2.00;
3R35RPFD7J1GHLW8Y5PUB7E29XSP1C.png;0.0000,0.0000,0.0000,0.2257,0.0000,0.0000,0.0000,0.0994,0.0000,0.0000,0.0000,0.1104,0.0000,0.0000,0.0000,0.0000,0.0000,0.0000,0.0000,0.0000,;1,1,1,0,0,0,0,0,0,0,0,;0.1452;1;1;204600;1.00;
3R35RPFD8KSAWMKG8PKUBRZ71RYP19.png;0.1391,0.2245,0.1441,0.1192,0.1194,0.0732,0.0000,0.0719,0.0356,0.0668,0.0000,0.0603,0.0000,0.0000,0.0006,0.0065,0.0000,0.0000,0.0000,0.0000,;5,4,1,0,0,0,0,0,0,0,0,;0.0884;5;5;1023000;5.00;
3R35RPFD8KW5RVQQX9OYA2WSE711PN.png;0.2729,0.2707,0.3272,0.5919,0.5685,0.1807,0.0000,0.2813,0.0541,0.6657,0.0000,0.1864,0.0000,0.0000,0.3359,0.1306,0.0000,0.0000,0.0000,0.1078,;2,3,3,2,0,2,1,0,0,0,0,;0.3057;5;3;613800;2.50;
3R39EOJX7B7B0RBVIOI0YF8QUNBFFR.png;0.0906,0.0167,0.0181,0.0000,0.0000,0.1147,0.0000,0.0000,0.0820,0.0000,0.0000,0.0000,0.0000,0.0000,0.0000,0.0000,0.0000,0.0000,0.0000,0.0000,;4,1,0,0,0,0,0,0,0,0,0,;0.0644;3;3;613800;3.00;
3R39EOJX7BI6S1MO8YC8O4DE709FF7.png;0.1265,0.0982,0.0339,0.0836,0.0530,0.0550,0.0000,0.0501,0.0000,0.0866,0.0000,0.0000,0.0000,0.0000,0.0142,0.0000,0.0000,0.0000,0.0000,0.0000,;8,1,0,0,0,0,0,0,0,0,0,;0.0668;4;2;409200;2.00;
3R7DCNC1NO24TFH8BGUHQFOR9KEUDP.png;0.0500,0.0572,0.0440,0.0425,0.0428,0.1214,0.0000,0.1405,0.1385,0.1575,0.0000,0.1451,0.0000,0.0000,0.0889,0.0075,0.0000,0.0000,0.0000,0.0037,;6,5,0,0,0,0,0,0,0,0,0,;0.0800;6;6;1227600;6.00;
3R7DCNC1NO24TFH8BGUHQFOR9KEUDP_1.png;0.0282,0.0172,0.0160,0.0384,0.0174,0.1253,0.0000,0.0746,0.1132,0.0129,0.0000,0.0747,0.0000,0.0000,0.0208,0.0056,0.0000,0.0000,0.0000,0.0000,;9,2,0,0,0,0,0,0,0,0,0,;0.0454;4;2;409200;4.00;
3R7DCNC1NO24TFH8BGUHQFOR9KEUDP_2.png;0.0312,0.0420,0.0500,0.0431,0.0246,0.1325,0.0000,0.1323,0.1106,0.1133,0.0000,0.1477,0.0000,0.0000,0.0263,0.0051,0.0000,0.0000,0.0000,0.0000,;6,5,0,0,0,0,0,0,0,0,0,;0.0716;5;3;613800;2.50;
3R7DCNC1NOV5HU26IA2C7R0658YUDF.png;0.2020,0.1812,0.1551,0.0503,0.1698,0.1316,0.0000,0.0457,0.0419,0.0937,0.0000,0.0492,0.0000,0.0000,0.0393,0.0320,0.0000,0.0000,0.0000,0.0351,;8,5,0,0,0,0,0,0,0,0,0,;0.0944;5;5;1023000;5.00;
3R8MKH13HFEBE45LFXZBD3ZAAT6QLU.png;0.1542,0.2146,0.0963,0.0000,0.0000,0.1272,0.0000,0.2130,0.1267,0.0482,0.0000,0.1724,0.0000,0.0000,0.0496,0.0000,0.0000,0.0000,0.0000,0.0000,;3,4,2,0,0,0,0,0,0,0,0,;0.1336;4;2;409200;4.00;
3R8NDUBSE5C5KWKOVCROU8T8BNKK4W.png;0.0600,0.0145,0.0040,0.0127,0.0083,0.0861,0.0000,0.0997,0.0457,0.1678,0.0000,0.0710,0.0000,0.0000,0.1404,0.0003,0.0000,0.0000,0.0000,0.0020,;7,2,0,0,0,0,0,0,0,0,0,;0.0548;6;6;1227600;6.00;
3R8NDUBSE5CIIDI6K37BBGYS2U64KU.png;0.0000,0.2317,0.2609,0.0444,0.0000,0.2474,0.0000,0.1161,0.0000,0.0000,0.0000,0.0000,0.0000,0.0000,0.0340,0.0000,0.0000,0.0000,0.0000,0.0000,;2,1,3,0,0,0,0,0,0,0,0,;0.1557;3;3;613800;3.00;
3R8NDUBSE5CRYRKXR6M9AB02Z7L4K5.png;0.2898,0.0881,0.0000,0.0000,0.0000,0.0000,0.0000,0.0000,0.0000,0.0000,0.0000,0.0000,0.0000,0.0000,0.0000,0.0000,0.0000,0.0000,0.0000,0.0000,;1,0,1,0,0,0,0,0,0,0,0,;0.1890;1;1;204600;1.00;
3R8NDUBSF67O3EBOSQ1IL6C0CLD4KT.png;0.2581,0.2354,0.4929,0.1702,0.0000,0.1350,0.0000,0.0000,0.0000,0.0000,0.0000,0.0000,0.0000,0.0000,0.0000,0.0000,0.0000,0.0000,0.0000,0.0000,;0,2,2,0,1,0,0,0,0,0,0,;0.2583;1;1;204600;1.00;
3RPY1MM09GJ0DPT9E5P5CCJTRTWMHE.png;0.0000,0.0000,0.0000,0.0000,0.0000,0.0000,0.0000,0.0000,0.0000,0.0000,0.0000,0.0000,0.0000,0.0000,0.0000,0.0000,0.0000,0.0000,0.0000,0.0000,;0,0,0,0,0,0,0,0,0,0,0,;NaN;0;
3RRYB8LG3ZH82HFOZGL7ANT68BKKUX.png;0.2808,0.1883,0.2476,0.0917,0.0000,0.2100,0.0000,0.0265,0.2100,0.0000,0.0000,0.0000,0.0000,0.0000,0.0000,0.0000,0.0000,0.0000,0.0000,0.0000,;2,3,2,0,0,0,0,0,0,0,0,;0.1793;5;5;1023000;5.00;
3S1POB7GU8DKAHGA5W96UXZRMJ8QU4.png;0.2972,0.3325,0.2290,0.0437,0.0000,0.0159,0.0000,0.0000,0.0000,0.0000,0.0000,0.0000,0.0000,0.0000,0.0000,0.0000,0.0000,0.0000,0.0000,0.0000,;2,0,2,1,0,0,0,0,0,0,0,;0.1836;3;3;613800;3.00;
3S4LLGXSV3FZU47VRD0W7FI7RKKAOY.png;0.2185,0.0201,0.0000,0.0000,0.0000,0.0215,0.0000,0.0000,0.0000,0.0000,0.0000,0.0000,0.0000,0.0000,0.0000,0.0000,0.0000,0.0000,0.0000,0.0000,;2,0,1,0,0,0,0,0,0,0,0,;0.0867;1;1;204600;1.00;
3S8DC08I2JZOJ6XAR5ADV2RBM80EJJ.png;0.1369,0.0070,0.0068,0.0020,0.0024,0.1141,0.0000,0.0996,0.0260,0.0964,0.0000,0.0196,0.0000,0.0000,0.0169,0.0000,0.0000,0.0000,0.0000,0.0000,;5,2,0,0,0,0,0,0,0,0,0,;0.0480;4;3;613800;2.00;
3SBA6YTBY276L0SZ55XU5R7VV8FOBP.png;0.1963,0.1971,0.0000,0.0310,0.0000,0.0000,0.0000,0.0107,0.0000,0.0000,0.0000,0.0120,0.0000,0.0000,0.0000,0.0000,0.0000,0.0000,0.0000,0.0000,;3,2,0,0,0,0,0,0,0,0,0,;0.0894;2;2;409200;2.00;
3SFRD5IA5Z34MMJO249XJPJMVUHFBF.png;0.1131,0.1672,0.1261,0.1245,0.0958,0.0924,0.0000,0.0567,0.0000,0.1725,0.0000,0.0000,0.0000,0.0000,0.0933,0.0264,0.0000,0.0000,0.0000,0.0368,;6,5,0,0,0,0,0,0,0,0,0,;0.1004;5;4;818400;2.50;
3SI493PTSWP5AHPBIVTI1I8D7X4ZDI.png;0.0883,0.0000,0.1234,0.0488,0.0777,0.0420,0.0000,0.0347,0.0989,0.0327,0.0000,0.0930,0.0000,0.0000,0.1290,0.0494,0.0000,0.0000,0.0000,0.0037,;9,2,0,0,0,0,0,0,0,0,0,;0.0685;6;2;409200;2.00;
3SI493PTSWP6VJGGSL9VZHEJP2GDZ2.png;0.4315,0.1646,0.0000,0.0000,0.0000,0.0000,0.0000,0.0000,0.0000,0.0000,0.0000,0.0000,0.0000,0.0000,0.0000,0.0000,0.0000,0.0000,0.0000,0.0000,;0,1,0,0,1,0,0,0,0,0,0,;0.2980;1;1;204600;1.00;
3SIEQXXS6F7PLDK653FBMIWP0ADQ4C.png;0.1963,0.1971,0.0000,0.0000,0.0000,0.0000,0.0000,0.0107,0.0000,0.0234,0.0000,0.0120,0.0000,0.0000,0.0000,0.0000,0.0000,0.0000,0.0000,0.0000,;3,2,0,0,0,0,0,0,0,0,0,;0.0879;2;2;409200;2.00;
3SJ1BZ9YMZFJKL9JAYIH6SXUEFF7N6.png;0.0000,0.0000,0.0000,0.0000,0.0000,0.0000,0.0000,0.0811,0.0000,0.0000,0.0000,0.0820,0.0000,0.0000,0.0000,0.0000,0.0000,0.0000,0.0000,0.0000,;2,0,0,0,0,0,0,0,0,0,0,;0.0815;1;1;204600;1.00;
3T1550FWLKIS93DC7DPTY5M29UHWXP.png;0.1989,0.2510,0.1448,0.0671,0.0000,0.0706,0.0000,0.0000,0.0021,0.0000,0.0000,0.0000,0.0000,0.0000,0.0000,0.0000,0.0000,0.0000,0.0000,0.0000,;2,2,1,0,0,0,0,0,0,0,0,;0.1224;3;3;613800;3.00;
3T6HLR4BXW5RX3QYFIC2AVGBFN389Y.png;0.1075,0.0786,0.1097,0.0464,0.1161,0.1310,0.0000,0.0270,0.0383,0.0648,0.0000,0.0000,0.0000,0.0000,0.0368,0.0000,0.0000,0.0000,0.0000,0.0226,;9,2,0,0,0,0,0,0,0,0,0,;0.0708;5;5;1023000;5.00;
3T6HLR4BXW65EY3SGXC7I8IJLZ589G.png;0.1346,0.0000,0.0000,0.0000,0.0000,0.0000,0.0000,0.0471,0.0000,0.0365,0.0000,0.0673,0.0000,0.0000,0.0201,0.0000,0.0000,0.0000,0.0000,0.0000,;4,1,0,0,0,0,0,0,0,0,0,;0.0611;2;1;204600;2.00;
3T6HLR4BXW65EY3SGXC7I8ILF1889L.png;0.1483,0.0000,0.0197,0.0150,0.1082,0.0002,0.0000,0.0355,0.0000,0.0101,0.0000,0.0093,0.0000,0.0000,0.0056,0.0000,0.0000,0.0000,0.0000,0.0000,;5,1,0,0,0,0,0,0,0,0,0,;0.0391;2;2;409200;2.00;
3T6UNEUZ5USMH6KL5FCL3O350KM199.png;0.0000,0.0000,0.0000,0.0000,0.0000,0.0000,0.0000,0.0000,0.0000,0.0000,0.0000,0.0000,0.0000,0.0000,0.0000,0.0000,0.0000,0.0000,0.0000,0.0000,;0,0,0,0,0,0,0,0,0,0,0,;NaN;0;
3T6UNEUZ5USMH6KL5FCL3O350KM199_1.png;0.1144,0.0000,0.0000,0.0000,0.0248,0.0000,0.0000,0.0000,0.0000,0.1499,0.0000,0.0000,0.0000,0.0000,0.0268,0.0000,0.0000,0.0000,0.0000,0.0000,;2,2,0,0,0,0,0,0,0,0,0,;0.0790;2;1;204600;2.00;
3T6UNEUZ5USMH6KL5FCL3O350KM199_2.png;0.0496,0.0274,0.0271,0.0000,0.0000,0.0475,0.0000,0.0000,0.0145,0.0000,0.0000,0.0000,0.0000,0.0000,0.0000,0.0000,0.0000,0.0000,0.0000,0.0000,;5,0,0,0,0,0,0,0,0,0,0,;0.0332;2;2;409200;2.00;
3TCGLRK8ZGNA4CQP60QJDQBQH1MZQ6.png;0.1539,0.1729,0.1205,0.1326,0.1366,0.0286,0.0000,0.0371,0.0000,0.0400,0.0000,0.0000,0.0000,0.0000,0.0000,0.0000,0.0000,0.0000,0.0000,0.0000,;3,5,0,0,0,0,0,0,0,0,0,;0.1028;5;5;1023000;5.00;
3TFUINTXMP1P2TVK22ZNBIA74UYT95.png;0.2510,0.0490,0.1497,0.0817,0.0000,0.0977,0.0000,0.0683,0.0230,0.0000,0.0000,0.0224,0.0000,0.0000,0.0000,0.0000,0.0000,0.0000,0.0000,0.0000,;6,1,1,0,0,0,0,0,0,0,0,;0.0929;3;3;613800;3.00;
3TFUINTXNQRB8MQUNU8RNTUAF5A9TC.png;0.0838,0.0864,0.0000,0.0000,0.1298,0.0000,0.0000,0.0000,0.0000,0.1223,0.0000,0.0000,0.0000,0.0000,0.0000,0.0000,0.0000,0.0000,0.0000,0.0000,;2,2,0,0,0,0,0,0,0,0,0,;0.1056;2;2;409200;2.00;
3TJJ8HSJVIOUEEITVOXS8LA6BWX82U.png;0.1469,0.0000,0.0000,0.0000,0.0000,0.0000,0.0000,0.0000,0.0000,0.0000,0.0000,0.0000,0.0000,0.0000,0.0000,0.0000,0.0000,0.0000,0.0000,0.0000,;0,1,0,0,0,0,0,0,0,0,0,;0.1469;1;1;204600;1.00;
3TJJ8HSJWJ7V3WKXYD3KKOVHU4N28W.png;0.0954,0.1297,0.1392,0.1419,0.1010,0.0396,0.0000,0.0394,0.0095,0.0394,0.0000,0.0063,0.0000,0.0000,0.0077,0.0376,0.0000,0.0000,0.0000,0.0052,;6,3,0,0,0,0,0,0,0,0,0,;0.0609;5;5;1023000;5.00;
3TO8OQV8RRE8TSS50K77OY4BTUOOLO.png;0.0610,0.0603,0.0649,0.0579,0.0693,0.1123,0.0000,0.1020,0.0096,0.1858,0.0000,0.0000,0.0000,0.0000,0.0983,0.0000,0.0000,0.0000,0.0000,0.0055,;7,2,0,0,0,0,0,0,0,0,0,;0.0752;4;3;613800;2.00;
3TR9CMHN3N8E2YCNTAQUMF33CUSBB8.png;0.1730,0.1622,0.2199,0.2704,0.1622,0.2276,0.0000,0.2147,0.2042,0.1488,0.0000,0.2739,0.0000,0.0000,0.1050,0.1763,0.0000,0.0000,0.0000,0.0404,;2,6,5,0,0,0,0,0,0,0,0,;0.1830;6;6;1227600;6.00;
3TYSWKZBELVFE846EGCGPUMG5XR7G5.png;0.3834,0.1335,0.0000,0.0000,0.1541,0.0000,0.0000,0.0000,0.0000,0.1133,0.0000,0.0000,0.0000,0.0000,0.1133,0.0000,0.0000,0.0000,0.0000,0.0179,;1,4,0,1,0,0,0,0,0,0,0,;0.1526;2;2;409200;2.00;
3TYSWKZBFMLN72JJOTFJJEIWD9HG7U.png;0.0741,0.0000,0.3757,0.3422,0.3187,0.1054,0.0000,0.1643,0.0000,0.1600,0.0000,0.0054,0.0000,0.0000,0.1117,0.0000,0.0000,0.0000,0.0000,0.0286,;3,3,0,3,0,0,0,0,0,0,0,;0.1686;3;2;409200;1.50;
3U2H1DGWOPTCKLUQYVRKVZHY3Q4F4G.png;0.2117,0.0953,0.0000,0.0000,0.0000,0.0324,0.0000,0.0000,0.1346,0.0000,0.0000,0.0000,0.0000,0.0000,0.0000,0.0000,0.0000,0.0000,0.0000,0.0000,;2,1,1,0,0,0,0,0,0,0,0,;0.1185;2;1;204600;2.00;
3U47UEJKWC6S8AEVXI8SUW72VHPLB6.png;0.1540,0.0000,0.1306,0.0000,0.1489,0.1284,0.0000,0.0000,0.1310,0.0128,0.0000,0.0000,0.0000,0.0000,0.0000,0.0000,0.0000,0.0000,0.0000,0.0000,;1,5,0,0,0,0,0,0,0,0,0,;0.1176;5;5;1023000;5.00;
3U47UEJKWC7M32113CRLFBCBUKFBLV.png;0.1855,0.1233,0.1221,0.0177,0.0000,0.0661,0.0000,0.0000,0.0000,0.0000,0.0000,0.0000,0.0000,0.0000,0.0000,0.0000,0.0000,0.0000,0.0000,0.0000,;2,3,0,0,0,0,0,0,0,0,0,;0.1029;3;3;613800;3.00;
3U47UEJKWC8E1D3WG0VTNM1UKCYBLF.png;0.1817,0.0978,0.0247,0.0000,0.0773,0.2024,0.0000,0.0767,0.2708,0.0361,0.0000,0.0696,0.0000,0.0000,0.0000,0.0000,0.0000,0.0000,0.0000,0.0000,;6,2,1,0,0,0,0,0,0,0,0,;0.1152;3;3;613800;3.00;
3U47UEJKXD5R38RUXLMDWG1BUJXLBR.png;0.1722,0.0417,0.0000,0.0000,0.0000,0.1135,0.0000,0.0000,0.0227,0.0000,0.0000,0.0000,0.0000,0.0000,0.0000,0.0000,0.0000,0.0000,0.0000,0.0000,;2,2,0,0,0,0,0,0,0,0,0,;0.0875;2;2;409200;2.00;
3U6BJ3K2B9GQGJVT0E99IGFE7I2MEG.png;0.0000,0.0000,0.0000,0.0000,0.0000,0.0729,0.0000,0.2108,0.0098,0.0735,0.0000,0.2445,0.0000,0.0000,0.0020,0.0000,0.0000,0.0000,0.0000,0.0000,;2,0,2,0,0,0,0,0,0,0,0,;0.1022;2;2;409200;2.00;
3UEL82N5TO6EUK0Y8E9LV0DUVX2NTJ.png;0.1724,0.1745,0.2059,0.0000,0.0000,0.1418,0.0000,0.0673,0.1226,0.0710,0.0000,0.1700,0.0000,0.0000,0.1165,0.0000,0.0000,0.0000,0.0000,0.0000,;2,7,0,0,0,0,0,0,0,0,0,;0.1380;5;4;818400;2.50;
3UEL82N5TOKN43E6MBDHCIJ23C3NTV.png;0.0130,0.0000,0.0000,0.0000,0.0000,0.0986,0.0000,0.0453,0.0005,0.0389,0.0000,0.0000,0.0000,0.0000,0.0000,0.0000,0.0000,0.0000,0.0000,0.0000,;4,0,0,0,0,0,0,0,0,0,0,;0.0393;2;1;204600;2.00;
3UKAYM2G38LNW9YPLTZSPTC333T903.png;0.2477,0.0000,0.0000,0.0000,0.0000,0.0000,0.0000,0.0000,0.0000,0.0000,0.0000,0.0000,0.0000,0.0000,0.0000,0.0000,0.0000,0.0000,0.0000,0.0000,;0,0,1,0,0,0,0,0,0,0,0,;0.2477;1;1;204600;1.00;
3USMLONC9E5MDB1GD7ZQ6SDG14K85P.png;0.1184,0.0000,0.0000,0.0000,0.0000,0.0000,0.0000,0.0168,0.0000,0.0267,0.0000,0.0003,0.0000,0.0000,0.0000,0.0000,0.0000,0.0000,0.0000,0.0000,;2,1,0,0,0,0,0,0,0,0,0,;0.0406;1;1;204600;1.00;
3USZNBD0ID5Y2E7UC1NHCD5VH1M51A.png;0.0348,0.0239,0.0174,0.0000,0.0000,0.0900,0.0000,0.0000,0.0045,0.0000,0.0000,0.0000,0.0000,0.0000,0.0000,0.0000,0.0000,0.0000,0.0000,0.0000,;4,0,0,0,0,0,0,0,0,0,0,;0.0341;2;2;409200;2.00;
3UV3KC5DTGMOGZ30EI3U2F567A15CS.png;0.2581,0.2476,0.3890,0.2113,0.0626,0.1000,0.0000,0.0477,0.0000,0.0000,0.0000,0.0000,0.0000,0.0000,0.0000,0.0000,0.0000,0.0000,0.0000,0.0000,;3,0,3,1,0,0,0,0,0,0,0,;0.1880;4;4;818400;4.00;
3UXCLCQO1UDWROO910PGOYLD3QJ20A.png;0.1714,0.0686,0.0174,0.0537,0.0857,0.0411,0.0000,0.1236,0.0450,0.1050,0.0000,0.0041,0.0000,0.0000,0.0000,0.0385,0.0000,0.0000,0.0000,0.0000,;8,2,0,0,0,0,0,0,0,0,0,;0.0686;5;4;818400;2.50;
3UXCLCQO2V425H8F0OVWTKIEO3N20G.png;0.1992,0.2155,0.2142,0.2284,0.2124,0.2698,0.0000,0.2698,0.0830,0.2747,0.0000,0.1040,0.0000,0.0000,0.0968,0.0000,0.0000,0.0000,0.0000,0.0000,;3,1,7,0,0,0,0,0,0,0,0,;0.1971;8;8;1636800;8.00;
3VHU2SWT3EI2EPQKMFU0IXHUUZKSPE.png;0.1554,0.0170,0.0000,0.0000,0.0000,0.0000,0.0000,0.0641,0.0000,0.0783,0.0000,0.0000,0.0000,0.0000,0.0791,0.0000,0.0000,0.0000,0.0000,0.0000,;4,1,0,0,0,0,0,0,0,0,0,;0.0788;2;1;204600;2.00;
3VKCYEEK5GTFPTFE2CSUAPH4AEKG1E.png;0.5081,0.4761,0.4437,0.3867,0.4631,0.4002,0.0000,0.3812,0.1862,0.3703,0.0000,0.1594,0.0000,0.0000,0.2591,0.0266,0.0000,0.0000,0.0000,0.1744,;1,3,1,4,4,0,0,0,0,0,0,;0.3258;8;8;1636800;8.00;
3VKCYEEK5GTFPTFE2CSUAPH4AEKG1E_1.png;0.3319,0.5347,0.3954,0.3676,0.3723,0.3601,0.0000,0.3077,0.1291,0.3811,0.0000,0.1489,0.0000,0.0000,0.2611,0.0025,0.0000,0.0000,0.0000,0.1285,;0,3,2,6,0,1,0,0,0,0,0,;0.2862;8;8;1636800;8.00;
3VKCYEEK5GTFPTFE2CSUAPH4AEKG1E_2.png;0.4467,0.5264,0.4246,0.3768,0.3393,0.3686,0.0000,0.3631,0.1903,0.3080,0.0000,0.1949,0.0000,0.0000,0.1186,0.0685,0.0000,0.0000,0.0000,0.0367,;2,3,1,4,2,1,0,0,0,0,0,;0.2894;8;8;1636800;8.00;
3VNGVF6XGJQ1QLT33BZ7QKAQGJTGC8.png;0.1544,0.2362,0.0000,0.0000,0.0000,0.0000,0.0000,0.0000,0.0000,0.0000,0.0000,0.0000,0.0000,0.0000,0.0000,0.0000,0.0000,0.0000,0.0000,0.0000,;0,1,1,0,0,0,0,0,0,0,0,;0.1953;1;1;204600;1.00;
3VNVHCMRM39PCV9YY08XQFC2ASTW7K.png;0.0227,0.0205,0.0174,0.0000,0.0000,0.0417,0.0000,0.0382,0.0000,0.0000,0.0000,0.0387,0.0000,0.0000,0.0000,0.0000,0.0000,0.0000,0.0000,0.0000,;6,0,0,0,0,0,0,0,0,0,0,;0.0299;3;2;409200;1.50;
3VPHDNYYW05RMXRPFB37FMZTE8FOX6.png;0.0896,0.0000,0.0000,0.0000,0.0000,0.0802,0.0000,0.0000,0.0810,0.0000,0.0000,0.0000,0.0000,0.0000,0.0000,0.0000,0.0000,0.0000,0.0000,0.0000,;3,0,0,0,0,0,0,0,0,0,0,;0.0836;1;1;204600;1.00;
3VS2P0ED9S8WCYR5XKUI3WE62NIZOD.png;0.3099,0.0000,0.0000,0.4189,0.2314,0.0972,0.0000,0.0012,0.3772,0.0616,0.0000,0.0000,0.0000,0.0000,0.0000,0.0000,0.0000,0.0000,0.0000,0.0000,;2,0,2,1,1,0,0,0,0,0,0,;0.2139;4;3;613800;2.00;
3VS2P0ED9S9HPWVU5TDRGGPE3WLOZL.png;0.0273,0.0697,0.0002,0.0001,0.0002,0.1255,0.0000,0.2031,0.0678,0.1104,0.0000,0.1568,0.0000,0.0000,0.0510,0.0035,0.0000,0.0000,0.0000,0.0052,;4,4,0,0,0,0,0,0,0,0,0,;0.0631;6;4;818400;3.00;
3VTCTNDIMBI4MSZRCFZ5EXG7KAVTGQ.png;0.1577,0.2459,0.0493,0.0011,0.0000,0.2261,0.0000,0.1216,0.1450,0.1508,0.0000,0.0632,0.0000,0.0000,0.0844,0.0000,0.0000,0.0000,0.0000,0.0000,;3,4,2,0,0,0,0,0,0,0,0,;0.1245;5;5;1023000;5.00;
3VXAY8PX9568FZGV4FQLLH1QFO0UBC.png;0.0000,0.0000,0.0000,0.0000,0.0000,0.2865,0.0000,0.0000,0.2025,0.1722,0.0000,0.0000,0.0000,0.0000,0.1757,0.0000,0.0000,0.0000,0.0000,0.0000,;0,3,1,0,0,0,0,0,0,0,0,;0.2092;1;1;204600;1.00;
3VXAY8PXA67ITFS0HYENNTH6AGPBUQ.png;0.0383,0.0232,0.0151,0.0215,0.0213,0.0727,0.0000,0.0877,0.0058,0.0894,0.0000,0.0000,0.0000,0.0000,0.0060,0.0000,0.0000,0.0000,0.0000,0.0000,;8,0,0,0,0,0,0,0,0,0,0,;0.0381;4;3;613800;2.00;
3W718UE9EUVUJGAIW7WCSAJ232S8KV.png;0.0299,0.0041,0.0098,0.0082,0.0074,0.0698,0.0000,0.1394,0.0000,0.1794,0.0000,0.0430,0.0000,0.0000,0.0899,0.0000,0.0000,0.0000,0.0000,0.0003,;4,2,0,0,0,0,0,0,0,0,0,;0.0528;4;3;613800;2.00;
3W7EAH4XLRRHWHV8PSJNN5I48Z5K1Z.png;0.0656,0.0000,0.0732,0.0593,0.0000,0.1183,0.0000,0.2154,0.0364,0.0000,0.0000,0.1508,0.0000,0.0000,0.0000,0.0000,0.0000,0.0000,0.0000,0.0000,;4,2,1,0,0,0,0,0,0,0,0,;0.1027;3;2;409200;1.50;
3WAI7IWAXVDPIQMZBUA6WKWKGBTKCH.png;0.3208,0.3864,0.0250,0.0000,0.0561,0.0000,0.0000,0.0000,0.0000,0.0231,0.0000,0.0000,0.0000,0.0000,0.0000,0.0000,0.0000,0.0000,0.0000,0.0000,;3,0,0,2,0,0,0,0,0,0,0,;0.1623;2;2;409200;2.00;
3WNTBWVI6HTKT402X941XY1LBXF1DP.png;0.1223,0.3385,0.0000,0.0000,0.1037,0.0000,0.0000,0.0000,0.0687,0.0690,0.0000,0.1512,0.0000,0.0000,0.3736,0.1710,0.0000,0.0000,0.0000,0.2612,;3,3,1,2,0,0,0,0,0,0,0,;0.1843;3;2;409200;1.50;
3WNTBWVI7IICS3U5SPMYXHW39RR1DW.png;0.1125,0.3159,0.1069,0.0926,0.0000,0.0285,0.0000,0.1266,0.0000,0.0000,0.0000,0.0000,0.0000,0.0000,0.0000,0.0000,0.0000,0.0000,0.0000,0.0000,;3,2,0,1,0,0,0,0,0,0,0,;0.1305;1;1;204600;1.00;
3X3BKUX7FNI4TQBH6Z6BCBN743AUUW.png;0.0263,0.0594,0.0323,0.0287,0.0124,0.2000,0.0000,0.1256,0.0980,0.0332,0.0000,0.0465,0.0000,0.0000,0.0000,0.0000,0.0000,0.0000,0.0000,0.0000,;8,2,0,0,0,0,0,0,0,0,0,;0.0662;3;2;409200;1.50;
3XCMB0010Q8CROANL93DZ0TZ7HDP3B.png;0.0000,0.0000,0.0000,0.2257,0.0000,0.0000,0.0000,0.0994,0.0000,0.0000,0.0000,0.1104,0.0000,0.0000,0.0000,0.0000,0.0000,0.0000,0.0000,0.0000,;1,1,1,0,0,0,0,0,0,0,0,;0.1452;1;1;204600;1.00;
3XFOW6US4G39LHGXH58DQK2U59EF7W.png;0.0366,0.0151,0.0000,0.0000,0.0000,0.3656,0.0000,0.1506,0.0000,0.0000,0.0000,0.0000,0.0000,0.0000,0.0000,0.0000,0.0000,0.0000,0.0000,0.0000,;2,1,0,1,0,0,0,0,0,0,0,;0.1420;2;1;204600;2.00;
3XH5NKQXD1CEK1G2OFNXP2YO5CGQ1D.png;0.0119,0.0151,0.0086,0.0136,0.0081,0.1062,0.0000,0.1435,0.0527,0.1146,0.0000,0.0682,0.0000,0.0000,0.0601,0.0046,0.0000,0.0000,0.0000,0.0016,;7,2,0,0,0,0,0,0,0,0,0,;0.0468;6;6;1227600;6.00;
3XKJYHBF1PGIGZAV82J26HU67K1S94.png;0.0681,0.0323,0.0384,0.0307,0.0430,0.0884,0.0000,0.0716,0.0365,0.0811,0.0000,0.0704,0.0000,0.0000,0.0307,0.0078,0.0000,0.0000,0.0000,0.0427,;12,0,0,0,0,0,0,0,0,0,0,;0.0494;5;3;613800;2.50;
3XKJYHBF2QXEJ36G795O9QJC5X59SV.png;0.0000,0.0000,0.0000,0.0000,0.0000,0.0000,0.0000,0.0000,0.0000,0.0000,0.0000,0.0000,0.0000,0.0000,0.0000,0.0000,0.0000,0.0000,0.0000,0.0000,;0,0,0,0,0,0,0,0,0,0,0,;NaN;0;
3XLULPCEJ5A20HTSPHJ11BGOHJ2K00.png;0.1098,0.1433,0.0920,0.1853,0.1855,0.0364,0.0000,0.2673,0.0105,0.1697,0.0000,0.1427,0.0000,0.0000,0.0883,0.0000,0.0000,0.0000,0.0000,0.0184,;6,5,1,0,0,0,0,0,0,0,0,;0.1208;6;3;613800;6.00;
3XLULPCEK6XSKDKZU2VPQEQSWADK07.png;0.0699,0.1885,0.1379,0.1705,0.1192,0.2076,0.0000,0.0997,0.1450,0.0022,0.0000,0.0006,0.0000,0.0000,0.0000,0.0006,0.0000,0.0000,0.0000,0.0000,;2,6,0,0,0,0,0,0,0,0,0,;0.1038;6;6;1227600;6.00;
3XOONX5XJ4G5CUJT3GITEEBP8TAR9P.png;0.2024,0.1241,0.0000,0.0000,0.0000,0.0000,0.0000,0.0000,0.0000,0.0000,0.0000,0.0000,0.0000,0.0000,0.0000,0.0000,0.0000,0.0000,0.0000,0.0000,;0,2,0,0,0,0,0,0,0,0,0,;0.1632;1;1;204600;1.00;
3XQ5ITPVUWC5A41L5RJWP1DP30VQTX.png;0.3113,0.3599,0.2466,0.0601,0.0000,0.0661,0.0000,0.0000,0.0000,0.0000,0.0000,0.0000,0.0000,0.0000,0.0000,0.0000,0.0000,0.0000,0.0000,0.0000,;2,0,1,2,0,0,0,0,0,0,0,;0.2088;3;3;613800;3.00;
3XQ5ITPVUWCZXHDQO612ZU9R46PQTU.png;0.1565,0.3037,0.0599,0.0000,0.0000,0.1304,0.0000,0.2214,0.1283,0.0503,0.0000,0.2094,0.0000,0.0000,0.0517,0.0000,0.0000,0.0000,0.0000,0.0000,;3,4,2,0,0,0,0,0,0,0,0,;0.1457;4;2;409200;4.00;
3XQ5ITPVVXEK5RIJJ0S4JMU41HATQO.png;0.0906,0.0247,0.0174,0.0000,0.0000,0.0479,0.0000,0.0802,0.0000,0.0000,0.0000,0.0810,0.0000,0.0000,0.0000,0.0000,0.0000,0.0000,0.0000,0.0000,;6,0,0,0,0,0,0,0,0,0,0,;0.0570;3;2;409200;1.50;
3XXLL7ZNZBX2S1C8S0AVX01M47X2SM.png;0.0396,0.0254,0.0337,0.0310,0.0392,0.1250,0.0000,0.1414,0.0000,0.2325,0.0000,0.0000,0.0000,0.0000,0.0000,0.0000,0.0000,0.0000,0.0000,0.0000,;5,2,1,0,0,0,0,0,0,0,0,;0.0835;3;2;409200;1.50;
3Y6OYEUGD7DBA3Z0UX7LVDP3LCIS5W.png;0.2316,0.1287,0.2732,0.2323,0.1577,0.0637,0.0000,0.1283,0.0000,0.0000,0.0000,0.0203,0.0000,0.0000,0.0000,0.0000,0.0000,0.0000,0.0000,0.0000,;2,3,3,0,0,0,0,0,0,0,0,;0.1545;4;2;409200;4.00;
3YATNUOYWN28VJEWP8MVZLA65TU5R8.png;0.0130,0.0000,0.0000,0.0000,0.0000,0.1035,0.0000,0.0375,0.0000,0.0000,0.0000,0.0380,0.0000,0.0000,0.0000,0.0000,0.0000,0.0000,0.0000,0.0000,;4,0,0,0,0,0,0,0,0,0,0,;0.0480;1;1;204600;1.00;
3YE2HAAZLWT35EOEU3RFNMQ5RC4ZU3.png;0.0661,0.0107,0.0090,0.0033,0.0107,0.0408,0.0000,0.0143,0.0404,0.0400,0.0000,0.0150,0.0000,0.0000,0.0395,0.0040,0.0000,0.0000,0.0000,0.0129,;10,0,0,0,0,0,0,0,0,0,0,;0.0236;5;5;1023000;5.00;
3YJAOW5N8OU26Z949MJ65YS6Q7GNS0.png;0.0273,0.0688,0.0002,0.0001,0.0002,0.1255,0.0000,0.2043,0.0675,0.1117,0.0000,0.1378,0.0000,0.0000,0.0493,0.0046,0.0000,0.0000,0.0000,0.0052,;4,4,0,0,0,0,0,0,0,0,0,;0.0617;6;4;818400;3.00;
3YJAOW5N8OUDFKNJJE4VLVI018MNS9.png;0.1544,0.2589,0.1767,0.0000,0.0000,0.1267,0.0000,0.1679,0.1267,0.0482,0.0000,0.1568,0.0000,0.0000,0.0496,0.0000,0.0000,0.0000,0.0000,0.0000,;2,6,1,0,0,0,0,0,0,0,0,;0.1406;5;5;1023000;5.00;
3YJAOW5N8OUDFKNJJE4VLVI0YDQNSK.png;0.1535,0.1529,0.0151,0.0000,0.0000,0.1283,0.0000,0.0000,0.1283,0.0503,0.0000,0.0000,0.0000,0.0000,0.0517,0.0000,0.0000,0.0000,0.0000,0.0000,;3,4,0,0,0,0,0,0,0,0,0,;0.0972;4;4;818400;4.00;
3YJAOW5N9PI929Z2OH5BG1NQ7AGNSB.png;0.0836,0.1078,0.0418,0.0000,0.0000,0.1860,0.0000,0.0000,0.0957,0.0000,0.0000,0.0116,0.0000,0.0000,0.0000,0.0000,0.0000,0.0000,0.0000,0.0000,;5,1,0,0,0,0,0,0,0,0,0,;0.0878;3;3;613800;3.00;
3YKHA5XMY4LNHWQDYI2RHLTBGR3A75.png;0.0260,0.0492,0.0000,0.0000,0.0000,0.0000,0.0000,0.0368,0.0000,0.0000,0.0000,0.0374,0.0000,0.0000,0.0000,0.0000,0.0000,0.0000,0.0000,0.0000,;4,0,0,0,0,0,0,0,0,0,0,;0.0373;2;1;204600;2.00;
3YNFDCZ5Q3U1E5N64P4QVLD4C30NR9.png;0.1540,0.0547,0.0149,0.0000,0.0000,0.1267,0.0000,0.0000,0.1089,0.1156,0.0000,0.0040,0.0000,0.0000,0.0988,0.0000,0.0000,0.0000,0.0000,0.0000,;4,3,0,0,0,0,0,0,0,0,0,;0.0847;5;5;1023000;5.00;
3YNFDCZ5R4IX1UZP9S56QRIUL8YNRO.png;0.0825,0.1110,0.0520,0.0000,0.0000,0.1913,0.0000,0.0000,0.1153,0.0000,0.0000,0.2845,0.0000,0.0000,0.2322,0.0150,0.0000,0.0000,0.0000,0.0168,;4,3,2,0,0,0,0,0,0,0,0,;0.1223;3;2;409200;1.50;
3YR6VNT52416IC86SLGIIDTF4TWB78.png;0.0784,0.0000,0.0000,0.0000,0.0000,0.0000,0.0000,0.0000,0.0000,0.0000,0.0000,0.0000,0.0000,0.0000,0.0000,0.0000,0.0000,0.0000,0.0000,0.0000,;1,0,0,0,0,0,0,0,0,0,0,;0.0784;1;1;204600;1.00;
3YR6VNT5352GKULNOMVIY5386U67BS.png;0.3370,0.3066,0.1450,0.1274,0.1510,0.0407,0.0000,0.0392,0.0000,0.0411,0.0000,0.0000,0.0000,0.0000,0.0000,0.0000,0.0000,0.0000,0.0000,0.0000,;3,3,1,1,0,0,0,0,0,0,0,;0.1485;3;3;613800;3.00;
3YS67JKWKBRVDSIQ9F8UVFJ1JQRX40.png;0.1649,0.0000,0.0654,0.1404,0.1783,0.0000,0.0000,0.0581,0.0000,0.0065,0.0000,0.0000,0.0000,0.0000,0.0000,0.0000,0.0000,0.0000,0.0000,0.0000,;2,3,0,0,0,0,0,0,0,0,0,;0.1023;3;2;409200;1.50;
3YS67JKWKBTMNDQ3LRFOMM61VUK4X5.png;0.4964,0.1897,0.0947,0.0000,0.0000,0.0076,0.0000,0.0000,0.0000,0.0000,0.0000,0.0000,0.0000,0.0000,0.0000,0.0000,0.0000,0.0000,0.0000,0.0000,;1,1,0,0,1,0,0,0,0,0,0,;0.1971;1;1;204600;1.00;
3YVLYSYEBF5NUSY0E746VZKOKNG0QY.png;0.2268,0.1764,0.0000,0.0000,0.0000,0.0000,0.0000,0.0000,0.0377,0.0000,0.0000,0.0000,0.0000,0.0000,0.0000,0.0000,0.0000,0.0000,0.0000,0.0000,;1,1,1,0,0,0,0,0,0,0,0,;0.1470;2;2;409200;2.00;
3Z1VWDJDMCSL9FEEWY1JWQIRHY8F8V.png;0.3729,0.2653,0.1899,0.0668,0.0000,0.0420,0.0000,0.0000,0.0000,0.0000,0.0000,0.0000,0.0000,0.0000,0.0000,0.0000,0.0000,0.0000,0.0000,0.0000,;2,1,1,1,0,0,0,0,0,0,0,;0.1874;3;3;613800;3.00;
3Z1VWDJDMCXXDMC10K62ECWQF20F8X.png;0.1064,0.0296,0.0850,0.0000,0.0968,0.1684,0.0000,0.0000,0.0000,0.0880,0.0000,0.0000,0.0000,0.0000,0.0000,0.0000,0.0000,0.0000,0.0000,0.0000,;5,1,0,0,0,0,0,0,0,0,0,;0.0957;3;3;613800;3.00;
3Z1VWDJDNDED63DNWYEYK1BZJ9X8FQ.png;0.0681,0.0000,0.0000,0.0000,0.0000,0.0000,0.0000,0.0000,0.0000,0.0000,0.0000,0.0000,0.0000,0.0000,0.0000,0.0000,0.0000,0.0000,0.0000,0.0000,;1,0,0,0,0,0,0,0,0,0,0,;0.0681;1;1;204600;1.00;
3ZAK6NWIZ37QLEUJSP86OBIVCQQ9VS.png;0.0064,0.0068,0.0194,0.0179,0.0000,0.4047,0.0000,0.1483,0.1806,0.0000,0.0000,0.0000,0.0000,0.0000,0.0000,0.0000,0.0000,0.0000,0.0000,0.0000,;2,2,0,1,0,0,0,0,0,0,0,;0.1120;3;2;409200;1.50;
3ZFB7PFNY1ZJD1XM4GHBRRAA6FG931.png;0.2200,0.0000,0.0000,0.0000,0.0000,0.0000,0.0000,0.0353,0.0000,0.0291,0.0000,0.0170,0.0000,0.0000,0.0102,0.0000,0.0000,0.0000,0.0000,0.0000,;4,0,1,0,0,0,0,0,0,0,0,;0.0623;1;1;204600;1.00;
3ZFB7PFNY1ZJD1XM4GHBRRAA6GF932.png;0.2027,0.0000,0.1755,0.3779,0.0000,0.0171,0.0000,0.2053,0.0000,0.0000,0.0000,0.0391,0.0000,0.0000,0.0000,0.0000,0.0000,0.0000,0.0000,0.0000,;2,3,0,1,0,0,0,0,0,0,0,;0.1696;4;3;613800;2.00;
3ZNMTDKQXPRIYI9V3LJLED84I1Z2VB.png;0.2591,0.1934,0.2136,0.1954,0.1850,0.2219,0.0000,0.1988,0.0908,0.1511,0.0000,0.0640,0.0000,0.0000,0.0591,0.0000,0.0000,0.0000,0.0000,0.0000,;3,5,3,0,0,0,0,0,0,0,0,;0.1666;7;7;1432200;7.00;
3ZSDUF3VXOXZ44ZW3SE86JT3CR623Z.png;0.0371,0.0428,0.0204,0.0263,0.0000,0.0082,0.0000,0.0246,0.0000,0.0375,0.0000,0.0000,0.0000,0.0000,0.0380,0.0000,0.0000,0.0000,0.0000,0.0000,;7,0,0,0,0,0,0,0,0,0,0,;0.0294;4;2;409200;4.00;
3ZXEP6UEFFQUF1V5KFZ2RFEFLM08OQ.png;0.0114,0.0175,0.0547,0.0656,0.0372,0.0466,0.0000,0.2359,0.0053,0.1291,0.0000,0.0000,0.0000,0.0000,0.0069,0.0000,0.0000,0.0000,0.0000,0.0000,;6,1,1,0,0,0,0,0,0,0,0,;0.0610;3;2;409200;1.50;
