imageID;text densities;Histogram of windows with text densitites b/w 0:0.1:1;threshold;windows greater than threshold;largest connected window (no. of windows);largest connected window in pixels;The average size of connected regions;
306OACM7G04QOX49OC3VEMIMU7KA8L.png;0.1323,0.1469,0.0260,0.0220,0.0247,;3,2,0,0,0,0,0,0,0,0,0,;0.0704;2;2;1639200;2.00;
30E2X49V611K26Z0IIHLB47CQY53NF.png;0.0596,0.1158,0.0406,0.0000,0.0000,;2,1,0,0,0,0,0,0,0,0,0,;0.0720;1;1;819600;1.00;
30E2X49V611K26Z0IIHLB47CQY63NG.png;0.0496,0.1021,0.0587,0.0198,0.0407,;5,0,0,0,0,0,0,0,0,0,0,;0.0542;2;2;1639200;2.00;
30GUUI0R316PRKEN69AJEXY15MMBCT.png;0.0513,0.1120,0.0441,0.0660,0.0708,;4,1,0,0,0,0,0,0,0,0,0,;0.0689;2;1;819600;2.00;
319N3DB42B6LKGW48RIT1IUY6MJEPG.png;0.1058,0.0630,0.0000,0.0694,0.0601,;4,0,0,0,0,0,0,0,0,0,0,;0.0746;1;1;819600;1.00;
31H4HIBP9AWNGDF6JZY7J01Z8LG5HP.png;0.1742,0.2343,0.1084,0.0901,0.0972,;3,1,1,0,0,0,0,0,0,0,0,;0.1408;2;2;1639200;2.00;
31QBDMKNDPO96CGOU6OI3UH1N96L85.png;0.0000,0.0000,0.0071,0.0313,0.0386,;2,0,0,0,0,0,0,0,0,0,0,;0.0257;2;2;1639200;2.00;
31QOF9ABLNAV27TO4PXO0GLATWO1L1.png;0.1309,0.0990,0.1710,0.1720,0.0112,;2,3,0,0,0,0,0,0,0,0,0,;0.1168;3;2;1639200;1.50;
31R9JPCYP6DVE0AQVNO2QFRENFMWRA.png;0.2887,0.1642,0.0511,0.0000,0.0000,;1,1,1,0,0,0,0,0,0,0,0,;0.1680;1;1;819600;1.00;
31TTIPZ8XM69HILWQZWMCQMN1KS3GE.png;0.0577,0.0000,0.0000,0.0000,0.0554,;2,0,0,0,0,0,0,0,0,0,0,;0.0565;1;1;819600;1.00;
31ZZN31VRB1J1I6XNAS9X9DBA59QRV.png;0.1053,0.0285,0.0287,0.0243,0.0211,;5,0,0,0,0,0,0,0,0,0,0,;0.0416;1;1;819600;1.00;
3203J2GC2PK4HSXGZ2GG107218V84Q.png;0.2053,0.0719,0.0446,0.0126,0.0233,;4,1,0,0,0,0,0,0,0,0,0,;0.0715;2;2;1639200;2.00;
3203J2GC2PK4HSXGZ2GG1073Z7V84O.png;0.1667,0.0000,0.0000,0.0695,0.0363,;2,1,0,0,0,0,0,0,0,0,0,;0.0908;1;1;819600;1.00;
3203J2GC2PK4HSXGZ2GG1074VAS84P.png;0.1194,0.0000,0.0000,0.0000,0.0000,;0,1,0,0,0,0,0,0,0,0,0,;0.1194;1;1;819600;1.00;
320GLP60AN5TS9K5PU8IGRVPKUZ14P.png;0.0117,0.0873,0.0515,0.0705,0.1288,;4,1,0,0,0,0,0,0,0,0,0,;0.0700;3;2;1639200;1.50;
320GLP60AN6FM9FGZXIOL5AG38941T.png;0.0930,0.1947,0.1899,0.0078,0.0496,;2,2,0,0,0,0,0,0,0,0,0,;0.1070;2;2;1639200;2.00;
323KIQYDLQ7S9UIT4NE6QLFONB14CB.png;0.0739,0.0000,0.0008,0.0580,0.0192,;3,0,0,0,0,0,0,0,0,0,0,;0.0380;2;1;819600;2.00;
3244QHISJ1ITNE98CFK36E7RG91L0N.png;0.0603,0.0051,0.0000,0.0402,0.0000,;2,0,0,0,0,0,0,0,0,0,0,;0.0352;2;1;819600;2.00;
3244QHISK2XKVEPCAXDY38M44I9L04.png;0.1104,0.0088,0.0229,0.0074,0.0159,;2,1,0,0,0,0,0,0,0,0,0,;0.0331;1;1;819600;1.00;
329GGY5YRI5WHTWS4FZ9QWPAMFRT4W.png;0.0665,0.0263,0.0344,0.0000,0.0000,;3,0,0,0,0,0,0,0,0,0,0,;0.0424;1;1;819600;1.00;
32GVUSPLEYOYH9SP841K39EVOUOK3Z.png;0.1277,0.0862,0.0347,0.1486,0.1153,;2,3,0,0,0,0,0,0,0,0,0,;0.1025;3;2;1639200;1.50;
32GVUSPLFZ61Q5EOZV799O813X5K3C.png;0.1336,0.0469,0.0223,0.0226,0.0211,;4,1,0,0,0,0,0,0,0,0,0,;0.0493;1;1;819600;1.00;
32JEHGQ0QIPYH7JPSF8OLMHJ8AAU81.png;0.0555,0.0017,0.0096,0.0000,0.0036,;1,0,0,0,0,0,0,0,0,0,0,;0.0176;1;1;819600;1.00;
32JRJ3GOYGFHSVM6IWA88RJNYD8U1D.png;0.2693,0.0960,0.1731,0.1351,0.0945,;2,2,1,0,0,0,0,0,0,0,0,;0.1536;2;1;819600;2.00;
32SOQFN7RN4Q5SNOXDF8KS0W4TRIPM.png;0.2345,0.0086,0.0000,0.0269,0.1217,;1,1,1,0,0,0,0,0,0,0,0,;0.0979;2;1;819600;2.00;
32WAV7G60PNC75TK9C1M3A29EH0D36.png;0.0380,0.0826,0.0096,0.0069,0.0295,;3,0,0,0,0,0,0,0,0,0,0,;0.0333;2;2;1639200;2.00;
32WAV7G6ZOBEE25MHO1EVKD7PUBD3N.png;0.0386,0.0000,0.0000,0.0189,0.0163,;3,0,0,0,0,0,0,0,0,0,0,;0.0246;1;1;819600;1.00;
330XZFCZ7R2IEZH3T3I3O6ANM0DXTM.png;0.0235,0.0281,0.0000,0.0000,0.0000,;2,0,0,0,0,0,0,0,0,0,0,;0.0258;1;1;819600;1.00;
330XZFCZ7RB627L6HWI9543W690TXG.png;0.1750,0.1027,0.1379,0.1497,0.0706,;2,3,0,0,0,0,0,0,0,0,0,;0.1272;3;2;1639200;1.50;
33EWWXEH81XUPFZ4BLANE2SZQMJ40X.png;0.0317,0.0168,0.0179,0.0213,0.0091,;4,0,0,0,0,0,0,0,0,0,0,;0.0194;2;1;819600;2.00;
33FLRCV01N0NF725EJLGLLU8UGYORG.png;0.0353,0.0487,0.0009,0.0000,0.0000,;2,0,0,0,0,0,0,0,0,0,0,;0.0283;2;2;1639200;2.00;
33QM7VBL79CAH7ME53S2DMVHTOZ3QX.png;0.2128,0.1226,0.1524,0.0921,0.1068,;2,2,1,0,0,0,0,0,0,0,0,;0.1373;2;1;819600;2.00;
33RX46D1RXVH625SCIG7UWSYT80X1J.png;0.0587,0.0986,0.0402,0.1161,0.0882,;4,1,0,0,0,0,0,0,0,0,0,;0.0803;3;2;1639200;1.50;
33XMDKLTFSU7YK1SQJZ2MPHPZ4ZZCZ.png;0.1404,0.1509,0.1099,0.1204,0.0945,;2,3,0,0,0,0,0,0,0,0,0,;0.1232;2;2;1639200;2.00;
344RGS4J7S874QSQIPH3B5TQWFPMPU.png;0.1820,0.0150,0.0000,0.0000,0.0521,;2,1,0,0,0,0,0,0,0,0,0,;0.0830;1;1;819600;1.00;
34B3PHKY7L0QRWI1JO5S4NCKMT3NE1.png;0.0519,0.1150,0.0172,0.0000,0.0000,;2,1,0,0,0,0,0,0,0,0,0,;0.0614;1;1;819600;1.00;
34KQN2TBKTGWLIK008X22C5QD2JSAJ.png;0.0000,0.0000,0.0000,0.0000,0.0000,;0,0,0,0,0,0,0,0,0,0,0,;NaN;0;
34RF8KPUOTU14SPS6MXYXNPWVK1SBB.png;0.0022,0.0143,0.0123,0.0091,0.0080,;2,0,0,0,0,0,0,0,0,0,0,;0.0092;2;2;1639200;2.00;
34RF8KPUOTU14SPS6MXYXNPWVK1SBB_1.png;0.0461,0.0749,0.0102,0.0284,0.0223,;5,0,0,0,0,0,0,0,0,0,0,;0.0364;2;2;1639200;2.00;
34RF8KPUOTU14SPS6MXYXNPWVK1SBB_2.png;0.0605,0.0285,0.0183,0.0193,0.0209,;5,0,0,0,0,0,0,0,0,0,0,;0.0295;1;1;819600;1.00;
34RF8KPUOTU14SPS6MXYXNPWVK7SBH.png;0.0131,0.0172,0.0162,0.0144,0.0021,;4,0,0,0,0,0,0,0,0,0,0,;0.0126;4;4;3278400;4.00;
34YKDDZP3UMABNHOK8ECJ4FCOZJWHB.png;0.2343,0.2532,0.2131,0.2536,0.1292,;0,1,4,0,0,0,0,0,0,0,0,;0.2167;3;2;1639200;1.50;
3568B45QGKRG3Y1LZDHA1JA6BSCO3E.png;0.1917,0.0000,0.0000,0.0045,0.0334,;1,1,0,0,0,0,0,0,0,0,0,;0.0765;1;1;819600;1.00;
3589VT1T2BGMXIVHZGNGS492OQIJN8.png;0.1055,0.0000,0.0000,0.0130,0.0959,;3,0,0,0,0,0,0,0,0,0,0,;0.0714;2;1;819600;2.00;
35DAEVU8JHJ10FFZ10EN4CRDQ8F870.png;0.0757,0.0391,0.0720,0.0000,0.0255,;4,0,0,0,0,0,0,0,0,0,0,;0.0530;2;1;819600;2.00;
35GRDJC92I6VOWRC3MF6JHNHWWLC7I.png;0.0075,0.0429,0.0000,0.0000,0.0000,;1,0,0,0,0,0,0,0,0,0,0,;0.0252;1;1;819600;1.00;
35HIM1LU2HRMGPBVQO0P66HG1MBI5I.png;0.0241,0.0219,0.1504,0.1879,0.1432,;2,3,0,0,0,0,0,0,0,0,0,;0.1055;3;3;2458800;3.00;
35QUA2ABY634ZYN782PTB2BL5I8EGJ.png;0.1077,0.0000,0.0000,0.0000,0.0000,;1,0,0,0,0,0,0,0,0,0,0,;0.1077;1;1;819600;1.00;
35QUA2ABZ7MBAB0HZGYJHQ28USWGE7.png;0.1590,0.0000,0.0000,0.0000,0.0000,;0,1,0,0,0,0,0,0,0,0,0,;0.1590;1;1;819600;1.00;
361LJMRMCQ5CDYJ025B6700NV8CUR4.png;0.0652,0.0422,0.0484,0.1607,0.1232,;3,2,0,0,0,0,0,0,0,0,0,;0.0880;2;2;1639200;2.00;
369VX4MEOJAKM0DV8XRK62EAJWKGI1.png;0.1113,0.1044,0.0026,0.0037,0.0144,;2,1,0,0,0,0,0,0,0,0,0,;0.0473;2;2;1639200;2.00;
36ARV8EEH67U95XPYN59VTZKFJ2VA1.png;0.0655,0.0323,0.0461,0.0234,0.0114,;5,0,0,0,0,0,0,0,0,0,0,;0.0357;2;1;819600;2.00;
36FIWAXJH5YZ4NF13JA9L63DO7Z3AS.png;0.1631,0.1174,0.2601,0.1886,0.1435,;0,4,1,0,0,0,0,0,0,0,0,;0.1745;2;2;1639200;2.00;
36HGGQAXL6KTNEA2DMTHLEEUZ4CVBW.png;0.2353,0.2624,0.1557,0.0654,0.0708,;2,1,2,0,0,0,0,0,0,0,0,;0.1579;2;2;1639200;2.00;
36HGGQAXL6L87J29O35QD9YQWSFBVG.png;0.0347,0.0450,0.1055,0.0323,0.0000,;4,0,0,0,0,0,0,0,0,0,0,;0.0435;2;2;1639200;2.00;
36IAL8HYOXSPP9QYVLXZPMFW48E4R6.png;0.0000,0.0000,0.0000,0.0245,0.0740,;2,0,0,0,0,0,0,0,0,0,0,;0.0492;1;1;819600;1.00;
36MWL0IRGCO0L6PQ7W22BBNT0ICOHL.png;0.0217,0.3011,0.0000,0.0154,0.0680,;3,0,1,0,0,0,0,0,0,0,0,;0.1016;1;1;819600;1.00;
36QDS77QN9NG5USZQM0XMAC2L97HFT.png;0.2024,0.0118,0.0000,0.1231,0.2178,;1,2,1,0,0,0,0,0,0,0,0,;0.1388;2;1;819600;2.00;
36QDS77QN9Y3AP81GU3ZJ983H37HFJ.png;0.0422,0.0260,0.0000,0.0287,0.0270,;4,0,0,0,0,0,0,0,0,0,0,;0.0310;1;1;819600;1.00;
36R3RQSDPTXRSZ6X7FR6HZHDYAF078.png;0.0136,0.0142,0.0000,0.0218,0.0189,;4,0,0,0,0,0,0,0,0,0,0,;0.0171;2;2;1639200;2.00;
375FCEJV4GX4B1VR293XJCDD0I7CCJ.png;0.1272,0.1847,0.1575,0.1352,0.1110,;0,5,0,0,0,0,0,0,0,0,0,;0.1431;2;2;1639200;2.00;
375MF9UHMRPR2XWE6NL8JC3TL1HSX9.png;0.0597,0.1234,0.0199,0.0000,0.0000,;2,1,0,0,0,0,0,0,0,0,0,;0.0677;1;1;819600;1.00;
37672WDDC2JA93V4O46FCCJ2VAJNM9.png;0.0392,0.0886,0.0037,0.0000,0.0000,;2,0,0,0,0,0,0,0,0,0,0,;0.0438;1;1;819600;1.00;
378UBY8FQ61LFCJMHZWZTRZI59A8TB.png;0.2007,0.2965,0.2080,0.0616,0.0237,;2,2,1,0,0,0,0,0,0,0,0,;0.1581;3;3;2458800;3.00;
378UBY8FR7AABMKBM232FCEFT60T8E.png;0.2184,0.2131,0.0683,0.0417,0.0352,;3,0,2,0,0,0,0,0,0,0,0,;0.1153;2;2;1639200;2.00;
379R4POZ46ZM5D7FMP5TH9FBQ7PRXR.png;0.0362,0.0136,0.0080,0.0000,0.0036,;2,0,0,0,0,0,0,0,0,0,0,;0.0153;1;1;819600;1.00;
37CCG24EIZSNBY0O0RYFBPCKLTQZRW.png;0.0097,0.0039,0.0069,0.0067,0.0037,;0,0,0,0,0,0,0,0,0,0,0,;0.0062;3;2;1639200;1.50;
37CCG24EIZSNBY0O0RYFBPCKLTQZRW_1.png;0.0219,0.0135,0.0000,0.0083,0.0000,;2,0,0,0,0,0,0,0,0,0,0,;0.0146;1;1;819600;1.00;
37CCG24EIZSNBY0O0RYFBPCKLTQZRW_2.png;0.0188,0.0053,0.0064,0.0063,0.0010,;1,0,0,0,0,0,0,0,0,0,0,;0.0076;1;1;819600;1.00;
37FXVUXR5NUGX6LAN3N06Z6PNZ6EWN.png;0.0129,0.0000,0.0000,0.0000,0.0000,;1,0,0,0,0,0,0,0,0,0,0,;0.0129;1;1;819600;1.00;
37NNZ8MO7S6VRHEMSEGUVBLX898EQM.png;0.1792,0.0172,0.0049,0.0048,0.0048,;1,1,0,0,0,0,0,0,0,0,0,;0.0422;1;1;819600;1.00;
37QHTW84X0Z4WRFH6C4VHQ7JNTDJDT.png;0.1305,0.0187,0.0059,0.0078,0.0000,;1,1,0,0,0,0,0,0,0,0,0,;0.0407;1;1;819600;1.00;
37ZHE2JT1D250TKIB56TICN73UM88S.png;0.1696,0.0261,0.0000,0.0210,0.0097,;2,1,0,0,0,0,0,0,0,0,0,;0.0566;1;1;819600;1.00;
37ZHE2JT1D250TKIB56TICN73UQ88W.png;0.1664,0.2360,0.0989,0.0000,0.0000,;1,1,1,0,0,0,0,0,0,0,0,;0.1671;1;1;819600;1.00;
37ZUGP9H9BONPT0XCKXE3200JPH817.png;0.1910,0.0721,0.1201,0.1083,0.1238,;2,3,0,0,0,0,0,0,0,0,0,;0.1230;2;1;819600;2.00;
37ZUGP9H9BONPT0XCKXE3201JQL81F.png;0.0968,0.0000,0.0000,0.0000,0.0000,;1,0,0,0,0,0,0,0,0,0,0,;0.0968;1;1;819600;1.00;
38464Y8J3VK9Y56OSLPV9KDIFIGV4J.png;0.0277,0.0329,0.0246,0.0102,0.0119,;5,0,0,0,0,0,0,0,0,0,0,;0.0215;3;3;2458800;3.00;
389X50RO4VDYCDHURIYQ7760LL5343.png;0.0588,0.0968,0.0212,0.0151,0.0000,;4,0,0,0,0,0,0,0,0,0,0,;0.0480;2;2;1639200;2.00;
38DNTK7MFN2OC2PZPWU81IIJXME01H.png;0.0207,0.0368,0.0427,0.0329,0.0211,;5,0,0,0,0,0,0,0,0,0,0,;0.0308;3;3;2458800;3.00;
38DNTK7MFN34LCW85JTSAD2CXFQ01S.png;0.2717,0.0748,0.0464,0.0358,0.0000,;3,0,1,0,0,0,0,0,0,0,0,;0.1072;1;1;819600;1.00;
38DNTK7MFN3UAZX8DF8S385AB3E10K.png;0.1769,0.0434,0.0536,0.0232,0.0195,;4,1,0,0,0,0,0,0,0,0,0,;0.0633;1;1;819600;1.00;
38FWZZ3ILTDK8ICQRL4PWREV0HIYN7.png;0.0569,0.0715,0.0451,0.0380,0.0329,;5,0,0,0,0,0,0,0,0,0,0,;0.0489;2;2;1639200;2.00;
38GRQLZZQQCOARQX7FK2NWOBS4K0CN.png;0.0000,0.0000,0.0000,0.0000,0.0000,;0,0,0,0,0,0,0,0,0,0,0,;NaN;0;
38IOEK81UIQHG7BFV93TAAEQ3W496W.png;0.0183,0.1904,0.0586,0.0000,0.0000,;2,1,0,0,0,0,0,0,0,0,0,;0.0891;1;1;819600;1.00;
38LYNH3Q4ODLGFNEHSAP2J87XNZMGY.png;0.0564,0.0546,0.0402,0.0160,0.0360,;5,0,0,0,0,0,0,0,0,0,0,;0.0407;2;2;1639200;2.00;
38LYNH3Q5PUFYTLC9WG1VAJL0LTGM5.png;0.0867,0.0797,0.2112,0.1530,0.0820,;3,1,1,0,0,0,0,0,0,0,0,;0.1225;2;2;1639200;2.00;
38MNOT6KWIG21RX6PKH1YJB8VKDT05.png;0.0634,0.0000,0.0000,0.0000,0.0000,;1,0,0,0,0,0,0,0,0,0,0,;0.0634;1;1;819600;1.00;
38MNOT6KWIG21RX6PKH1YJB8VKDT05_1.png;0.2014,0.0933,0.0000,0.0000,0.0000,;1,1,0,0,0,0,0,0,0,0,0,;0.1474;1;1;819600;1.00;
38MNOT6KWIG21RX6PKH1YJB8VKDT05_2.png;0.1467,0.0000,0.0000,0.0000,0.0000,;0,1,0,0,0,0,0,0,0,0,0,;0.1467;1;1;819600;1.00;
38NH2CI7ROPJ1MAJ3F139HJ5CPPVU5.png;0.0635,0.1660,0.0976,0.0064,0.0738,;3,1,0,0,0,0,0,0,0,0,0,;0.0815;2;2;1639200;2.00;
38NH2CI7SPCMWUJ4T62C2GD654VVUY.png;0.0541,0.0274,0.0244,0.0223,0.0275,;5,0,0,0,0,0,0,0,0,0,0,;0.0312;1;1;819600;1.00;
38VQ1AW9T5WCGLEK2ZAP9I6I4O826I.png;0.0805,0.0359,0.0227,0.0578,0.0490,;5,0,0,0,0,0,0,0,0,0,0,;0.0492;2;1;819600;2.00;
390EOHYPK4Q05K2TRHZ1W9N0LW8X3W.png;0.0712,0.0133,0.0037,0.0000,0.0189,;3,0,0,0,0,0,0,0,0,0,0,;0.0268;1;1;819600;1.00;
39393HGTI5QMIY6JHIT1M5IIGWJEOF.png;0.2824,0.0812,0.1069,0.1239,0.1198,;2,2,1,0,0,0,0,0,0,0,0,;0.1429;1;1;819600;1.00;
394TEHR260P29GUZO0UUQSDZ63O65J.png;0.0639,0.0000,0.0000,0.0000,0.0000,;1,0,0,0,0,0,0,0,0,0,0,;0.0639;1;1;819600;1.00;
39PLFW4P2L2RPNN40J9QB1XCZ2O4HT.png;0.0933,0.0241,0.0240,0.0187,0.0166,;5,0,0,0,0,0,0,0,0,0,0,;0.0354;1;1;819600;1.00;
39UNKKTVDF8Y9H8JFO9U930XMBHYGJ.png;0.0053,0.0000,0.0000,0.0000,0.0000,;0,0,0,0,0,0,0,0,0,0,0,;0.0053;1;1;819600;1.00;
39UNKKTVDFFX9VEX2EW7RYBUQ2JGYD.png;0.0671,0.1247,0.0186,0.0896,0.0302,;4,1,0,0,0,0,0,0,0,0,0,;0.0660;3;2;1639200;1.50;
39VNNFFKK59EW3XI1HP5P046ZAXXVP.png;0.0378,0.0124,0.0331,0.0439,0.0258,;5,0,0,0,0,0,0,0,0,0,0,;0.0306;3;2;1639200;1.50;
39Y8ZSVZWWM1XMK47AFGQNZOPQQVZE.png;0.0670,0.0819,0.0510,0.0468,0.1040,;5,0,0,0,0,0,0,0,0,0,0,;0.0701;2;1;819600;2.00;
39Y8ZSVZXXM4Z9DMIL8I9OJZBK9VZ6.png;0.1753,0.1606,0.0416,0.0000,0.0000,;1,2,0,0,0,0,0,0,0,0,0,;0.1259;2;2;1639200;2.00;
3AA189Q6B51983MEFLORU493K7KMWE.png;0.1007,0.0769,0.0000,0.0195,0.0140,;4,0,0,0,0,0,0,0,0,0,0,;0.0528;2;2;1639200;2.00;
3AA189Q6B52Z6L7EV3NS06BHCKRWMY.png;0.1608,0.1024,0.1299,0.0034,0.0176,;2,2,0,0,0,0,0,0,0,0,0,;0.0828;3;3;2458800;3.00;
3AA189Q6C6N6C9XRHK508ZBLMH8WM3.png;0.1128,0.0121,0.0000,0.0123,0.0000,;2,1,0,0,0,0,0,0,0,0,0,;0.0458;1;1;819600;1.00;
3AA189Q6C6TLNJILLV2LOGYDJT7MWV.png;0.1026,0.1236,0.0911,0.0230,0.0185,;4,1,0,0,0,0,0,0,0,0,0,;0.0718;3;3;2458800;3.00;
3AJ89545NQHYX91N7X3ADUYHKVTBEA.png;0.0874,0.0819,0.0451,0.1050,0.1273,;4,1,0,0,0,0,0,0,0,0,0,;0.0893;2;2;1639200;2.00;
3AJ89545NQRFJUS6JU65GFBBEJ7BEW.png;0.1600,0.0000,0.0279,0.0180,0.0000,;2,1,0,0,0,0,0,0,0,0,0,;0.0687;1;1;819600;1.00;
3AMAQJSW8I20H10ADEKNBNOAVRROI5.png;0.0342,0.0255,0.0000,0.0000,0.0000,;2,0,0,0,0,0,0,0,0,0,0,;0.0299;1;1;819600;1.00;
3B9PUZPHFHW5PZT5Q7OV88NG9W6JA5.png;0.1305,0.0293,0.0498,0.0185,0.0000,;3,1,0,0,0,0,0,0,0,0,0,;0.0570;1;1;819600;1.00;
3BGEFHL0JHEL8I3UU0A0G1OJRYOJBS.png;0.0729,0.1532,0.1076,0.1246,0.1232,;2,3,0,0,0,0,0,0,0,0,0,;0.1163;3;2;1639200;1.50;
3BHOG8KFNLAK9AB1ZQLEP6Q0T3RR81.png;0.1523,0.1821,0.1162,0.1775,0.1504,;0,5,0,0,0,0,0,0,0,0,0,;0.1557;2;1;819600;2.00;
3BK5FW2G6MZ18ENS8D29GOXE9AHRCA.png;0.0568,0.1505,0.0000,0.0000,0.0000,;1,1,0,0,0,0,0,0,0,0,0,;0.1037;1;1;819600;1.00;
3BRG9Q58M1LAH7AQ01RWX47CRWFYQ2.png;0.0598,0.0265,0.0591,0.0455,0.0311,;5,0,0,0,0,0,0,0,0,0,0,;0.0444;3;2;1639200;1.50;
3BZN229KV5TWHZF32GLR8LCC1TX6DS.png;0.0926,0.0705,0.0452,0.0000,0.0094,;3,0,0,0,0,0,0,0,0,0,0,;0.0544;2;2;1639200;2.00;
3C2UN3Y7UJLGZT23JF159R7GHEFMFI.png;0.1637,0.1620,0.1847,0.1940,0.1456,;0,5,0,0,0,0,0,0,0,0,0,;0.1700;2;2;1639200;2.00;
3CF7EZI55RWEYNZ9U956QWWUG93IL2.png;0.0743,0.0998,0.0548,0.0326,0.0383,;5,0,0,0,0,0,0,0,0,0,0,;0.0599;2;2;1639200;2.00;
3CP9VRCFS74RV9VXRUIMMBYWTQDUEZ.png;0.0324,0.1284,0.0000,0.0000,0.0000,;1,1,0,0,0,0,0,0,0,0,0,;0.0804;1;1;819600;1.00;
3CTCX9NXB5M1LSUM0XPXZV8QE2WLJA.png;0.1482,0.0238,0.2317,0.1220,0.2216,;1,2,2,0,0,0,0,0,0,0,0,;0.1494;2;1;819600;2.00;
3CTCX9NXC67QIV0KKFDEFSMCFTJJLN.png;0.1295,0.4107,0.3550,0.0338,0.0000,;1,1,0,1,1,0,0,0,0,0,0,;0.2322;2;2;1639200;2.00;
3CVHT3IKUYKSX9WRAWTF52715RU0R4.png;0.1276,0.1143,0.0954,0.0689,0.0350,;3,2,0,0,0,0,0,0,0,0,0,;0.0882;3;3;2458800;3.00;
3CYDGW98NMPSZAAQ0W8MOBJZSSBOM6.png;0.1248,0.0821,0.0579,0.1248,0.0546,;3,2,0,0,0,0,0,0,0,0,0,;0.0888;2;1;819600;2.00;
3D00S7P7YG22I1NWJE5APKC40DIEZA.png;0.0852,0.1071,0.0313,0.0000,0.0000,;3,0,0,0,0,0,0,0,0,0,0,;0.0745;2;2;1639200;2.00;
3D3KZYB02J3NX4IAX3WJJNSJTAYV8O.png;0.0578,0.3476,0.0000,0.0712,0.0000,;2,0,0,1,0,0,0,0,0,0,0,;0.1589;1;1;819600;1.00;
3D3KZYB03KLUXQ4AWC4FKH86OYE8VD.png;0.1650,0.0376,0.0000,0.0000,0.0000,;1,1,0,0,0,0,0,0,0,0,0,;0.1013;1;1;819600;1.00;
3D3X1L1OBIRB9XRZKHJ79UYYYTK1VU.png;0.0863,0.0616,0.0635,0.0722,0.0672,;5,0,0,0,0,0,0,0,0,0,0,;0.0702;2;1;819600;2.00;
3D3X1L1OBIRB9XRZKHJ79UYYYTK1VU_1.png;0.0652,0.0751,0.0000,0.0225,0.0000,;3,0,0,0,0,0,0,0,0,0,0,;0.0543;2;2;1639200;2.00;
3D3X1L1OBIRB9XRZKHJ79UYYYTK1VU_2.png;0.0824,0.0758,0.0692,0.0530,0.0570,;5,0,0,0,0,0,0,0,0,0,0,;0.0675;3;3;2458800;3.00;
3D7N1211O74L32LV8ZFDVQWGH61MAZ.png;0.0000,0.0371,0.0413,0.0686,0.0514,;4,0,0,0,0,0,0,0,0,0,0,;0.0496;2;2;1639200;2.00;
3D7N1211P8PBU1MJEXLJFBT15KWAMH.png;0.0860,0.0237,0.0357,0.0355,0.0319,;5,0,0,0,0,0,0,0,0,0,0,;0.0426;1;1;819600;1.00;
3D8B00U52IVJZWECZOBXRVFXL2U83O.png;0.1738,0.0944,0.0197,0.0325,0.0000,;3,1,0,0,0,0,0,0,0,0,0,;0.0801;2;2;1639200;2.00;
3D8B00U52IVJZWECZOBXRVFYHAV833.png;0.0619,0.0000,0.0003,0.0000,0.0506,;2,0,0,0,0,0,0,0,0,0,0,;0.0376;2;1;819600;2.00;
3DBJK6OC3AF4JLMP40JUKZIT4XNYF3.png;0.3876,0.1347,0.1045,0.1399,0.0136,;2,2,0,1,0,0,0,0,0,0,0,;0.1561;1;1;819600;1.00;
3DCXWU0MSDB2RCYGDPZ82R371ZGTVX.png;0.0422,0.1236,0.0565,0.0864,0.0018,;3,1,0,0,0,0,0,0,0,0,0,;0.0621;2;1;819600;2.00;
3DECMKXKT815JCLN1RI1KKDJDFAMBB.png;0.2482,0.0936,0.1164,0.1223,0.1518,;1,3,1,0,0,0,0,0,0,0,0,;0.1465;2;1;819600;2.00;
3DHOXWJRSC3OAPE5AL86OV64DJCT3O.png;0.2184,0.2131,0.0683,0.0417,0.0352,;3,0,2,0,0,0,0,0,0,0,0,;0.1153;2;2;1639200;2.00;
3DPZKFEUURUGTQUQB4SOUUG5ZFPI4V.png;0.1351,0.0750,0.1427,0.0750,0.0067,;2,2,0,0,0,0,0,0,0,0,0,;0.0869;2;1;819600;2.00;
3DPZKFEUVSIPT2ERNEAT4GS1UAKI44.png;0.1837,0.1628,0.0950,0.1101,0.1539,;1,4,0,0,0,0,0,0,0,0,0,;0.1411;3;2;1639200;1.50;
3DXFGU9SKN7P79WJOTN6EK4MLG3EXS.png;0.1192,0.1408,0.0369,0.0228,0.0270,;3,2,0,0,0,0,0,0,0,0,0,;0.0693;2;2;1639200;2.00;
3DXFGU9SKNVTS8DGXQ8KL6UJIRCXE8.png;0.1251,0.0230,0.0000,0.0373,0.1577,;2,2,0,0,0,0,0,0,0,0,0,;0.0858;2;1;819600;2.00;
3DXFGU9SLODY46WA7XIQCVBUTMKEXQ.png;0.2214,0.2112,0.0982,0.0088,0.0065,;1,0,2,0,0,0,0,0,0,0,0,;0.1092;2;2;1639200;2.00;
3E9JM64F23SDM8DQUQW3OKIR1A0NP8.png;0.2150,0.0000,0.0000,0.0000,0.0719,;1,0,1,0,0,0,0,0,0,0,0,;0.1434;1;1;819600;1.00;
3EGCY5R6XYZQLTGPWNN8D6V7K3JYA2.png;0.1852,0.1221,0.2039,0.1282,0.1759,;0,5,0,0,0,0,0,0,0,0,0,;0.1631;3;1;819600;3.00;
3EJ1F91ANSU6O8N3S3NGZ4GVCA2IZW.png;0.0000,0.2277,0.0000,0.0030,0.0057,;0,0,1,0,0,0,0,0,0,0,0,;0.0788;1;1;819600;1.00;
3EOZAW7619J5YKCNUIDNV84T8098HV.png;0.2345,0.0901,0.0754,0.1581,0.2984,;2,1,2,0,0,0,0,0,0,0,0,;0.1713;2;1;819600;2.00;
3EOZAW762AHX3MFSNYKKE4EQ4INH8Q.png;0.1567,0.0336,0.2441,0.0519,0.0170,;3,1,1,0,0,0,0,0,0,0,0,;0.1007;2;1;819600;2.00;
3ERG9KP7KAETHL286FNRQ00RYLWCHM.png;0.1760,0.0423,0.0765,0.0121,0.0522,;4,1,0,0,0,0,0,0,0,0,0,;0.0718;2;1;819600;2.00;
3EULM6QNGEDGI0DDZ62WA3R8YV4JXB.png;0.0475,0.0142,0.0000,0.0185,0.0000,;3,0,0,0,0,0,0,0,0,0,0,;0.0267;1;1;819600;1.00;
3EX6YJ62T6GKTDIQJCCYD4JMD62ZJG.png;0.1392,0.0806,0.0000,0.0223,0.0544,;3,1,0,0,0,0,0,0,0,0,0,;0.0741;2;2;1639200;2.00;
3EXC7SWSR38EV80UNYXZTOBA3ESHT8.png;0.0500,0.0274,0.0155,0.0402,0.0000,;4,0,0,0,0,0,0,0,0,0,0,;0.0333;2;1;819600;2.00;
3F0Z1FPMUNUP6TOTMH2XGS6T5GJLYU.png;0.0159,0.0279,0.1046,0.1168,0.1240,;3,2,0,0,0,0,0,0,0,0,0,;0.0778;3;3;2458800;3.00;
3F0Z1FPMUNWB7D1EFV5M6IVBAHELYR.png;0.0813,0.1057,0.0682,0.0802,0.0187,;5,0,0,0,0,0,0,0,0,0,0,;0.0708;3;2;1639200;1.50;
3F12ASV6AWHSTTB7IFZKMVGLLVZM46.png;0.1556,0.1656,0.1166,0.0340,0.0426,;2,3,0,0,0,0,0,0,0,0,0,;0.1029;3;3;2458800;3.00;
3F2SNR5B8MKSI92Q9DG0FV11BKO0HL.png;0.0328,0.0251,0.0078,0.0092,0.0125,;3,0,0,0,0,0,0,0,0,0,0,;0.0175;2;2;1639200;2.00;
3FKD865UZQBJZ4661LLBINGEMFPMUJ.png;0.1677,0.2086,0.1034,0.0000,0.0000,;1,2,0,0,0,0,0,0,0,0,0,;0.1599;2;2;1639200;2.00;
3FKD865UZQBJZ4661LLBINGENHPMUO.png;0.1146,0.1488,0.0659,0.0000,0.0000,;1,2,0,0,0,0,0,0,0,0,0,;0.1098;2;2;1639200;2.00;
3FKD865UZQG0HB1FDHAJVT0FL3FMUG.png;0.0601,0.0648,0.0383,0.0189,0.0000,;4,0,0,0,0,0,0,0,0,0,0,;0.0455;2;2;1639200;2.00;
3FOA7RUSUPLLDDXZNITMB1EHL6FPGL.png;0.1739,0.2285,0.1092,0.0414,0.0339,;3,1,1,0,0,0,0,0,0,0,0,;0.1174;2;2;1639200;2.00;
3FQJF6D1R1SUSJ130G368H5I02G92S.png;0.2141,0.1013,0.0683,0.0052,0.0000,;2,0,1,0,0,0,0,0,0,0,0,;0.0972;2;2;1639200;2.00;
3FQJF6D1S2STVEIP11IICRPWDI892M.png;0.2414,0.0267,0.0000,0.0000,0.0000,;1,0,1,0,0,0,0,0,0,0,0,;0.1341;1;1;819600;1.00;
3G2I6FODBC43UCDM72LBPP8Z9I0L60.png;0.0601,0.0000,0.0000,0.0000,0.0000,;1,0,0,0,0,0,0,0,0,0,0,;0.0601;1;1;819600;1.00;
3GAR7VLBJNDRH4HH5ZWWCFRBGXZ4Y9.png;0.1842,0.1690,0.1130,0.1943,0.0968,;1,4,0,0,0,0,0,0,0,0,0,;0.1514;3;2;1639200;1.50;
3GAR7VLBJNEKQVA3XEJQ66MZFEXY4T.png;0.1542,0.0424,0.0108,0.0089,0.0121,;3,1,0,0,0,0,0,0,0,0,0,;0.0457;1;1;819600;1.00;
3GBCJUK5C2GRHG97MHYVG9NBQMOPK9.png;0.0908,0.1527,0.0788,0.0000,0.0199,;3,1,0,0,0,0,0,0,0,0,0,;0.0856;2;2;1639200;2.00;
3GBCJUK5C2NMDEDWS686X6QI2G8KP3.png;0.0000,0.0000,0.0000,0.0000,0.0000,;0,0,0,0,0,0,0,0,0,0,0,;NaN;0;
3GC8IVJ10EOCB71QWZ4YFX98VOS9NN.png;0.0726,0.0000,0.0914,0.1308,0.1619,;2,2,0,0,0,0,0,0,0,0,0,;0.1142;2;2;1639200;2.00;
3GRRK9BQWRDBESRD36S5634M392PD9.png;0.0000,0.0000,0.0071,0.0313,0.0386,;2,0,0,0,0,0,0,0,0,0,0,;0.0257;2;2;1639200;2.00;
3GRRK9BQWRPD54OGKFA4YQ8537VPDJ.png;0.1524,0.0075,0.0074,0.0081,0.0068,;0,1,0,0,0,0,0,0,0,0,0,;0.0364;1;1;819600;1.00;
3GZMSD8U5X9MRGKQIZ546O8UKB695Q.png;0.0871,0.0606,0.1068,0.0969,0.0362,;5,0,0,0,0,0,0,0,0,0,0,;0.0775;3;2;1639200;1.50;
3GZMSD8U5X9MRGKQIZ546O8UKC795T.png;0.0978,0.0710,0.0293,0.0174,0.1272,;4,1,0,0,0,0,0,0,0,0,0,;0.0685;3;2;1639200;1.50;
3GZMSD8U6Y8M82W4VRHXFG1G1IS95R.png;0.0158,0.1085,0.0852,0.0000,0.0000,;3,0,0,0,0,0,0,0,0,0,0,;0.0698;2;2;1639200;2.00;
3H41Q6XMRNJ731MM548PSMBGOYMG2I.png;0.1677,0.1008,0.0305,0.0235,0.0304,;4,1,0,0,0,0,0,0,0,0,0,;0.0706;2;2;1639200;2.00;
3H41Q6XMRNUCK2PCFPR6Y35LJFT2GW.png;0.0000,0.0671,0.0000,0.0184,0.0000,;2,0,0,0,0,0,0,0,0,0,0,;0.0428;1;1;819600;1.00;
3H5CSD5832HNKRNN8SDJ6TWED17E80.png;0.0654,0.1485,0.0621,0.2569,0.0740,;3,1,1,0,0,0,0,0,0,0,0,;0.1214;2;1;819600;2.00;
3H5CSD5832HNKRNN8SDJ6TWL583E8G.png;0.1145,0.0097,0.0260,0.0000,0.0000,;1,1,0,0,0,0,0,0,0,0,0,;0.0501;1;1;819600;1.00;
3HBZ8AD97D3GZ7VEBIN9M1728BDNN9.png;0.0604,0.0000,0.0701,0.0233,0.0244,;4,0,0,0,0,0,0,0,0,0,0,;0.0446;2;1;819600;2.00;
3HBZ8AD97D3GZ7VEBIN9M18U9EHNN5.png;0.0477,0.0555,0.0499,0.0492,0.0529,;5,0,0,0,0,0,0,0,0,0,0,;0.0510;2;1;819600;2.00;
3HL3WX653BXN6QCFW6M6ATC7KPGPQT.png;0.3171,0.0012,0.0945,0.0538,0.0672,;3,0,0,1,0,0,0,0,0,0,0,;0.1068;1;1;819600;1.00;
3HQI26VRPRS5H4RSBPY2KOCMRQ13R0.png;0.0524,0.0622,0.0264,0.0344,0.0387,;5,0,0,0,0,0,0,0,0,0,0,;0.0428;2;2;1639200;2.00;
3HVLA9UQN4GKVQOHDHMDH1A7KETU66.png;0.0737,0.1033,0.0869,0.0262,0.0721,;5,0,0,0,0,0,0,0,0,0,0,;0.0724;3;3;2458800;3.00;
3HYDIS22CWMMEZBE3G64NG7ZMZON5V.png;0.3323,0.0942,0.0000,0.0127,0.0000,;2,0,0,1,0,0,0,0,0,0,0,;0.1464;1;1;819600;1.00;
3HYDIS22DXJRRCQBI3AE9ELUHK15NC.png;0.0715,0.0206,0.0214,0.0595,0.0373,;5,0,0,0,0,0,0,0,0,0,0,;0.0420;2;1;819600;2.00;
3I21NMEA63DY0BA82BXKKSLPMBYSHT.png;0.1213,0.0698,0.0921,0.0688,0.0408,;4,1,0,0,0,0,0,0,0,0,0,;0.0786;2;1;819600;2.00;
3I21NMEA63DY0BA82BXKKSLPMBYSHT_1.png;0.1139,0.1066,0.1154,0.1534,0.1020,;2,3,0,0,0,0,0,0,0,0,0,;0.1183;1;1;819600;1.00;
3I21NMEA63DY0BA82BXKKSLPMBYSHT_2.png;0.1362,0.0728,0.1196,0.0420,0.0766,;3,2,0,0,0,0,0,0,0,0,0,;0.0895;2;1;819600;2.00;
3I3RVCR3FK2XEB4GMX9G7IJ2RLH6XI.png;0.0514,0.0094,0.0000,0.0025,0.0259,;2,0,0,0,0,0,0,0,0,0,0,;0.0223;2;1;819600;2.00;
3I5ZXD44IULX7AZS354F5V5W46GJCA.png;0.1062,0.0025,0.0000,0.0208,0.0257,;3,0,0,0,0,0,0,0,0,0,0,;0.0388;1;1;819600;1.00;
3I5ZXD44JV69M8DWVE4I5ER80XVCJX.png;0.0647,0.0311,0.0326,0.0319,0.0293,;5,0,0,0,0,0,0,0,0,0,0,;0.0379;1;1;819600;1.00;
3I5ZXD44JV69M8DWVE4I5ER80XVCJX_1.png;0.1330,0.0051,0.0296,0.0249,0.0400,;3,1,0,0,0,0,0,0,0,0,0,;0.0465;1;1;819600;1.00;
3I5ZXD44JV69M8DWVE4I5ER80XVCJX_2.png;0.0787,0.0271,0.0333,0.0378,0.0320,;5,0,0,0,0,0,0,0,0,0,0,;0.0418;1;1;819600;1.00;
3I5ZXD44JVHG9J4AOHWFS96B5XBJCP.png;0.0988,0.0281,0.0215,0.0321,0.0326,;5,0,0,0,0,0,0,0,0,0,0,;0.0426;1;1;819600;1.00;
3ID43DSF5JBJ2SZGW2H8HR9RGRT5G5.png;0.0210,0.0045,0.0491,0.0000,0.0000,;2,0,0,0,0,0,0,0,0,0,0,;0.0249;1;1;819600;1.00;
3IE95L92ROOBGIB0W5PPNWUUL5E7M3.png;0.0470,0.0000,0.0402,0.0000,0.0000,;2,0,0,0,0,0,0,0,0,0,0,;0.0436;1;1;819600;1.00;
3IOQH27Z2E4FFLJVR8TNNB4HIMC1IN.png;0.2397,0.0086,0.0216,0.0069,0.0933,;2,0,1,0,0,0,0,0,0,0,0,;0.0740;2;1;819600;2.00;
3IR329NZ7YGB0BGT612CO4BTUIW2K0.png;0.0000,0.0000,0.0000,0.0000,0.0000,;0,0,0,0,0,0,0,0,0,0,0,;NaN;0;
3IRUE3ZCDH3J5468JOOGJ1Y2ZWZIC5.png;0.1523,0.0866,0.1720,0.0108,0.1276,;2,3,0,0,0,0,0,0,0,0,0,;0.1099;3;1;819600;3.00;
3IXQCB6XI8S61DI53P5ICGI2I9BTIR.png;0.1855,0.2306,0.1312,0.1465,0.1185,;0,4,1,0,0,0,0,0,0,0,0,;0.1624;2;2;1639200;2.00;
3J06FGISLU272UJU8S9F5O38AK5K50.png;0.1052,0.1000,0.0832,0.0488,0.0945,;5,0,0,0,0,0,0,0,0,0,0,;0.0863;3;2;1639200;1.50;
3J06FGISMVRO4EVZMT2NFJ1KME95KI.png;0.1085,0.0000,0.0354,0.0364,0.0000,;3,0,0,0,0,0,0,0,0,0,0,;0.0601;1;1;819600;1.00;
3J567DP9LLBDQUW0322ZJ0FWFWZFPB.png;0.1466,0.0412,0.0000,0.0850,0.0862,;3,1,0,0,0,0,0,0,0,0,0,;0.0897;1;1;819600;1.00;
3J5HEGTZRLQ9SE8SW9LZS2A15OXGGI.png;0.0000,0.0000,0.0000,0.0000,0.0000,;0,0,0,0,0,0,0,0,0,0,0,;NaN;0;
3JCELWMC4PY7J05E7LXQXNDWO6Y3V4.png;0.0914,0.0330,0.0287,0.0435,0.0392,;5,0,0,0,0,0,0,0,0,0,0,;0.0472;1;1;819600;1.00;
3JG2O8WUZH7UTHWSYCP6CNBWVH79WZ.png;0.0660,0.0483,0.0408,0.0273,0.0188,;5,0,0,0,0,0,0,0,0,0,0,;0.0402;3;3;2458800;3.00;
3JGBBKK855Q5HY1J6RVO56S97I9J0I.png;0.0412,0.2323,0.0054,0.0054,0.0057,;1,0,1,0,0,0,0,0,0,0,0,;0.0580;1;1;819600;1.00;
3JGLGV9D6KL86TQHYYZCMI0V13JD5Y.png;0.0156,0.0156,0.1141,0.0027,0.0193,;3,1,0,0,0,0,0,0,0,0,0,;0.0335;1;1;819600;1.00;
3JT4BYK2Y4IL1Z22PAHP7P5PI0U2WH.png;0.0857,0.0000,0.0388,0.0000,0.0000,;2,0,0,0,0,0,0,0,0,0,0,;0.0622;1;1;819600;1.00;
3K0G5SYN9K0M6D335K10A1FE8RM8MU.png;0.0960,0.4768,0.1274,0.0971,0.1234,;2,2,0,0,1,0,0,0,0,0,0,;0.1842;1;1;819600;1.00;
3K0G5SYNALYS7SB8UL3I5RQZNM3M85.png;0.0906,0.1280,0.1384,0.1952,0.1510,;1,4,0,0,0,0,0,0,0,0,0,;0.1406;2;2;1639200;2.00;
3K0T7FOBIJOUXM7ZLBPJYBSGQYWM14.png;0.1156,0.1506,0.0460,0.0440,0.0185,;3,2,0,0,0,0,0,0,0,0,0,;0.0749;2;2;1639200;2.00;
3K27O5FVBZ6Y1U1OKHZVRLOYVIWW5C.png;0.1177,0.0365,0.0200,0.0069,0.0297,;3,1,0,0,0,0,0,0,0,0,0,;0.0422;1;1;819600;1.00;
3K3X4GGOSLN6JKEE0NBXYD5PSA6MC7.png;0.1917,0.0787,0.0529,0.0497,0.0508,;4,1,0,0,0,0,0,0,0,0,0,;0.0848;1;1;819600;1.00;
3K3X4GGOSLN6JKEE0NBXYD5PV12MCO.png;0.0578,0.3476,0.0000,0.0712,0.0000,;2,0,0,1,0,0,0,0,0,0,0,;0.1589;1;1;819600;1.00;
3K3X4GGOSLN9WHITSDB41LMDI6SMCK.png;0.0000,0.0000,0.0000,0.0000,0.0750,;1,0,0,0,0,0,0,0,0,0,0,;0.0750;1;1;819600;1.00;
3K9T2ON9ZE5ORLPELXZMHUO84LJMTT.png;0.0477,0.0598,0.0439,0.0000,0.0407,;4,0,0,0,0,0,0,0,0,0,0,;0.0480;1;1;819600;1.00;
3KNJI1FZ8L912486RAFQQV3ZEP6NQU.png;0.1484,0.1558,0.2455,0.2255,0.0387,;1,2,2,0,0,0,0,0,0,0,0,;0.1628;2;2;1639200;2.00;
3L4EWVFWCZFLPLXQZ7MWBK7MU2X9OK.png;0.0476,0.1060,0.0452,0.0000,0.0000,;3,0,0,0,0,0,0,0,0,0,0,;0.0663;1;1;819600;1.00;
3L8V324VIV0JU2BOPG7PUH68F6NF91.png;0.0239,0.0170,0.0204,0.0000,0.0000,;3,0,0,0,0,0,0,0,0,0,0,;0.0204;2;1;819600;2.00;
3L8V324VIVQEQ524CR2N49U2T8GF9N.png;0.1267,0.1181,0.0101,0.0806,0.1722,;2,3,0,0,0,0,0,0,0,0,0,;0.1016;3;2;1639200;1.50;
3LBF4GRVWQC3B97WPKKEJO5WDODDDG.png;0.0473,0.0028,0.0000,0.0185,0.0000,;2,0,0,0,0,0,0,0,0,0,0,;0.0229;1;1;819600;1.00;
3LBF4GRVWQSB1V8AOKNI47EZJYMDDE.png;0.2180,0.2028,0.2025,0.1827,0.1403,;0,4,1,0,0,0,0,0,0,0,0,;0.1893;3;3;2458800;3.00;
3LCM1J6T1CTW3PUN949YD9G6A99CYC.png;0.0164,0.0000,0.0569,0.0384,0.0000,;3,0,0,0,0,0,0,0,0,0,0,;0.0372;2;2;1639200;2.00;
3LE9INWSFWFC7U06C7E8H83VJHH0ML.png;0.0000,0.0000,0.0049,0.0227,0.0347,;2,0,0,0,0,0,0,0,0,0,0,;0.0207;2;2;1639200;2.00;
3LJE53CC7VYWE1O3MIQ180XM33HESQ.png;0.0189,0.0000,0.0000,0.0301,0.0474,;3,0,0,0,0,0,0,0,0,0,0,;0.0321;1;1;819600;1.00;
3LLXQSS3GH7EI0TIBFCZBVHJUIM2FF.png;0.0000,0.0000,0.0000,0.0273,0.2927,;1,0,1,0,0,0,0,0,0,0,0,;0.1600;1;1;819600;1.00;
3LLXQSS3GH7EI0TIBFCZBVHJURL2FW.png;0.0807,0.0116,0.0000,0.0305,0.2806,;3,0,1,0,0,0,0,0,0,0,0,;0.1009;1;1;819600;1.00;
3LV0310AAZ0POAIRABRDV0CJ4TWKD9.png;0.1546,0.1538,0.0594,0.0394,0.0307,;3,2,0,0,0,0,0,0,0,0,0,;0.0876;2;2;1639200;2.00;
3LV0310AAZ5BVL06B1AU1YGZUNKDKM.png;0.0000,0.0000,0.0000,0.0000,0.0000,;0,0,0,0,0,0,0,0,0,0,0,;NaN;0;
3LV0310AAZ5BVL06B1AU1YGZUNKDKM_1.png;0.1517,0.0651,0.0597,0.0651,0.0584,;4,1,0,0,0,0,0,0,0,0,0,;0.0800;1;1;819600;1.00;
3LV0310AAZ5BVL06B1AU1YGZUNKDKM_2.png;0.1149,0.0564,0.0631,0.0554,0.0580,;4,1,0,0,0,0,0,0,0,0,0,;0.0695;1;1;819600;1.00;
3LV0310AAZ7UO39UCWLZNYY1B3BDKS.png;0.2200,0.0761,0.0950,0.0205,0.0735,;4,0,1,0,0,0,0,0,0,0,0,;0.0970;1;1;819600;1.00;
3LV0310AB0FIJI1LDLADGNAZ3BMKDF.png;0.0863,0.1318,0.1872,0.1372,0.1738,;1,4,0,0,0,0,0,0,0,0,0,;0.1432;2;1;819600;2.00;
3LV0310AB0LE2KPSDVZ5QZ931M3DKU.png;0.0931,0.0108,0.0834,0.0096,0.0041,;3,0,0,0,0,0,0,0,0,0,0,;0.0402;2;1;819600;2.00;
3M35MA94IX9MX6PXAQCG5JTOJ1HNO3.png;0.0791,0.2830,0.2989,0.1350,0.0854,;2,1,2,0,0,0,0,0,0,0,0,;0.1763;2;2;1639200;2.00;
3M6KHLIXGO95W4HFFOS373KMUDHIRT.png;0.1191,0.0144,0.0091,0.0104,0.0548,;3,1,0,0,0,0,0,0,0,0,0,;0.0416;2;1;819600;2.00;
3ME56J5KH09H8MTADW07EI1HZMYC6P.png;0.0512,0.0547,0.0000,0.0078,0.0007,;2,0,0,0,0,0,0,0,0,0,0,;0.0286;2;2;1639200;2.00;
3ME56J5KH0A6OHM7NB7LNJZ2KW86CO.png;0.0739,0.0000,0.0008,0.0549,0.0343,;3,0,0,0,0,0,0,0,0,0,0,;0.0410;2;1;819600;2.00;
3MGKBFT74NRL5KAEINTLHYIV1ONSJ5.png;0.0523,0.0000,0.0000,0.0000,0.0000,;1,0,0,0,0,0,0,0,0,0,0,;0.0523;1;1;819600;1.00;
3MHMBB6SGFYXPF5WOO57T0Y1YOLKW9.png;0.0511,0.0058,0.0499,0.0000,0.0000,;2,0,0,0,0,0,0,0,0,0,0,;0.0356;2;1;819600;2.00;
3MK14RC5NS9WDGLCZVLGWCZQJ24T6G.png;0.0487,0.0247,0.0123,0.0268,0.0253,;5,0,0,0,0,0,0,0,0,0,0,;0.0276;1;1;819600;1.00;
3MK14RC5NS9WDGLCZVLGWCZQJ2BT6N.png;0.0831,0.0216,0.0023,0.0019,0.0037,;2,0,0,0,0,0,0,0,0,0,0,;0.0225;1;1;819600;1.00;
3MKP0VNPL180YVBEBVOO0GDECBIJRU.png;0.0810,0.0595,0.0387,0.0000,0.0407,;4,0,0,0,0,0,0,0,0,0,0,;0.0550;2;2;1639200;2.00;
3MNPSGWWOQV9GBTQIUTZ7HIZXBCPUY.png;0.1776,0.1936,0.1195,0.0000,0.0335,;1,3,0,0,0,0,0,0,0,0,0,;0.1311;2;2;1639200;2.00;
3MNYFQMXON9G1T2C2HOQSK4JSIPY01.png;0.1065,0.0164,0.0042,0.0000,0.0000,;2,0,0,0,0,0,0,0,0,0,0,;0.0424;1;1;819600;1.00;
3MQJWSYXNGSYPF0J90X7JRB4GS9O5U.png;0.0579,0.0106,0.0000,0.0000,0.0000,;2,0,0,0,0,0,0,0,0,0,0,;0.0342;1;1;819600;1.00;
3MQJWSYXOHGDXJ3GAF96UH2KF625OC.png;0.0207,0.0056,0.0000,0.0000,0.0000,;1,0,0,0,0,0,0,0,0,0,0,;0.0132;1;1;819600;1.00;
3MXFP9RGE565H89AY0KXMF94YTQB2U.png;0.1244,0.0850,0.1426,0.0602,0.1667,;2,3,0,0,0,0,0,0,0,0,0,;0.1158;3;1;819600;3.00;
3MXFP9RGE565SQ20JA2GC60T4U4B22.png;0.0075,0.0429,0.0000,0.0000,0.0000,;1,0,0,0,0,0,0,0,0,0,0,;0.0252;1;1;819600;1.00;
3N9FD9XF48K5Z4R4YKZ4XC3B2YYEVL.png;0.0293,0.0013,0.0017,0.0303,0.0000,;2,0,0,0,0,0,0,0,0,0,0,;0.0157;2;1;819600;2.00;
3NAD71TD8V1W7T0ET8V40F6WWDIL2U.png;0.0375,0.0000,0.0968,0.1982,0.1903,;2,2,0,0,0,0,0,0,0,0,0,;0.1307;2;2;1639200;2.00;
3NCF7G1XJIORLK6VK0UD85LOJVCNAC.png;0.0127,0.0573,0.0248,0.0893,0.0791,;5,0,0,0,0,0,0,0,0,0,0,;0.0526;3;2;1639200;1.50;
3NCF7G1XKJPJCCJPOHEQSUA1GNWANP.png;0.0012,0.0000,0.0000,0.0000,0.0002,;0,0,0,0,0,0,0,0,0,0,0,;0.0007;1;1;819600;1.00;
3NCF7G1XKJPJCCJPOHEQSUA1GNWANP_1.png;0.1666,0.1349,0.0055,0.0075,0.0140,;1,2,0,0,0,0,0,0,0,0,0,;0.0657;2;2;1639200;2.00;
3NCF7G1XKJPJCCJPOHEQSUA1GNWANP_2.png;0.0218,0.0915,0.0000,0.0000,0.0000,;2,0,0,0,0,0,0,0,0,0,0,;0.0567;1;1;819600;1.00;
3NE6EBGK47BU93BYGGU8IB2LO7NE35.png;0.0231,0.0000,0.0000,0.0000,0.0000,;1,0,0,0,0,0,0,0,0,0,0,;0.0231;1;1;819600;1.00;
3NJ4SYXGOJ3OVMOHUVEMN5U7Y2PBNN.png;0.0000,0.0000,0.0000,0.0000,0.0001,;0,0,0,0,0,0,0,0,0,0,0,;0.0001;1;1;819600;1.00;
3NJ4SYXGOJ3OVMOHUVEMN5U7YYPBNF.png;0.0182,0.0084,0.0037,0.0049,0.0136,;2,0,0,0,0,0,0,0,0,0,0,;0.0097;2;1;819600;2.00;
3NJ4SYXGOJNVJBRMT3TGCL1CL9UBNQ.png;0.2043,0.0703,0.1373,0.1365,0.0536,;2,3,0,0,0,0,0,0,0,0,0,;0.1204;3;2;1639200;1.50;
3NVVDJT9G6OIY2RUWWJCMM9P5JCPXO.png;0.1403,0.0444,0.0458,0.0804,0.0414,;4,1,0,0,0,0,0,0,0,0,0,;0.0705;2;1;819600;2.00;
3NXBKB5598TPF5MRSRS8QPZELKSL9C.png;0.1645,0.0792,0.0427,0.1796,0.0468,;3,2,0,0,0,0,0,0,0,0,0,;0.1025;2;1;819600;2.00;
3O5YJYPUSW7TWBM6KNWM44WLFH8KON.png;0.1455,0.1843,0.0808,0.0075,0.0000,;1,2,0,0,0,0,0,0,0,0,0,;0.1045;2;2;1639200;2.00;
3O73QR1UY8O4VXGQ4UMU1W2GKFC94M.png;0.1024,0.0190,0.0000,0.0066,0.0020,;2,0,0,0,0,0,0,0,0,0,0,;0.0325;1;1;819600;1.00;
3O73QR1UY8O4VXGQ4UMU1W2GKGC94O.png;0.0804,0.0066,0.0078,0.0068,0.0068,;1,0,0,0,0,0,0,0,0,0,0,;0.0217;1;1;819600;1.00;
3OBCKNXF1ZHFXL8XUNXW3AYWZX5J3K.png;0.0375,0.0000,0.0968,0.1998,0.1903,;2,2,0,0,0,0,0,0,0,0,0,;0.1311;2;2;1639200;2.00;
3OJGK8O6MRNHZCTYHMEFS503K2OL5K.png;0.1666,0.0591,0.0245,0.0132,0.0152,;4,1,0,0,0,0,0,0,0,0,0,;0.0557;2;2;1639200;2.00;
3OQEO5BIM1SME8SFQJ108NKG2ZKU9F.png;0.0778,0.0897,0.0363,0.0556,0.0568,;5,0,0,0,0,0,0,0,0,0,0,;0.0632;2;2;1639200;2.00;
3OQEO5BIM1SME8SFQJ108NKG2ZKU9F_1.png;0.1202,0.0281,0.0778,0.0895,0.0391,;4,1,0,0,0,0,0,0,0,0,0,;0.0709;3;2;1639200;1.50;
3OQEO5BIM1SME8SFQJ108NKG2ZKU9F_2.png;0.0861,0.0764,0.0589,0.0347,0.0658,;5,0,0,0,0,0,0,0,0,0,0,;0.0644;3;2;1639200;1.50;
3OQEO5BIN29PS6BYUHRH0ABF87P9UL.png;0.2878,0.2450,0.0608,0.0074,0.0052,;1,0,2,0,0,0,0,0,0,0,0,;0.1212;2;2;1639200;2.00;
3OR6S1RAC52TCC0V5OHKA3WQNHZAGY.png;0.0967,0.1714,0.0950,0.0631,0.0456,;4,1,0,0,0,0,0,0,0,0,0,;0.0943;3;3;2458800;3.00;
3P15LLOAR9NU663LLUNNP8EDOYG9ZV.png;0.0562,0.0306,0.0704,0.0909,0.0935,;5,0,0,0,0,0,0,0,0,0,0,;0.0683;3;3;2458800;3.00;
3P6UG6V268Y9VTMB4YR44MFGIGC4NX.png;0.0855,0.0400,0.0337,0.0551,0.0382,;5,0,0,0,0,0,0,0,0,0,0,;0.0505;2;1;819600;2.00;
3PBMWYW3D44FHQ3H0CBK078FM1J2XZ.png;0.0702,0.0576,0.0653,0.1440,0.0540,;4,1,0,0,0,0,0,0,0,0,0,;0.0782;1;1;819600;1.00;
3PBMWYW3D4VOVNNOVMGLZF23LEGX22.png;0.2450,0.2906,0.0647,0.1138,0.1006,;2,1,2,0,0,0,0,0,0,0,0,;0.1629;2;2;1639200;2.00;
3PBTVBPQ8T2RUQ4LSR4U2IGAMAGLG7.png;0.1434,0.0832,0.1142,0.0521,0.2466,;2,2,1,0,0,0,0,0,0,0,0,;0.1279;2;1;819600;2.00;
3PBTVBPQ9UHWF8TU0BNM18QB456LGV.png;0.0793,0.1499,0.1850,0.1324,0.2420,;1,3,1,0,0,0,0,0,0,0,0,;0.1577;2;1;819600;2.00;
3PBTVBPQ9UJW25OVYU5DFTVY5MMGLK.png;0.0060,0.0093,0.0108,0.0112,0.0109,;3,0,0,0,0,0,0,0,0,0,0,;0.0096;3;3;2458800;3.00;
3PBTVBPQ9UJW25OVYU5DFTVY5MMGLK_1.png;0.0999,0.0282,0.0178,0.0177,0.0334,;5,0,0,0,0,0,0,0,0,0,0,;0.0394;1;1;819600;1.00;
3PBTVBPQ9UJW25OVYU5DFTVY5MMGLK_2.png;0.0726,0.0207,0.0330,0.0337,0.0396,;5,0,0,0,0,0,0,0,0,0,0,;0.0399;1;1;819600;1.00;
3PHLPV04IQDPW55WV8WBZJA231AP7O.png;0.1399,0.1880,0.1581,0.1557,0.1520,;0,5,0,0,0,0,0,0,0,0,0,;0.1588;1;1;819600;1.00;
3PLXPMD6WGC7AIQBYMRH2GBAFTWKBJ.png;0.0623,0.0492,0.0589,0.0532,0.0452,;5,0,0,0,0,0,0,0,0,0,0,;0.0538;2;1;819600;2.00;
3PN7FLVWM45PCCC3MA18W1ODE9IYSJ.png;0.1190,0.2086,0.1301,0.3443,0.1696,;0,4,0,1,0,0,0,0,0,0,0,;0.1943;2;1;819600;2.00;
3PN7FLVWM45XULC6NHQRXFJ9Z5WSYC.png;0.0333,0.0000,0.0189,0.0000,0.0000,;2,0,0,0,0,0,0,0,0,0,0,;0.0261;1;1;819600;1.00;
3Q4WZ5V3MNIH1FT2QKH2OURKHS1UGI.png;0.0277,0.1275,0.2214,0.1462,0.0751,;2,2,1,0,0,0,0,0,0,0,0,;0.1196;3;3;2458800;3.00;
3Q9ARQ9ZAP4L7I0LVYTFN28MIJR3MM.png;0.0309,0.0450,0.0258,0.0325,0.0379,;5,0,0,0,0,0,0,0,0,0,0,;0.0344;2;1;819600;2.00;
3Q9ARQ9ZAP4L7I0LVYTFN28MIJR3MM_1.png;0.0596,0.0403,0.0386,0.0295,0.0592,;5,0,0,0,0,0,0,0,0,0,0,;0.0454;2;1;819600;2.00;
3Q9ARQ9ZAP4L7I0LVYTFN28MIJR3MM_2.png;0.0505,0.0376,0.0460,0.0382,0.0415,;5,0,0,0,0,0,0,0,0,0,0,;0.0428;2;1;819600;2.00;
3QKP95RWR0AXY9I3VQ7SL2A7LGY5XG.png;0.0603,0.0654,0.0709,0.1173,0.0230,;4,1,0,0,0,0,0,0,0,0,0,;0.0674;2;2;1639200;2.00;
3QLL1RLFYUJL8BWXI76KVR6VTA8G40.png;0.0729,0.0953,0.0991,0.0310,0.0017,;4,0,0,0,0,0,0,0,0,0,0,;0.0600;3;3;2458800;3.00;
3QNALI7B4S6VALH9K67QLF1VCK3Z5B.png;0.0987,0.0989,0.0296,0.0565,0.0338,;5,0,0,0,0,0,0,0,0,0,0,;0.0635;2;2;1639200;2.00;
3QNALI7B4SD1ONKL4C5DCUTXSZAZ55.png;0.0749,0.0016,0.0243,0.0000,0.0198,;3,0,0,0,0,0,0,0,0,0,0,;0.0302;1;1;819600;1.00;
3QPQKLUN2S87R374XHKKL49YI4M6SW.png;0.1408,0.1583,0.1087,0.0938,0.1329,;2,3,0,0,0,0,0,0,0,0,0,;0.1269;3;2;1639200;1.50;
3QXBZN23LG7N3HYFNCCOI0H4ZPJXNQ.png;0.2556,0.2540,0.0628,0.0768,0.1274,;2,1,2,0,0,0,0,0,0,0,0,;0.1553;2;2;1639200;2.00;
3R0WG3C6FAYXA2OVFH1MKSVV7DKWL8.png;0.0000,0.0042,0.0000,0.0098,0.0798,;1,0,0,0,0,0,0,0,0,0,0,;0.0312;1;1;819600;1.00;
3R35RPFD7J1GHLW8Y5PUB7E29XSP1C.png;0.0000,0.0000,0.0000,0.1087,0.0000,;1,0,0,0,0,0,0,0,0,0,0,;0.1087;1;1;819600;1.00;
3R35RPFD8KSAWMKG8PKUBRZ71RYP19.png;0.1061,0.2362,0.0675,0.0644,0.0467,;4,0,1,0,0,0,0,0,0,0,0,;0.1042;2;2;1639200;2.00;
3R35RPFD8KW5RVQQX9OYA2WSE711PN.png;0.1125,0.0819,0.1403,0.2971,0.4189,;1,2,1,0,1,0,0,0,0,0,0,;0.2101;2;2;1639200;2.00;
3R39EOJX7B7B0RBVIOI0YF8QUNBFFR.png;0.0548,0.0350,0.0536,0.0000,0.0000,;3,0,0,0,0,0,0,0,0,0,0,;0.0478;2;1;819600;2.00;
3R39EOJX7BI6S1MO8YC8O4DE709FF7.png;0.0981,0.1562,0.0222,0.0334,0.0384,;4,1,0,0,0,0,0,0,0,0,0,;0.0696;2;2;1639200;2.00;
3R7DCNC1NO24TFH8BGUHQFOR9KEUDP.png;0.1154,0.1871,0.0772,0.0838,0.0731,;3,2,0,0,0,0,0,0,0,0,0,;0.1073;2;2;1639200;2.00;
3R7DCNC1NO24TFH8BGUHQFOR9KEUDP_1.png;0.0134,0.0917,0.0693,0.0483,0.0128,;5,0,0,0,0,0,0,0,0,0,0,;0.0471;3;3;2458800;3.00;
3R7DCNC1NO24TFH8BGUHQFOR9KEUDP_2.png;0.0153,0.1786,0.0744,0.0819,0.0410,;4,1,0,0,0,0,0,0,0,0,0,;0.0783;2;1;819600;2.00;
3R7DCNC1NOV5HU26IA2C7R0658YUDF.png;0.1367,0.0927,0.0820,0.0442,0.0844,;4,1,0,0,0,0,0,0,0,0,0,;0.0880;2;2;1639200;2.00;
3R8MKH13HFEBE45LFXZBD3ZAAT6QLU.png;0.0648,0.0985,0.0915,0.0962,0.0244,;5,0,0,0,0,0,0,0,0,0,0,;0.0751;3;3;2458800;3.00;
3R8NDUBSE5C5KWKOVCROU8T8BNKK4W.png;0.0308,0.0287,0.0339,0.0459,0.0795,;5,0,0,0,0,0,0,0,0,0,0,;0.0438;2;2;1639200;2.00;
3R8NDUBSE5CIIDI6K37BBGYS2U64KU.png;0.0000,0.0943,0.1269,0.0401,0.0085,;2,1,0,0,0,0,0,0,0,0,0,;0.0674;2;2;1639200;2.00;
3R8NDUBSE5CRYRKXR6M9AB02Z7L4K5.png;0.2700,0.0819,0.0000,0.0000,0.0000,;1,0,1,0,0,0,0,0,0,0,0,;0.1759;1;1;819600;1.00;
3R8NDUBSF67O3EBOSQ1IL6C0CLD4KT.png;0.1141,0.0793,0.1567,0.0425,0.0000,;2,2,0,0,0,0,0,0,0,0,0,;0.0982;2;1;819600;2.00;
3RPY1MM09GJ0DPT9E5P5CCJTRTWMHE.png;0.0000,0.0096,0.0000,0.0000,0.0000,;0,0,0,0,0,0,0,0,0,0,0,;0.0096;1;1;819600;1.00;
3RRYB8LG3ZH82HFOZGL7ANT68BKKUX.png;0.0902,0.1545,0.1950,0.0295,0.0000,;2,2,0,0,0,0,0,0,0,0,0,;0.1173;2;2;1639200;2.00;
3S1POB7GU8DKAHGA5W96UXZRMJ8QU4.png;0.1463,0.2087,0.0611,0.0109,0.0000,;2,2,0,0,0,0,0,0,0,0,0,;0.1067;2;2;1639200;2.00;
3S4LLGXSV3FZU47VRD0W7FI7RKKAOY.png;0.0646,0.0340,0.0054,0.0000,0.0000,;2,0,0,0,0,0,0,0,0,0,0,;0.0346;1;1;819600;1.00;
3S8DC08I2JZOJ6XAR5ADV2RBM80EJJ.png;0.0910,0.0268,0.0367,0.0302,0.0289,;5,0,0,0,0,0,0,0,0,0,0,;0.0427;1;1;819600;1.00;
3SBA6YTBY276L0SZ55XU5R7VV8FOBP.png;0.1016,0.0709,0.0000,0.0134,0.0000,;3,0,0,0,0,0,0,0,0,0,0,;0.0620;2;2;1639200;2.00;
3SFRD5IA5Z34MMJO249XJPJMVUHFBF.png;0.0682,0.0932,0.0545,0.0518,0.0995,;5,0,0,0,0,0,0,0,0,0,0,;0.0735;2;1;819600;2.00;
3SI493PTSWP5AHPBIVTI1I8D7X4ZDI.png;0.0318,0.0025,0.0732,0.0564,0.0607,;4,0,0,0,0,0,0,0,0,0,0,;0.0449;3;3;2458800;3.00;
3SI493PTSWP6VJGGSL9VZHEJP2GDZ2.png;0.1371,0.0551,0.0000,0.0000,0.0000,;1,1,0,0,0,0,0,0,0,0,0,;0.0961;1;1;819600;1.00;
3SIEQXXS6F7PLDK653FBMIWP0ADQ4C.png;0.1016,0.0690,0.0000,0.0057,0.0058,;2,0,0,0,0,0,0,0,0,0,0,;0.0455;2;2;1639200;2.00;
3SJ1BZ9YMZFJKL9JAYIH6SXUEFF7N6.png;0.0006,0.0149,0.0000,0.0407,0.0000,;2,0,0,0,0,0,0,0,0,0,0,;0.0187;1;1;819600;1.00;
3T1550FWLKIS93DC7DPTY5M29UHWXP.png;0.1762,0.1722,0.0543,0.0168,0.0000,;2,2,0,0,0,0,0,0,0,0,0,;0.1048;2;2;1639200;2.00;
3T6HLR4BXW5RX3QYFIC2AVGBFN389Y.png;0.0336,0.0342,0.0750,0.0183,0.0600,;5,0,0,0,0,0,0,0,0,0,0,;0.0442;2;1;819600;2.00;
3T6HLR4BXW65EY3SGXC7I8IJLZ589G.png;0.1843,0.0455,0.0000,0.0286,0.0141,;3,1,0,0,0,0,0,0,0,0,0,;0.0681;1;1;819600;1.00;
3T6HLR4BXW65EY3SGXC7I8ILF1889L.png;0.0926,0.0178,0.0050,0.0149,0.0309,;4,0,0,0,0,0,0,0,0,0,0,;0.0323;1;1;819600;1.00;
3T6UNEUZ5USMH6KL5FCL3O350KM199.png;0.0000,0.0000,0.0000,0.0000,0.0000,;0,0,0,0,0,0,0,0,0,0,0,;NaN;0;
3T6UNEUZ5USMH6KL5FCL3O350KM199_1.png;0.0507,0.0000,0.0000,0.0000,0.0503,;2,0,0,0,0,0,0,0,0,0,0,;0.0505;1;1;819600;1.00;
3T6UNEUZ5USMH6KL5FCL3O350KM199_2.png;0.0224,0.0068,0.0222,0.0000,0.0000,;2,0,0,0,0,0,0,0,0,0,0,;0.0172;2;1;819600;2.00;
3TCGLRK8ZGNA4CQP60QJDQBQH1MZQ6.png;0.0953,0.0648,0.0372,0.0424,0.0441,;5,0,0,0,0,0,0,0,0,0,0,;0.0568;2;2;1639200;2.00;
3TFUINTXMP1P2TVK22ZNBIA74UYT95.png;0.1407,0.0305,0.0675,0.0431,0.0000,;3,1,0,0,0,0,0,0,0,0,0,;0.0704;1;1;819600;1.00;
3TFUINTXNQRB8MQUNU8RNTUAF5A9TC.png;0.0517,0.0549,0.0000,0.0000,0.0629,;3,0,0,0,0,0,0,0,0,0,0,;0.0565;1;1;819600;1.00;
3TJJ8HSJVIOUEEITVOXS8LA6BWX82U.png;0.0775,0.0062,0.0000,0.0000,0.0000,;1,0,0,0,0,0,0,0,0,0,0,;0.0419;1;1;819600;1.00;
3TJJ8HSJWJ7V3WKXYD3KKOVHU4N28W.png;0.0450,0.0565,0.0586,0.0562,0.0383,;5,0,0,0,0,0,0,0,0,0,0,;0.0509;3;3;2458800;3.00;
3TO8OQV8RRE8TSS50K77OY4BTUOOLO.png;0.1423,0.0861,0.0466,0.0399,0.0896,;4,1,0,0,0,0,0,0,0,0,0,;0.0809;3;2;1639200;1.50;
3TR9CMHN3N8E2YCNTAQUMF33CUSBB8.png;0.0641,0.0909,0.1877,0.2335,0.1139,;2,2,1,0,0,0,0,0,0,0,0,;0.1380;2;2;1639200;2.00;
3TYSWKZBELVFE846EGCGPUMG5XR7G5.png;0.2530,0.0614,0.0000,0.0000,0.0995,;2,0,1,0,0,0,0,0,0,0,0,;0.1380;1;1;819600;1.00;
3TYSWKZBFMLN72JJOTFJJEIWD9HG7U.png;0.0185,0.0000,0.1201,0.1278,0.1545,;1,3,0,0,0,0,0,0,0,0,0,;0.1052;3;3;2458800;3.00;
3U2H1DGWOPTCKLUQYVRKVZHY3Q4F4G.png;0.1872,0.0789,0.0422,0.0000,0.0000,;2,1,0,0,0,0,0,0,0,0,0,;0.1028;1;1;819600;1.00;
3U47UEJKWC6S8AEVXI8SUW72VHPLB6.png;0.0594,0.0000,0.0974,0.0000,0.0404,;3,0,0,0,0,0,0,0,0,0,0,;0.0657;1;1;819600;1.00;
3U47UEJKWC7M32113CRLFBCBUKFBLV.png;0.1054,0.0481,0.0470,0.0044,0.0000,;3,0,0,0,0,0,0,0,0,0,0,;0.0512;1;1;819600;1.00;
3U47UEJKWC8E1D3WG0VTNM1UKCYBLF.png;0.0980,0.1016,0.1373,0.0365,0.0283,;4,1,0,0,0,0,0,0,0,0,0,;0.0803;3;3;2458800;3.00;
3U47UEJKXD5R38RUXLMDWG1BUJXLBR.png;0.1338,0.1434,0.0785,0.0000,0.0000,;1,2,0,0,0,0,0,0,0,0,0,;0.1186;2;2;1639200;2.00;
3U6BJ3K2B9GQGJVT0E99IGFE7I2MEG.png;0.1304,0.0635,0.0206,0.1137,0.0188,;3,2,0,0,0,0,0,0,0,0,0,;0.0694;2;1;819600;2.00;
3UEL82N5TO6EUK0Y8E9LV0DUVX2NTJ.png;0.0774,0.0772,0.1215,0.0592,0.0468,;4,1,0,0,0,0,0,0,0,0,0,;0.0764;3;3;2458800;3.00;
3UEL82N5TOKN43E6MBDHCIJ23C3NTV.png;0.0317,0.0451,0.0247,0.0113,0.0097,;4,0,0,0,0,0,0,0,0,0,0,;0.0245;3;3;2458800;3.00;
3UKAYM2G38LNW9YPLTZSPTC333T903.png;0.1216,0.0000,0.0000,0.0000,0.0000,;0,1,0,0,0,0,0,0,0,0,0,;0.1216;1;1;819600;1.00;
3USMLONC9E5MDB1GD7ZQ6SDG14K85P.png;0.1651,0.0482,0.0000,0.0043,0.0067,;1,1,0,0,0,0,0,0,0,0,0,;0.0561;1;1;819600;1.00;
3USZNBD0ID5Y2E7UC1NHCD5VH1M51A.png;0.0305,0.0981,0.0279,0.0000,0.0000,;3,0,0,0,0,0,0,0,0,0,0,;0.0522;1;1;819600;1.00;
3UV3KC5DTGMOGZ30EI3U2F567A15CS.png;0.1066,0.0794,0.1221,0.0646,0.0156,;4,1,0,0,0,0,0,0,0,0,0,;0.0776;3;3;2458800;3.00;
3UXCLCQO1UDWROO910PGOYLD3QJ20A.png;0.0728,0.2351,0.0354,0.0549,0.0476,;4,0,1,0,0,0,0,0,0,0,0,;0.0892;1;1;819600;1.00;
3UXCLCQO2V425H8F0OVWTKIEO3N20G.png;0.1580,0.1379,0.1415,0.1504,0.1458,;0,5,0,0,0,0,0,0,0,0,0,;0.1467;2;1;819600;2.00;
3VHU2SWT3EI2EPQKMFU0IXHUUZKSPE.png;0.1543,0.0522,0.0000,0.0160,0.0393,;3,1,0,0,0,0,0,0,0,0,0,;0.0654;1;1;819600;1.00;
3VKCYEEK5GTFPTFE2CSUAPH4AEKG1E.png;0.2963,0.2749,0.2771,0.2381,0.3163,;0,0,4,1,0,0,0,0,0,0,0,;0.2806;2;1;819600;2.00;
3VKCYEEK5GTFPTFE2CSUAPH4AEKG1E_1.png;0.2403,0.2831,0.2208,0.2064,0.2853,;0,1,4,0,0,0,0,0,0,0,0,;0.2472;2;1;819600;2.00;
3VKCYEEK5GTFPTFE2CSUAPH4AEKG1E_2.png;0.2769,0.2791,0.2575,0.2504,0.2003,;0,1,4,0,0,0,0,0,0,0,0,;0.2529;3;3;2458800;3.00;
3VNGVF6XGJQ1QLT33BZ7QKAQGJTGC8.png;0.1343,0.1418,0.0000,0.0000,0.0000,;0,2,0,0,0,0,0,0,0,0,0,;0.1380;1;1;819600;1.00;
3VNVHCMRM39PCV9YY08XQFC2ASTW7K.png;0.1054,0.1263,0.0147,0.0192,0.0000,;3,1,0,0,0,0,0,0,0,0,0,;0.0664;2;2;1639200;2.00;
3VPHDNYYW05RMXRPFB37FMZTE8FOX6.png;0.0460,0.0000,0.0402,0.0000,0.0000,;2,0,0,0,0,0,0,0,0,0,0,;0.0431;1;1;819600;1.00;
3VS2P0ED9S8WCYR5XKUI3WE62NIZOD.png;0.2047,0.1636,0.1840,0.1049,0.0731,;2,3,0,0,0,0,0,0,0,0,0,;0.1461;3;3;2458800;3.00;
3VS2P0ED9S9HPWVU5TDRGGPE3WLOZL.png;0.0408,0.1058,0.0487,0.0907,0.0416,;5,0,0,0,0,0,0,0,0,0,0,;0.0655;2;1;819600;2.00;
3VTCTNDIMBI4MSZRCFZ5EXG7KAVTGQ.png;0.0589,0.2592,0.1154,0.0464,0.0587,;3,1,1,0,0,0,0,0,0,0,0,;0.1077;2;2;1639200;2.00;
3VXAY8PX9568FZGV4FQLLH1QFO0UBC.png;0.0572,0.2328,0.1221,0.0000,0.0868,;2,1,1,0,0,0,0,0,0,0,0,;0.1247;1;1;819600;1.00;
3VXAY8PXA67ITFS0HYENNTH6AGPBUQ.png;0.1112,0.0307,0.0234,0.0273,0.0291,;4,1,0,0,0,0,0,0,0,0,0,;0.0443;1;1;819600;1.00;
3W718UE9EUVUJGAIW7WCSAJ232S8KV.png;0.0088,0.0178,0.0199,0.0476,0.0691,;4,0,0,0,0,0,0,0,0,0,0,;0.0326;2;2;1639200;2.00;
3W7EAH4XLRRHWHV8PSJNN5I48Z5K1Z.png;0.0164,0.0000,0.0569,0.1062,0.0000,;3,0,0,0,0,0,0,0,0,0,0,;0.0598;1;1;819600;1.00;
3WAI7IWAXVDPIQMZBUA6WKWKGBTKCH.png;0.0897,0.1514,0.0062,0.0000,0.0198,;2,1,0,0,0,0,0,0,0,0,0,;0.0668;2;2;1639200;2.00;
3WNTBWVI6HTKT402X941XY1LBXF1DP.png;0.0575,0.1462,0.0476,0.0804,0.2016,;3,2,0,0,0,0,0,0,0,0,0,;0.1067;2;1;819600;2.00;
3WNTBWVI7IICS3U5SPMYXHW39RR1DW.png;0.1304,0.2493,0.0338,0.0547,0.0000,;2,1,1,0,0,0,0,0,0,0,0,;0.1171;2;2;1639200;2.00;
3X3BKUX7FNI4TQBH6Z6BCBN743AUUW.png;0.1256,0.1024,0.0825,0.0501,0.0114,;4,1,0,0,0,0,0,0,0,0,0,;0.0744;3;3;2458800;3.00;
3XCMB0010Q8CROANL93DZ0TZ7HDP3B.png;0.0000,0.0000,0.0000,0.1087,0.0000,;1,0,0,0,0,0,0,0,0,0,0,;0.1087;1;1;819600;1.00;
3XFOW6US4G39LHGXH58DQK2U59EF7W.png;0.0701,0.0424,0.0913,0.0376,0.0000,;4,0,0,0,0,0,0,0,0,0,0,;0.0603;2;1;819600;2.00;
3XH5NKQXD1CEK1G2OFNXP2YO5CGQ1D.png;0.0603,0.0414,0.0425,0.0574,0.0460,;5,0,0,0,0,0,0,0,0,0,0,;0.0495;2;1;819600;2.00;
3XKJYHBF1PGIGZAV82J26HU67K1S94.png;0.0809,0.0283,0.0523,0.0451,0.0493,;5,0,0,0,0,0,0,0,0,0,0,;0.0512;2;1;819600;2.00;
3XKJYHBF2QXEJ36G795O9QJC5X59SV.png;0.1205,0.0203,0.0000,0.0000,0.0000,;1,1,0,0,0,0,0,0,0,0,0,;0.0704;1;1;819600;1.00;
3XLULPCEJ5A20HTSPHJ11BGOHJ2K00.png;0.1312,0.0862,0.0347,0.1486,0.1153,;2,3,0,0,0,0,0,0,0,0,0,;0.1032;3;2;1639200;1.50;
3XLULPCEK6XSKDKZU2VPQEQSWADK07.png;0.0913,0.2464,0.1431,0.0678,0.0303,;3,1,1,0,0,0,0,0,0,0,0,;0.1158;2;2;1639200;2.00;
3XOONX5XJ4G5CUJT3GITEEBP8TAR9P.png;0.1174,0.0657,0.0000,0.0000,0.0000,;1,1,0,0,0,0,0,0,0,0,0,;0.0915;1;1;819600;1.00;
3XQ5ITPVUWC5A41L5RJWP1DP30VQTX.png;0.1748,0.2596,0.0781,0.0150,0.0000,;2,1,1,0,0,0,0,0,0,0,0,;0.1319;2;2;1639200;2.00;
3XQ5ITPVUWCZXHDQO612ZU9R46PQTU.png;0.0695,0.1183,0.0837,0.1076,0.0255,;4,1,0,0,0,0,0,0,0,0,0,;0.0809;3;3;2458800;3.00;
3XQ5ITPVVXEK5RIJJ0S4JMU41HATQO.png;0.0575,0.0384,0.0163,0.0402,0.0000,;4,0,0,0,0,0,0,0,0,0,0,;0.0381;3;2;1639200;1.50;
3XXLL7ZNZBX2S1C8S0AVX01M47X2SM.png;0.0334,0.0307,0.0396,0.0430,0.0678,;5,0,0,0,0,0,0,0,0,0,0,;0.0429;2;2;1639200;2.00;
3Y6OYEUGD7DBA3Z0UX7LVDP3LCIS5W.png;0.1455,0.0321,0.0841,0.0951,0.0394,;4,1,0,0,0,0,0,0,0,0,0,;0.0792;3;2;1639200;1.50;
3YATNUOYWN28VJEWP8MVZLA65TU5R8.png;0.0509,0.0224,0.0258,0.0189,0.0000,;4,0,0,0,0,0,0,0,0,0,0,;0.0295;1;1;819600;1.00;
3YE2HAAZLWT35EOEU3RFNMQ5RC4ZU3.png;0.0640,0.0266,0.0256,0.0092,0.0257,;4,0,0,0,0,0,0,0,0,0,0,;0.0302;1;1;819600;1.00;
3YJAOW5N8OU26Z949MJ65YS6Q7GNS0.png;0.0408,0.1066,0.0486,0.0866,0.0415,;5,0,0,0,0,0,0,0,0,0,0,;0.0648;2;1;819600;2.00;
3YJAOW5N8OUDFKNJJE4VLVI018MNS9.png;0.0662,0.0925,0.1114,0.0810,0.0244,;4,1,0,0,0,0,0,0,0,0,0,;0.0751;3;3;2458800;3.00;
3YJAOW5N8OUDFKNJJE4VLVI0YDQNSK.png;0.0757,0.0391,0.0720,0.0000,0.0255,;4,0,0,0,0,0,0,0,0,0,0,;0.0530;2;1;819600;2.00;
3YJAOW5N9PI929Z2OH5BG1NQ7AGNSB.png;0.1459,0.1841,0.0808,0.0029,0.0000,;1,2,0,0,0,0,0,0,0,0,0,;0.1034;2;2;1639200;2.00;
3YKHA5XMY4LNHWQDYI2RHLTBGR3A75.png;0.0644,0.1113,0.0000,0.0185,0.0000,;2,1,0,0,0,0,0,0,0,0,0,;0.0647;1;1;819600;1.00;
3YNFDCZ5Q3U1E5N64P4QVLD4C30NR9.png;0.0642,0.0344,0.0658,0.0010,0.0535,;4,0,0,0,0,0,0,0,0,0,0,;0.0438;3;1;819600;3.00;
3YNFDCZ5R4IX1UZP9S56QRIUL8YNRO.png;0.1504,0.1840,0.0895,0.0748,0.0622,;3,2,0,0,0,0,0,0,0,0,0,;0.1122;2;2;1639200;2.00;
3YR6VNT52416IC86SLGIIDTF4TWB78.png;0.0277,0.0000,0.0000,0.0000,0.0000,;1,0,0,0,0,0,0,0,0,0,0,;0.0277;1;1;819600;1.00;
3YR6VNT5352GKULNOMVIY5386U67BS.png;0.1158,0.1216,0.0464,0.0416,0.0480,;3,2,0,0,0,0,0,0,0,0,0,;0.0747;2;2;1639200;2.00;
3YS67JKWKBRVDSIQ9F8UVFJ1JQRX40.png;0.0412,0.0000,0.0163,0.0496,0.0461,;4,0,0,0,0,0,0,0,0,0,0,;0.0383;3;2;1639200;1.50;
3YS67JKWKBTMNDQ3LRFOMM61VUK4X5.png;0.3480,0.0621,0.0255,0.0000,0.0000,;2,0,0,1,0,0,0,0,0,0,0,;0.1452;1;1;819600;1.00;
3YVLYSYEBF5NUSY0E746VZKOKNG0QY.png;0.0917,0.0616,0.0094,0.0000,0.0000,;2,0,0,0,0,0,0,0,0,0,0,;0.0542;2;2;1639200;2.00;
3Z1VWDJDMCSL9FEEWY1JWQIRHY8F8V.png;0.2038,0.1213,0.0579,0.0167,0.0000,;2,2,0,0,0,0,0,0,0,0,0,;0.0999;2;2;1639200;2.00;
3Z1VWDJDMCXXDMC10K62ECWQF20F8X.png;0.0701,0.0171,0.0632,0.0000,0.0461,;4,0,0,0,0,0,0,0,0,0,0,;0.0492;2;1;819600;2.00;
3Z1VWDJDNDED63DNWYEYK1BZJ9X8FQ.png;0.0471,0.0398,0.0000,0.0000,0.0000,;2,0,0,0,0,0,0,0,0,0,0,;0.0434;1;1;819600;1.00;
3ZAK6NWIZ37QLEUJSP86OBIVCQQ9VS.png;0.0210,0.0333,0.1509,0.0415,0.0000,;3,1,0,0,0,0,0,0,0,0,0,;0.0617;1;1;819600;1.00;
3ZFB7PFNY1ZJD1XM4GHBRRAA6FG931.png;0.1117,0.0164,0.0000,0.0131,0.0098,;2,1,0,0,0,0,0,0,0,0,0,;0.0377;1;1;819600;1.00;
3ZFB7PFNY1ZJD1XM4GHBRRAA6GF932.png;0.1031,0.0092,0.0481,0.1554,0.0000,;2,1,0,0,0,0,0,0,0,0,0,;0.0790;2;1;819600;2.00;
3ZNMTDKQXPRIYI9V3LJLED84I1Z2VB.png;0.1466,0.1105,0.1314,0.1144,0.0987,;1,4,0,0,0,0,0,0,0,0,0,;0.1203;2;1;819600;2.00;
3ZSDUF3VXOXZ44ZW3SE86JT3CR623Z.png;0.1314,0.0476,0.0071,0.0127,0.0189,;3,1,0,0,0,0,0,0,0,0,0,;0.0435;2;2;1639200;2.00;
3ZXEP6UEFFQUF1V5KFZ2RFEFLM08OQ.png;0.0335,0.0090,0.0266,0.0752,0.0433,;4,0,0,0,0,0,0,0,0,0,0,;0.0375;2;2;1639200;2.00;
