imageID;text densities;Histogram of windows with text densitites b/w 0:0.1:1;threshold;windows greater than threshold;largest connected window (no. of windows);largest connected window in pixels;The average size of connected regions;
306OACM7G04QOX49OC3VEMIMU7KA8L.png;0.1983,0.1249,0.0463,0.0286,0.0000,0.0074,0.0000,0.0172,0.0075,0.0000,0.0000,0.0098,;3,2,0,0,0,0,0,0,0,0,0,;0.0550;2;2;728000;2.00;
30E2X49V611K26Z0IIHLB47CQY53NF.png;0.2366,0.1074,0.0000,0.0000,0.0000,0.0000,0.0000,0.0000,0.0000,0.0000,0.0000,0.0000,;1,0,1,0,0,0,0,0,0,0,0,;0.1720;1;1;364000;1.00;
30E2X49V611K26Z0IIHLB47CQY63NG.png;0.0806,0.0761,0.0774,0.0000,0.0000,0.0669,0.0000,0.0917,0.0000,0.0000,0.0000,0.0000,;5,0,0,0,0,0,0,0,0,0,0,;0.0785;2;1;364000;2.00;
30GUUI0R316PRKEN69AJEXY15MMBCT.png;0.1399,0.1492,0.1508,0.1386,0.0000,0.0574,0.0000,0.0567,0.0000,0.0000,0.0000,0.0000,;2,4,0,0,0,0,0,0,0,0,0,;0.1154;4;4;1456000;4.00;
319N3DB42B6LKGW48RIT1IUY6MJEPG.png;0.0938,0.0181,0.0945,0.1088,0.0000,0.0603,0.0000,0.0696,0.0015,0.0000,0.0000,0.0063,;6,0,0,0,0,0,0,0,0,0,0,;0.0566;5;5;1820000;5.00;
31H4HIBP9AWNGDF6JZY7J01Z8LG5HP.png;0.2759,0.1996,0.1184,0.1159,0.0000,0.0949,0.0000,0.1030,0.0000,0.0000,0.0000,0.0000,;2,3,1,0,0,0,0,0,0,0,0,;0.1513;2;2;728000;2.00;
31QBDMKNDPO96CGOU6OI3UH1N96L85.png;0.0000,0.0000,0.0670,0.0870,0.0000,0.0193,0.0000,0.0000,0.0000,0.0000,0.0000,0.0000,;3,0,0,0,0,0,0,0,0,0,0,;0.0578;2;1;364000;2.00;
31QOF9ABLNAV27TO4PXO0GLATWO1L1.png;0.2014,0.2139,0.2575,0.0000,0.0000,0.2485,0.0000,0.0000,0.0033,0.0000,0.0000,0.0253,;1,1,3,0,0,0,0,0,0,0,0,;0.1583;4;4;1456000;4.00;
31R9JPCYP6DVE0AQVNO2QFRENFMWRA.png;0.1978,0.1419,0.0386,0.0000,0.0000,0.0000,0.0000,0.0000,0.0000,0.0000,0.0000,0.0000,;1,2,0,0,0,0,0,0,0,0,0,;0.1261;2;2;728000;2.00;
31TTIPZ8XM69HILWQZWMCQMN1KS3GE.png;0.0000,0.0000,0.0000,0.0842,0.0000,0.0000,0.0000,0.1834,0.0000,0.0000,0.0000,0.0086,;1,1,0,0,0,0,0,0,0,0,0,;0.0921;1;1;364000;1.00;
31ZZN31VRB1J1I6XNAS9X9DBA59QRV.png;0.0891,0.0700,0.0587,0.0689,0.0000,0.0095,0.0000,0.0120,0.0000,0.0000,0.0000,0.0000,;5,0,0,0,0,0,0,0,0,0,0,;0.0513;4;4;1456000;4.00;
3203J2GC2PK4HSXGZ2GG107218V84Q.png;0.1485,0.0000,0.0000,0.0000,0.0000,0.0974,0.0000,0.0525,0.0042,0.0000,0.0000,0.0000,;2,1,0,0,0,0,0,0,0,0,0,;0.0756;2;1;364000;2.00;
3203J2GC2PK4HSXGZ2GG1073Z7V84O.png;0.0947,0.0000,0.1442,0.0872,0.0000,0.0123,0.0000,0.0471,0.0000,0.0000,0.0000,0.0000,;4,1,0,0,0,0,0,0,0,0,0,;0.0771;3;2;728000;1.50;
3203J2GC2PK4HSXGZ2GG1074VAS84P.png;0.1672,0.0000,0.0000,0.0000,0.0000,0.0000,0.0000,0.0000,0.0000,0.0000,0.0000,0.0000,;0,1,0,0,0,0,0,0,0,0,0,;0.1672;1;1;364000;1.00;
320GLP60AN5TS9K5PU8IGRVPKUZ14P.png;0.0000,0.0007,0.0283,0.0740,0.0000,0.0545,0.0000,0.2435,0.0931,0.0000,0.0000,0.0377,;5,0,1,0,0,0,0,0,0,0,0,;0.0760;2;2;728000;2.00;
320GLP60AN6FM9FGZXIOL5AG38941T.png;0.1102,0.1256,0.0472,0.0021,0.0000,0.0753,0.0000,0.1108,0.0508,0.0000,0.0000,0.0004,;3,3,0,0,0,0,0,0,0,0,0,;0.0653;4;4;1456000;4.00;
323KIQYDLQ7S9UIT4NE6QLFONB14CB.png;0.1253,0.0000,0.0977,0.0000,0.0000,0.0222,0.0000,0.0069,0.0125,0.0000,0.0000,0.0363,;4,1,0,0,0,0,0,0,0,0,0,;0.0501;2;1;364000;2.00;
3244QHISJ1ITNE98CFK36E7RG91L0N.png;0.0950,0.0000,0.0000,0.0000,0.0000,0.0906,0.0000,0.0000,0.0000,0.0000,0.0000,0.0000,;2,0,0,0,0,0,0,0,0,0,0,;0.0928;1;1;364000;1.00;
3244QHISK2XKVEPCAXDY38M44I9L04.png;0.1052,0.0174,0.0176,0.0086,0.0000,0.0080,0.0000,0.0073,0.0080,0.0000,0.0000,0.0521,;4,0,0,0,0,0,0,0,0,0,0,;0.0280;2;1;364000;2.00;
329GGY5YRI5WHTWS4FZ9QWPAMFRT4W.png;0.0958,0.0541,0.0248,0.0000,0.0000,0.0254,0.0000,0.0000,0.0000,0.0000,0.0000,0.0000,;4,0,0,0,0,0,0,0,0,0,0,;0.0500;2;2;728000;2.00;
32GVUSPLEYOYH9SP841K39EVOUOK3Z.png;0.1728,0.1243,0.1735,0.1812,0.0000,0.1571,0.0000,0.0863,0.0197,0.0000,0.0000,0.0268,;3,5,0,0,0,0,0,0,0,0,0,;0.1177;5;5;1820000;5.00;
32GVUSPLFZ61Q5EOZV799O813X5K3C.png;0.1268,0.0613,0.0491,0.0436,0.0000,0.0171,0.0000,0.0117,0.0000,0.0000,0.0000,0.0000,;5,1,0,0,0,0,0,0,0,0,0,;0.0516;2;2;728000;2.00;
32JEHGQ0QIPYH7JPSF8OLMHJ8AAU81.png;0.0584,0.0214,0.0042,0.0121,0.0000,0.0000,0.0000,0.0000,0.0000,0.0000,0.0000,0.0000,;3,0,0,0,0,0,0,0,0,0,0,;0.0240;1;1;364000;1.00;
32JRJ3GOYGFHSVM6IWA88RJNYD8U1D.png;0.2641,0.1646,0.1722,0.1666,0.0000,0.1778,0.0000,0.0581,0.0958,0.0000,0.0000,0.0216,;3,4,1,0,0,0,0,0,0,0,0,;0.1401;5;5;1820000;5.00;
32SOQFN7RN4Q5SNOXDF8KS0W4TRIPM.png;0.3028,0.0000,0.0605,0.1984,0.0000,0.0000,0.0000,0.0756,0.0000,0.0000,0.0000,0.0000,;2,1,1,0,0,0,0,0,0,0,0,;0.1593;2;2;728000;2.00;
32WAV7G60PNC75TK9C1M3A29EH0D36.png;0.0455,0.0154,0.0113,0.0070,0.0000,0.0043,0.0000,0.0594,0.0000,0.0000,0.0000,0.0000,;4,0,0,0,0,0,0,0,0,0,0,;0.0238;2;1;364000;2.00;
32WAV7G6ZOBEE25MHO1EVKD7PUBD3N.png;0.0869,0.0000,0.0425,0.0543,0.0000,0.0000,0.0000,0.0000,0.0000,0.0000,0.0000,0.0000,;3,0,0,0,0,0,0,0,0,0,0,;0.0613;1;1;364000;1.00;
330XZFCZ7R2IEZH3T3I3O6ANM0DXTM.png;0.0331,0.0028,0.0000,0.0000,0.0000,0.0000,0.0000,0.0000,0.0000,0.0000,0.0000,0.0000,;1,0,0,0,0,0,0,0,0,0,0,;0.0180;1;1;364000;1.00;
330XZFCZ7RB627L6HWI9543W690TXG.png;0.2193,0.2266,0.3374,0.2137,0.0000,0.0910,0.0000,0.0329,0.0000,0.0000,0.0000,0.0000,;2,0,3,1,0,0,0,0,0,0,0,;0.1868;4;4;1456000;4.00;
33EWWXEH81XUPFZ4BLANE2SZQMJ40X.png;0.0352,0.0227,0.0157,0.0000,0.0000,0.0437,0.0000,0.0205,0.0000,0.0000,0.0000,0.0000,;5,0,0,0,0,0,0,0,0,0,0,;0.0276;2;1;364000;2.00;
33FLRCV01N0NF725EJLGLLU8UGYORG.png;0.0408,0.0223,0.0000,0.0000,0.0000,0.0000,0.0000,0.0402,0.0000,0.0000,0.0000,0.0000,;3,0,0,0,0,0,0,0,0,0,0,;0.0344;2;1;364000;2.00;
33QM7VBL79CAH7ME53S2DMVHTOZ3QX.png;0.3229,0.1893,0.1860,0.1499,0.0000,0.1117,0.0000,0.1033,0.0178,0.0000,0.0000,0.0302,;3,4,0,1,0,0,0,0,0,0,0,;0.1389;4;4;1456000;4.00;
33RX46D1RXVH625SCIG7UWSYT80X1J.png;0.0078,0.1375,0.1538,0.1263,0.0000,0.1120,0.0000,0.1111,0.0316,0.0000,0.0000,0.0316,;2,5,0,0,0,0,0,0,0,0,0,;0.0890;5;5;1820000;5.00;
33XMDKLTFSU7YK1SQJZ2MPHPZ4ZZCZ.png;0.2464,0.1602,0.2128,0.1623,0.0000,0.1396,0.0000,0.1020,0.0000,0.0000,0.0000,0.0000,;1,3,2,0,0,0,0,0,0,0,0,;0.1706;2;1;364000;2.00;
344RGS4J7S874QSQIPH3B5TQWFPMPU.png;0.1233,0.0000,0.0000,0.0261,0.0000,0.0000,0.0000,0.0688,0.0000,0.0000,0.0000,0.0224,;3,1,0,0,0,0,0,0,0,0,0,;0.0601;2;1;364000;2.00;
34B3PHKY7L0QRWI1JO5S4NCKMT3NE1.png;0.1775,0.1389,0.0000,0.0000,0.0000,0.0000,0.0000,0.0000,0.0000,0.0000,0.0000,0.0000,;0,2,0,0,0,0,0,0,0,0,0,;0.1582;1;1;364000;1.00;
34KQN2TBKTGWLIK008X22C5QD2JSAJ.png;0.0000,0.0000,0.0000,0.0000,0.0000,0.0000,0.0000,0.0000,0.0000,0.0000,0.0000,0.0000,;0,0,0,0,0,0,0,0,0,0,0,;NaN;0;
34RF8KPUOTU14SPS6MXYXNPWVK1SBB.png;0.0098,0.0352,0.0352,0.0315,0.0000,0.0023,0.0000,0.0006,0.0000,0.0000,0.0000,0.0000,;3,0,0,0,0,0,0,0,0,0,0,;0.0191;3;3;1092000;3.00;
34RF8KPUOTU14SPS6MXYXNPWVK1SBB_1.png;0.0765,0.0806,0.0595,0.0462,0.0000,0.0044,0.0000,0.0167,0.0000,0.0000,0.0000,0.0000,;5,0,0,0,0,0,0,0,0,0,0,;0.0473;3;3;1092000;3.00;
34RF8KPUOTU14SPS6MXYXNPWVK1SBB_2.png;0.0830,0.0657,0.0525,0.0633,0.0000,0.0044,0.0000,0.0047,0.0000,0.0000,0.0000,0.0000,;4,0,0,0,0,0,0,0,0,0,0,;0.0456;4;4;1456000;4.00;
34RF8KPUOTU14SPS6MXYXNPWVK7SBH.png;0.0150,0.0370,0.0486,0.0047,0.0000,0.0098,0.0000,0.0000,0.0000,0.0000,0.0000,0.0000,;3,0,0,0,0,0,0,0,0,0,0,;0.0230;2;2;728000;2.00;
34YKDDZP3UMABNHOK8ECJ4FCOZJWHB.png;0.2424,0.1522,0.3265,0.1270,0.0000,0.3713,0.0000,0.1323,0.1078,0.0000,0.0000,0.0367,;2,3,1,2,0,0,0,0,0,0,0,;0.1870;3;2;728000;1.50;
3568B45QGKRG3Y1LZDHA1JA6BSCO3E.png;0.1826,0.0000,0.0100,0.0918,0.0000,0.0000,0.0000,0.0000,0.0000,0.0000,0.0000,0.0000,;2,1,0,0,0,0,0,0,0,0,0,;0.0948;1;1;364000;1.00;
3589VT1T2BGMXIVHZGNGS492OQIJN8.png;0.2290,0.0000,0.0292,0.0573,0.0000,0.0000,0.0000,0.1776,0.0000,0.0000,0.0000,0.0000,;2,1,1,0,0,0,0,0,0,0,0,;0.1233;2;1;364000;2.00;
35DAEVU8JHJ10FFZ10EN4CRDQ8F870.png;0.1087,0.0752,0.0326,0.0162,0.0000,0.0963,0.0000,0.1327,0.0332,0.0000,0.0000,0.0165,;7,1,0,0,0,0,0,0,0,0,0,;0.0639;4;4;1456000;4.00;
35GRDJC92I6VOWRC3MF6JHNHWWLC7I.png;0.0473,0.0197,0.0000,0.0000,0.0000,0.0000,0.0000,0.0000,0.0000,0.0000,0.0000,0.0000,;2,0,0,0,0,0,0,0,0,0,0,;0.0335;1;1;364000;1.00;
35HIM1LU2HRMGPBVQO0P66HG1MBI5I.png;0.0542,0.2400,0.3367,0.2528,0.0000,0.1802,0.0000,0.0810,0.0189,0.0000,0.0000,0.0144,;4,1,2,1,0,0,0,0,0,0,0,;0.1473;4;4;1456000;4.00;
35QUA2ABY634ZYN782PTB2BL5I8EGJ.png;0.0846,0.0000,0.0000,0.0000,0.0000,0.0000,0.0000,0.0000,0.0000,0.0000,0.0000,0.0000,;1,0,0,0,0,0,0,0,0,0,0,;0.0846;1;1;364000;1.00;
35QUA2ABZ7MBAB0HZGYJHQ28USWGE7.png;0.1707,0.0000,0.0000,0.0000,0.0000,0.0000,0.0000,0.0000,0.0000,0.0000,0.0000,0.0000,;0,1,0,0,0,0,0,0,0,0,0,;0.1707;1;1;364000;1.00;
361LJMRMCQ5CDYJ025B6700NV8CUR4.png;0.0723,0.1209,0.1673,0.1506,0.0000,0.1428,0.0000,0.1002,0.0912,0.0000,0.0000,0.0384,;4,4,0,0,0,0,0,0,0,0,0,;0.1105;4;4;1456000;4.00;
369VX4MEOJAKM0DV8XRK62EAJWKGI1.png;0.2743,0.0256,0.0142,0.0325,0.0000,0.0000,0.0000,0.0000,0.0000,0.0000,0.0000,0.0000,;3,0,1,0,0,0,0,0,0,0,0,;0.0867;1;1;364000;1.00;
36ARV8EEH67U95XPYN59VTZKFJ2VA1.png;0.1290,0.0797,0.0315,0.0000,0.0000,0.0527,0.0000,0.0258,0.0000,0.0000,0.0000,0.0000,;4,1,0,0,0,0,0,0,0,0,0,;0.0637;2;2;728000;2.00;
36FIWAXJH5YZ4NF13JA9L63DO7Z3AS.png;0.2405,0.3062,0.2655,0.1076,0.0000,0.2385,0.0000,0.1532,0.1483,0.0000,0.0000,0.0947,;2,2,4,0,0,0,0,0,0,0,0,;0.1943;4;4;1456000;4.00;
36HGGQAXL6KTNEA2DMTHLEEUZ4CVBW.png;0.2542,0.3383,0.0902,0.0868,0.0000,0.0916,0.0000,0.1024,0.0272,0.0000,0.0000,0.0235,;6,0,1,1,0,0,0,0,0,0,0,;0.1268;2;2;728000;2.00;
36HGGQAXL6L87J29O35QD9YQWSFBVG.png;0.0000,0.0128,0.1941,0.0000,0.0000,0.0000,0.0000,0.0000,0.0000,0.0000,0.0000,0.0000,;1,1,0,0,0,0,0,0,0,0,0,;0.0690;1;1;364000;1.00;
36IAL8HYOXSPP9QYVLXZPMFW48E4R6.png;0.0000,0.0000,0.0508,0.1509,0.0000,0.0043,0.0000,0.0157,0.0000,0.0000,0.0000,0.0000,;2,1,0,0,0,0,0,0,0,0,0,;0.0554;1;1;364000;1.00;
36MWL0IRGCO0L6PQ7W22BBNT0ICOHL.png;0.1317,0.1464,0.0348,0.0784,0.0000,0.0000,0.0000,0.0581,0.0000,0.0000,0.0000,0.0165,;4,2,0,0,0,0,0,0,0,0,0,;0.0777;3;3;1092000;3.00;
36QDS77QN9NG5USZQM0XMAC2L97HFT.png;0.3484,0.0045,0.1618,0.4451,0.0000,0.1155,0.0000,0.1870,0.0000,0.0000,0.0000,0.0000,;0,3,0,1,1,0,0,0,0,0,0,;0.2104;2;2;728000;2.00;
36QDS77QN9Y3AP81GU3ZJ983H37HFJ.png;0.0919,0.0000,0.0348,0.0000,0.0000,0.0298,0.0000,0.0608,0.0000,0.0000,0.0000,0.0000,;4,0,0,0,0,0,0,0,0,0,0,;0.0543;2;1;364000;2.00;
36R3RQSDPTXRSZ6X7FR6HZHDYAF078.png;0.0292,0.0056,0.0145,0.0000,0.0000,0.0346,0.0000,0.0425,0.0000,0.0000,0.0000,0.0000,;4,0,0,0,0,0,0,0,0,0,0,;0.0253;3;2;728000;1.50;
375FCEJV4GX4B1VR293XJCDD0I7CCJ.png;0.2295,0.1913,0.2216,0.1714,0.0000,0.1650,0.0000,0.1369,0.0228,0.0000,0.0000,0.0249,;2,4,2,0,0,0,0,0,0,0,0,;0.1454;5;5;1820000;5.00;
375MF9UHMRPR2XWE6NL8JC3TL1HSX9.png;0.2058,0.0996,0.0000,0.0000,0.0000,0.0000,0.0000,0.0000,0.0000,0.0000,0.0000,0.0000,;1,1,0,0,0,0,0,0,0,0,0,;0.1527;1;1;364000;1.00;
37672WDDC2JA93V4O46FCCJ2VAJNM9.png;0.0000,0.0000,0.0000,0.0000,0.0000,0.0000,0.0000,0.0000,0.0000,0.0000,0.0000,0.0000,;0,0,0,0,0,0,0,0,0,0,0,;NaN;0;
378UBY8FQ61LFCJMHZWZTRZI59A8TB.png;0.2857,0.3251,0.1337,0.0573,0.0000,0.0485,0.0000,0.0000,0.0235,0.0000,0.0000,0.0000,;3,1,1,1,0,0,0,0,0,0,0,;0.1457;2;2;728000;2.00;
378UBY8FR7AABMKBM232FCEFT60T8E.png;0.2701,0.2183,0.1379,0.0347,0.0000,0.0235,0.0000,0.0328,0.0000,0.0000,0.0000,0.0118,;4,1,2,0,0,0,0,0,0,0,0,;0.1041;3;3;1092000;3.00;
379R4POZ46ZM5D7FMP5TH9FBQ7PRXR.png;0.0732,0.0485,0.0000,0.0081,0.0000,0.0000,0.0000,0.0000,0.0000,0.0000,0.0000,0.0000,;2,0,0,0,0,0,0,0,0,0,0,;0.0433;2;2;728000;2.00;
37CCG24EIZSNBY0O0RYFBPCKLTQZRW.png;0.0278,0.0104,0.0220,0.0145,0.0000,0.0000,0.0000,0.0006,0.0000,0.0000,0.0000,0.0000,;4,0,0,0,0,0,0,0,0,0,0,;0.0150;2;1;364000;2.00;
37CCG24EIZSNBY0O0RYFBPCKLTQZRW_1.png;0.0562,0.0205,0.0187,0.0000,0.0000,0.0000,0.0000,0.0000,0.0000,0.0000,0.0000,0.0000,;3,0,0,0,0,0,0,0,0,0,0,;0.0318;1;1;364000;1.00;
37CCG24EIZSNBY0O0RYFBPCKLTQZRW_2.png;0.0524,0.0144,0.0140,0.0143,0.0000,0.0000,0.0000,0.0000,0.0002,0.0000,0.0000,0.0001,;4,0,0,0,0,0,0,0,0,0,0,;0.0159;1;1;364000;1.00;
37FXVUXR5NUGX6LAN3N06Z6PNZ6EWN.png;0.0000,0.0000,0.0000,0.0000,0.0000,0.0000,0.0000,0.0000,0.0000,0.0000,0.0000,0.0000,;0,0,0,0,0,0,0,0,0,0,0,;NaN;0;
37NNZ8MO7S6VRHEMSEGUVBLX898EQM.png;0.1663,0.0264,0.0060,0.0063,0.0000,0.0009,0.0000,0.0013,0.0038,0.0000,0.0000,0.0042,;1,1,0,0,0,0,0,0,0,0,0,;0.0269;1;1;364000;1.00;
37QHTW84X0Z4WRFH6C4VHQ7JNTDJDT.png;0.1063,0.0080,0.0308,0.0000,0.0000,0.0000,0.0000,0.0425,0.0000,0.0000,0.0000,0.0000,;3,0,0,0,0,0,0,0,0,0,0,;0.0469;1;1;364000;1.00;
37ZHE2JT1D250TKIB56TICN73UM88S.png;0.0927,0.0000,0.0000,0.0000,0.0000,0.0446,0.0000,0.0678,0.0028,0.0000,0.0000,0.0000,;3,0,0,0,0,0,0,0,0,0,0,;0.0520;2;1;364000;2.00;
37ZHE2JT1D250TKIB56TICN73UQ88W.png;0.3680,0.2819,0.0000,0.0000,0.0000,0.0000,0.0000,0.0000,0.0000,0.0000,0.0000,0.0000,;0,0,1,1,0,0,0,0,0,0,0,;0.3250;1;1;364000;1.00;
37ZUGP9H9BONPT0XCKXE3200JPH817.png;0.1548,0.1862,0.2006,0.2590,0.0000,0.1425,0.0000,0.0776,0.0030,0.0000,0.0000,0.0000,;1,4,1,0,0,0,0,0,0,0,0,;0.1462;4;4;1456000;4.00;
37ZUGP9H9BONPT0XCKXE3201JQL81F.png;0.1446,0.0000,0.0000,0.0000,0.0000,0.0000,0.0000,0.0000,0.0000,0.0000,0.0000,0.0000,;0,1,0,0,0,0,0,0,0,0,0,;0.1446;1;1;364000;1.00;
38464Y8J3VK9Y56OSLPV9KDIFIGV4J.png;0.0000,0.0000,0.0000,0.0000,0.0000,0.0502,0.0000,0.0591,0.0000,0.0000,0.0000,0.0040,;2,0,0,0,0,0,0,0,0,0,0,;0.0378;2;2;728000;2.00;
389X50RO4VDYCDHURIYQ7760LL5343.png;0.1073,0.0688,0.0582,0.0000,0.0000,0.0096,0.0000,0.0000,0.0000,0.0000,0.0000,0.0000,;3,0,0,0,0,0,0,0,0,0,0,;0.0610;2;2;728000;2.00;
38DNTK7MFN2OC2PZPWU81IIJXME01H.png;0.0218,0.0171,0.0184,0.0146,0.0000,0.1026,0.0000,0.0660,0.0006,0.0000,0.0000,0.0006,;6,0,0,0,0,0,0,0,0,0,0,;0.0302;2;2;728000;2.00;
38DNTK7MFN34LCW85JTSAD2CXFQ01S.png;0.2541,0.0720,0.0891,0.0000,0.0000,0.0427,0.0000,0.0000,0.0000,0.0000,0.0000,0.0000,;3,0,1,0,0,0,0,0,0,0,0,;0.1145;1;1;364000;1.00;
38DNTK7MFN3UAZX8DF8S385AB3E10K.png;0.2173,0.0919,0.0180,0.0918,0.0000,0.0407,0.0000,0.0497,0.0021,0.0000,0.0000,0.0008,;5,0,1,0,0,0,0,0,0,0,0,;0.0640;3;3;1092000;3.00;
38FWZZ3ILTDK8ICQRL4PWREV0HIYN7.png;0.1569,0.0890,0.0915,0.1023,0.0000,0.0323,0.0000,0.0130,0.0000,0.0000,0.0000,0.0000,;5,1,0,0,0,0,0,0,0,0,0,;0.0808;4;4;1456000;4.00;
38GRQLZZQQCOARQX7FK2NWOBS4K0CN.png;0.0000,0.0000,0.0000,0.0000,0.0000,0.0000,0.0000,0.0000,0.0000,0.0000,0.0000,0.0000,;0,0,0,0,0,0,0,0,0,0,0,;NaN;0;
38IOEK81UIQHG7BFV93TAAEQ3W496W.png;0.0449,0.5249,0.0000,0.0000,0.0000,0.0000,0.0000,0.0000,0.0000,0.0000,0.0000,0.0000,;1,0,0,0,0,1,0,0,0,0,0,;0.2849;1;1;364000;1.00;
38LYNH3Q4ODLGFNEHSAP2J87XNZMGY.png;0.2434,0.0439,0.0828,0.0810,0.0000,0.0000,0.0000,0.0000,0.0000,0.0000,0.0000,0.0000,;3,0,1,0,0,0,0,0,0,0,0,;0.1128;1;1;364000;1.00;
38LYNH3Q5PUFYTLC9WG1VAJL0LTGM5.png;0.1630,0.1882,0.2162,0.1073,0.0000,0.2487,0.0000,0.0816,0.0692,0.0000,0.0000,0.0000,;3,2,2,0,0,0,0,0,0,0,0,;0.1535;4;4;1456000;4.00;
38MNOT6KWIG21RX6PKH1YJB8VKDT05.png;0.1162,0.0000,0.0000,0.0000,0.0000,0.0000,0.0000,0.0000,0.0000,0.0000,0.0000,0.0000,;0,1,0,0,0,0,0,0,0,0,0,;0.1162;1;1;364000;1.00;
38MNOT6KWIG21RX6PKH1YJB8VKDT05_1.png;0.5142,0.0000,0.0000,0.0000,0.0000,0.0000,0.0000,0.0000,0.0000,0.0000,0.0000,0.0000,;0,0,0,0,0,1,0,0,0,0,0,;0.5142;1;1;364000;1.00;
38MNOT6KWIG21RX6PKH1YJB8VKDT05_2.png;0.2569,0.0000,0.0000,0.0000,0.0000,0.0000,0.0000,0.0000,0.0000,0.0000,0.0000,0.0000,;0,0,1,0,0,0,0,0,0,0,0,;0.2569;1;1;364000;1.00;
38NH2CI7ROPJ1MAJ3F139HJ5CPPVU5.png;0.1354,0.3567,0.0262,0.0594,0.0000,0.0006,0.0000,0.1282,0.0000,0.0000,0.0000,0.0230,;3,2,0,1,0,0,0,0,0,0,0,;0.1042;3;2;728000;1.50;
38NH2CI7SPCMWUJ4T62C2GD654VVUY.png;0.0504,0.0079,0.0109,0.0107,0.0000,0.0481,0.0000,0.0573,0.0138,0.0000,0.0000,0.0138,;7,0,0,0,0,0,0,0,0,0,0,;0.0266;3;2;728000;1.50;
38VQ1AW9T5WCGLEK2ZAP9I6I4O826I.png;0.1124,0.0360,0.0781,0.1191,0.0000,0.0981,0.0000,0.0228,0.0000,0.0000,0.0000,0.0000,;4,2,0,0,0,0,0,0,0,0,0,;0.0778;4;2;728000;4.00;
390EOHYPK4Q05K2TRHZ1W9N0LW8X3W.png;0.0354,0.0044,0.0000,0.0000,0.0000,0.0000,0.0000,0.0425,0.0000,0.0000,0.0000,0.0000,;2,0,0,0,0,0,0,0,0,0,0,;0.0274;2;1;364000;2.00;
39393HGTI5QMIY6JHIT1M5IIGWJEOF.png;0.2840,0.1548,0.1801,0.1358,0.0000,0.1624,0.0000,0.1339,0.0327,0.0000,0.0000,0.0000,;1,5,1,0,0,0,0,0,0,0,0,;0.1548;3;2;728000;1.50;
394TEHR260P29GUZO0UUQSDZ63O65J.png;0.1304,0.0000,0.0000,0.0000,0.0000,0.0000,0.0000,0.0000,0.0000,0.0000,0.0000,0.0000,;0,1,0,0,0,0,0,0,0,0,0,;0.1304;1;1;364000;1.00;
39PLFW4P2L2RPNN40J9QB1XCZ2O4HT.png;0.0965,0.0247,0.0173,0.0055,0.0000,0.0155,0.0000,0.0142,0.0261,0.0000,0.0000,0.0219,;7,0,0,0,0,0,0,0,0,0,0,;0.0277;1;1;364000;1.00;
39UNKKTVDF8Y9H8JFO9U930XMBHYGJ.png;0.0059,0.0000,0.0000,0.0000,0.0000,0.0000,0.0000,0.0000,0.0000,0.0000,0.0000,0.0000,;0,0,0,0,0,0,0,0,0,0,0,;0.0059;1;1;364000;1.00;
39UNKKTVDFFX9VEX2EW7RYBUQ2JGYD.png;0.1611,0.1430,0.1660,0.0884,0.0000,0.0402,0.0000,0.0000,0.0000,0.0000,0.0000,0.0000,;2,3,0,0,0,0,0,0,0,0,0,;0.1197;3;3;1092000;3.00;
39VNNFFKK59EW3XI1HP5P046ZAXXVP.png;0.0247,0.0000,0.0000,0.0000,0.0000,0.1313,0.0000,0.0832,0.0000,0.0000,0.0000,0.0000,;2,1,0,0,0,0,0,0,0,0,0,;0.0797;2;2;728000;2.00;
39Y8ZSVZWWM1XMK47AFGQNZOPQQVZE.png;0.1248,0.1105,0.0991,0.1668,0.0000,0.0577,0.0000,0.0762,0.0262,0.0000,0.0000,0.0575,;5,3,0,0,0,0,0,0,0,0,0,;0.0899;4;4;1456000;4.00;
39Y8ZSVZXXM4Z9DMIL8I9OJZBK9VZ6.png;0.2474,0.1600,0.0417,0.0000,0.0000,0.0214,0.0000,0.0000,0.0000,0.0000,0.0000,0.0000,;2,1,1,0,0,0,0,0,0,0,0,;0.1176;2;2;728000;2.00;
3AA189Q6B51983MEFLORU493K7KMWE.png;0.2152,0.0651,0.0440,0.0315,0.0000,0.0000,0.0000,0.0000,0.0000,0.0000,0.0000,0.0000,;3,0,1,0,0,0,0,0,0,0,0,;0.0889;1;1;364000;1.00;
3AA189Q6B52Z6L7EV3NS06BHCKRWMY.png;0.1524,0.1287,0.0349,0.0354,0.0000,0.0221,0.0000,0.0116,0.0000,0.0000,0.0000,0.0000,;4,2,0,0,0,0,0,0,0,0,0,;0.0642;2;2;728000;2.00;
3AA189Q6C6N6C9XRHK508ZBLMH8WM3.png;0.1459,0.0237,0.0182,0.0000,0.0000,0.0096,0.0000,0.0067,0.0000,0.0000,0.0000,0.0000,;2,1,0,0,0,0,0,0,0,0,0,;0.0408;1;1;364000;1.00;
3AA189Q6C6TLNJILLV2LOGYDJT7MWV.png;0.0280,0.0187,0.0000,0.0000,0.0000,0.1156,0.0000,0.0417,0.0000,0.0000,0.0000,0.0000,;3,1,0,0,0,0,0,0,0,0,0,;0.0510;1;1;364000;1.00;
3AJ89545NQHYX91N7X3ADUYHKVTBEA.png;0.1279,0.0000,0.0000,0.0000,0.0000,0.2513,0.0000,0.3443,0.0797,0.0000,0.0000,0.0660,;2,1,1,1,0,0,0,0,0,0,0,;0.1738;2;2;728000;2.00;
3AJ89545NQRFJUS6JU65GFBBEJ7BEW.png;0.1720,0.0000,0.0000,0.0000,0.0000,0.0986,0.0000,0.0000,0.0000,0.0000,0.0000,0.0000,;1,1,0,0,0,0,0,0,0,0,0,;0.1353;1;1;364000;1.00;
3AMAQJSW8I20H10ADEKNBNOAVRROI5.png;0.0503,0.0000,0.0000,0.0000,0.0000,0.0000,0.0000,0.0000,0.0000,0.0000,0.0000,0.0000,;1,0,0,0,0,0,0,0,0,0,0,;0.0503;1;1;364000;1.00;
3B9PUZPHFHW5PZT5Q7OV88NG9W6JA5.png;0.1063,0.0897,0.0000,0.0000,0.0000,0.0417,0.0000,0.0000,0.0000,0.0000,0.0000,0.0000,;3,0,0,0,0,0,0,0,0,0,0,;0.0792;2;2;728000;2.00;
3BGEFHL0JHEL8I3UU0A0G1OJRYOJBS.png;0.0668,0.2351,0.2275,0.1192,0.0000,0.1299,0.0000,0.1479,0.0419,0.0000,0.0000,0.0597,;3,3,2,0,0,0,0,0,0,0,0,;0.1285;4;4;1456000;4.00;
3BHOG8KFNLAK9AB1ZQLEP6Q0T3RR81.png;0.3052,0.3393,0.2893,0.3725,0.0000,0.1412,0.0000,0.1522,0.0144,0.0000,0.0000,0.0055,;1,2,2,2,0,0,0,0,0,0,0,;0.2024;4;4;1456000;4.00;
3BK5FW2G6MZ18ENS8D29GOXE9AHRCA.png;0.1062,0.0780,0.0000,0.0000,0.0000,0.0000,0.0000,0.0000,0.0000,0.0000,0.0000,0.0000,;2,0,0,0,0,0,0,0,0,0,0,;0.0921;1;1;364000;1.00;
3BRG9Q58M1LAH7AQ01RWX47CRWFYQ2.png;0.1237,0.0600,0.1371,0.0754,0.0000,0.0000,0.0000,0.0000,0.0000,0.0000,0.0000,0.0000,;2,2,0,0,0,0,0,0,0,0,0,;0.0991;2;1;364000;2.00;
3BZN229KV5TWHZF32GLR8LCC1TX6DS.png;0.0720,0.0879,0.0041,0.0107,0.0000,0.0053,0.0000,0.0104,0.0000,0.0000,0.0000,0.0000,;4,0,0,0,0,0,0,0,0,0,0,;0.0317;2;2;728000;2.00;
3C2UN3Y7UJLGZT23JF159R7GHEFMFI.png;0.1706,0.3545,0.3414,0.3135,0.0000,0.0903,0.0000,0.1030,0.1240,0.0000,0.0000,0.0529,;3,2,0,3,0,0,0,0,0,0,0,;0.1938;3;3;1092000;3.00;
3CF7EZI55RWEYNZ9U956QWWUG93IL2.png;0.1347,0.0858,0.0112,0.0000,0.0000,0.0956,0.0000,0.0973,0.0002,0.0000,0.0000,0.0064,;4,1,0,0,0,0,0,0,0,0,0,;0.0616;4;4;1456000;4.00;
3CP9VRCFS74RV9VXRUIMMBYWTQDUEZ.png;0.0404,0.0737,0.0000,0.0000,0.0000,0.0000,0.0000,0.0000,0.0000,0.0000,0.0000,0.0000,;2,0,0,0,0,0,0,0,0,0,0,;0.0570;1;1;364000;1.00;
3CTCX9NXB5M1LSUM0XPXZV8QE2WLJA.png;0.1877,0.0792,0.1149,0.3947,0.0000,0.1756,0.0000,0.1998,0.2906,0.0000,0.0000,0.0850,;2,4,1,1,0,0,0,0,0,0,0,;0.1909;3;3;1092000;3.00;
3CTCX9NXC67QIV0KKFDEFSMCFTJJLN.png;0.2149,0.4768,0.1398,0.0000,0.0000,0.1000,0.0000,0.0000,0.0521,0.0000,0.0000,0.0000,;2,1,1,0,1,0,0,0,0,0,0,;0.1967;2;2;728000;2.00;
3CVHT3IKUYKSX9WRAWTF52715RU0R4.png;0.2284,0.1040,0.1401,0.0000,0.0000,0.1090,0.0000,0.0917,0.0000,0.0000,0.0000,0.0000,;3,1,1,0,0,0,0,0,0,0,0,;0.1346;2;1;364000;2.00;
3CYDGW98NMPSZAAQ0W8MOBJZSSBOM6.png;0.2194,0.1016,0.0992,0.0125,0.0000,0.2296,0.0000,0.2367,0.0259,0.0000,0.0000,0.0128,;5,0,3,0,0,0,0,0,0,0,0,;0.1172;3;2;728000;1.50;
3D00S7P7YG22I1NWJE5APKC40DIEZA.png;0.2228,0.0499,0.0103,0.0000,0.0000,0.0014,0.0000,0.0000,0.0000,0.0000,0.0000,0.0000,;2,0,1,0,0,0,0,0,0,0,0,;0.0711;1;1;364000;1.00;
3D3KZYB02J3NX4IAX3WJJNSJTAYV8O.png;0.2775,0.1301,0.1185,0.0000,0.0000,0.0419,0.0000,0.0000,0.0000,0.0000,0.0000,0.0000,;1,2,1,0,0,0,0,0,0,0,0,;0.1420;1;1;364000;1.00;
3D3KZYB03KLUXQ4AWC4FKH86OYE8VD.png;0.0637,0.0000,0.0000,0.0000,0.0000,0.0000,0.0000,0.0000,0.0000,0.0000,0.0000,0.0000,;1,0,0,0,0,0,0,0,0,0,0,;0.0637;1;1;364000;1.00;
3D3X1L1OBIRB9XRZKHJ79UYYYTK1VU.png;0.0176,0.0105,0.0103,0.0104,0.0000,0.1558,0.0000,0.1557,0.0068,0.0000,0.0000,0.0034,;4,2,0,0,0,0,0,0,0,0,0,;0.0463;2;2;728000;2.00;
3D3X1L1OBIRB9XRZKHJ79UYYYTK1VU_1.png;0.0763,0.0095,0.0101,0.0000,0.0000,0.0406,0.0000,0.0000,0.0000,0.0000,0.0000,0.0000,;3,0,0,0,0,0,0,0,0,0,0,;0.0341;2;1;364000;2.00;
3D3X1L1OBIRB9XRZKHJ79UYYYTK1VU_2.png;0.0231,0.0109,0.0109,0.0081,0.0000,0.2143,0.0000,0.1843,0.0125,0.0000,0.0000,0.0049,;4,1,1,0,0,0,0,0,0,0,0,;0.0586;2;2;728000;2.00;
3D7N1211O74L32LV8ZFDVQWGH61MAZ.png;0.0248,0.0315,0.1510,0.0392,0.0000,0.0759,0.0000,0.0766,0.0000,0.0000,0.0000,0.0000,;5,1,0,0,0,0,0,0,0,0,0,;0.0665;3;3;1092000;3.00;
3D7N1211P8PBU1MJEXLJFBT15KWAMH.png;0.1267,0.0410,0.0448,0.0367,0.0000,0.0697,0.0000,0.0436,0.0023,0.0000,0.0000,0.0011,;5,1,0,0,0,0,0,0,0,0,0,;0.0457;2;1;364000;2.00;
3D8B00U52IVJZWECZOBXRVFXL2U83O.png;0.0937,0.0000,0.0000,0.0000,0.0000,0.0869,0.0000,0.0000,0.0036,0.0000,0.0000,0.0000,;2,0,0,0,0,0,0,0,0,0,0,;0.0614;2;1;364000;2.00;
3D8B00U52IVJZWECZOBXRVFYHAV833.png;0.0891,0.0008,0.0000,0.1118,0.0000,0.0000,0.0000,0.0076,0.0000,0.0000,0.0000,0.0000,;1,1,0,0,0,0,0,0,0,0,0,;0.0523;2;2;728000;2.00;
3DBJK6OC3AF4JLMP40JUKZIT4XNYF3.png;0.2779,0.0348,0.1007,0.0000,0.0000,0.1887,0.0000,0.0755,0.1110,0.0000,0.0000,0.0000,;3,2,1,0,0,0,0,0,0,0,0,;0.1314;2;1;364000;2.00;
3DCXWU0MSDB2RCYGDPZ82R371ZGTVX.png;0.1191,0.1743,0.1932,0.0040,0.0000,0.0013,0.0000,0.0000,0.0000,0.0000,0.0000,0.0000,;0,3,0,0,0,0,0,0,0,0,0,;0.0984;3;3;1092000;3.00;
3DECMKXKT815JCLN1RI1KKDJDFAMBB.png;0.2978,0.3175,0.2416,0.3332,0.0000,0.0498,0.0000,0.2074,0.0000,0.0000,0.0000,0.0187,;2,1,2,2,0,0,0,0,0,0,0,;0.2094;4;4;1456000;4.00;
3DHOXWJRSC3OAPE5AL86OV64DJCT3O.png;0.2701,0.2183,0.1379,0.0347,0.0000,0.0235,0.0000,0.0328,0.0000,0.0000,0.0000,0.0118,;4,1,2,0,0,0,0,0,0,0,0,;0.1041;3;3;1092000;3.00;
3DPZKFEUURUGTQUQB4SOUUG5ZFPI4V.png;0.1500,0.0955,0.0825,0.0161,0.0000,0.1757,0.0000,0.0000,0.0000,0.0000,0.0000,0.0000,;3,2,0,0,0,0,0,0,0,0,0,;0.1040;2;1;364000;2.00;
3DPZKFEUVSIPT2ERNEAT4GS1UAKI44.png;0.2031,0.3326,0.1885,0.1439,0.0000,0.0863,0.0000,0.1013,0.0000,0.0000,0.0000,0.1013,;3,3,0,1,0,0,0,0,0,0,0,;0.1653;3;3;1092000;3.00;
3DXFGU9SKN7P79WJOTN6EK4MLG3EXS.png;0.1310,0.0688,0.0418,0.0403,0.0000,0.0135,0.0000,0.0134,0.0073,0.0000,0.0000,0.0073,;5,1,0,0,0,0,0,0,0,0,0,;0.0404;3;3;1092000;3.00;
3DXFGU9SKNVTS8DGXQ8KL6UJIRCXE8.png;0.1019,0.0054,0.0307,0.1562,0.0000,0.0533,0.0000,0.3288,0.0000,0.0000,0.0000,0.0063,;3,1,0,1,0,0,0,0,0,0,0,;0.0975;3;3;1092000;3.00;
3DXFGU9SLODY46WA7XIQCVBUTMKEXQ.png;0.2855,0.2834,0.0406,0.0147,0.0000,0.0000,0.0000,0.0000,0.0000,0.0000,0.0000,0.0000,;2,0,2,0,0,0,0,0,0,0,0,;0.1561;2;2;728000;2.00;
3E9JM64F23SDM8DQUQW3OKIR1A0NP8.png;0.1858,0.0000,0.0000,0.1748,0.0000,0.0000,0.0000,0.0892,0.0000,0.0000,0.0000,0.0363,;2,2,0,0,0,0,0,0,0,0,0,;0.1215;2;2;728000;2.00;
3EGCY5R6XYZQLTGPWNN8D6V7K3JYA2.png;0.1555,0.2470,0.1293,0.1567,0.0000,0.1920,0.0000,0.1926,0.0800,0.0000,0.0000,0.1162,;1,6,1,0,0,0,0,0,0,0,0,;0.1587;3;3;1092000;3.00;
3EJ1F91ANSU6O8N3S3NGZ4GVCA2IZW.png;0.1145,0.0641,0.0051,0.0096,0.0000,0.0017,0.0000,0.0032,0.0000,0.0000,0.0000,0.0000,;1,1,0,0,0,0,0,0,0,0,0,;0.0330;2;2;728000;2.00;
3EOZAW7619J5YKCNUIDNV84T8098HV.png;0.3041,0.1000,0.2377,0.5182,0.0000,0.1046,0.0000,0.4030,0.0138,0.0000,0.0000,0.3402,;3,0,2,2,0,1,0,0,0,0,0,;0.2527;4;4;1456000;4.00;
3EOZAW762AHX3MFSNYKKE4EQ4INH8Q.png;0.0723,0.1352,0.0893,0.0127,0.0000,0.1859,0.0000,0.0255,0.0146,0.0000,0.0000,0.0197,;6,2,0,0,0,0,0,0,0,0,0,;0.0694;4;4;1456000;4.00;
3ERG9KP7KAETHL286FNRQ00RYLWCHM.png;0.1119,0.0079,0.0148,0.0516,0.0000,0.1328,0.0000,0.0970,0.0036,0.0000,0.0000,0.0000,;3,2,0,0,0,0,0,0,0,0,0,;0.0599;3;2;728000;1.50;
3EULM6QNGEDGI0DDZ62WA3R8YV4JXB.png;0.0398,0.0000,0.0000,0.0000,0.0000,0.0417,0.0000,0.0000,0.0000,0.0000,0.0000,0.0000,;2,0,0,0,0,0,0,0,0,0,0,;0.0408;1;1;364000;1.00;
3EX6YJ62T6GKTDIQJCCYD4JMD62ZJG.png;0.1134,0.0000,0.0000,0.0129,0.0000,0.0503,0.0000,0.2066,0.0000,0.0000,0.0000,0.0130,;3,2,0,0,0,0,0,0,0,0,0,;0.0792;2;1;364000;2.00;
3EXC7SWSR38EV80UNYXZTOBA3ESHT8.png;0.0947,0.0517,0.0033,0.0000,0.0000,0.0906,0.0000,0.0000,0.0000,0.0000,0.0000,0.0000,;3,0,0,0,0,0,0,0,0,0,0,;0.0601;2;1;364000;2.00;
3F0Z1FPMUNUP6TOTMH2XGS6T5GJLYU.png;0.0358,0.0616,0.2164,0.2791,0.0000,0.2163,0.0000,0.0000,0.0660,0.0000,0.0000,0.0000,;3,0,3,0,0,0,0,0,0,0,0,;0.1459;3;2;728000;1.50;
3F0Z1FPMUNWB7D1EFV5M6IVBAHELYR.png;0.1441,0.1239,0.2027,0.0422,0.0000,0.0679,0.0000,0.0000,0.0000,0.0000,0.0000,0.0000,;2,3,0,0,0,0,0,0,0,0,0,;0.1162;3;3;1092000;3.00;
3F12ASV6AWHSTTB7IFZKMVGLLVZM46.png;0.2922,0.2991,0.0935,0.1198,0.0000,0.0000,0.0000,0.0000,0.0000,0.0000,0.0000,0.0000,;1,1,2,0,0,0,0,0,0,0,0,;0.2012;2;2;728000;2.00;
3F2SNR5B8MKSI92Q9DG0FV11BKO0HL.png;0.0459,0.0268,0.0176,0.0273,0.0000,0.0068,0.0000,0.0196,0.0000,0.0000,0.0000,0.0000,;5,0,0,0,0,0,0,0,0,0,0,;0.0240;3;3;1092000;3.00;
3FKD865UZQBJZ4661LLBINGEMFPMUJ.png;0.1439,0.1854,0.0000,0.0000,0.0000,0.0000,0.0000,0.0000,0.0000,0.0000,0.0000,0.0000,;0,2,0,0,0,0,0,0,0,0,0,;0.1647;1;1;364000;1.00;
3FKD865UZQBJZ4661LLBINGENHPMUO.png;0.0590,0.0731,0.0000,0.0000,0.0000,0.0000,0.0000,0.0000,0.0000,0.0000,0.0000,0.0000,;2,0,0,0,0,0,0,0,0,0,0,;0.0661;1;1;364000;1.00;
3FKD865UZQG0HB1FDHAJVT0FL3FMUG.png;0.1297,0.1072,0.0455,0.0000,0.0000,0.0084,0.0000,0.0000,0.0000,0.0000,0.0000,0.0000,;2,1,0,0,0,0,0,0,0,0,0,;0.0727;2;2;728000;2.00;
3FOA7RUSUPLLDDXZNITMB1EHL6FPGL.png;0.1816,0.0668,0.0000,0.0269,0.0000,0.0422,0.0000,0.1569,0.0639,0.0000,0.0000,0.0026,;4,2,0,0,0,0,0,0,0,0,0,;0.0773;2;1;364000;2.00;
3FQJF6D1R1SUSJ130G368H5I02G92S.png;0.4315,0.2495,0.0000,0.0000,0.0000,0.0127,0.0000,0.0000,0.0000,0.0000,0.0000,0.0000,;1,0,1,0,1,0,0,0,0,0,0,;0.2312;2;2;728000;2.00;
3FQJF6D1S2STVEIP11IICRPWDI892M.png;0.2946,0.0000,0.0000,0.0000,0.0000,0.0000,0.0000,0.0000,0.0000,0.0000,0.0000,0.0000,;0,0,1,0,0,0,0,0,0,0,0,;0.2946;1;1;364000;1.00;
3G2I6FODBC43UCDM72LBPP8Z9I0L60.png;0.0884,0.0000,0.0000,0.0000,0.0000,0.0000,0.0000,0.0000,0.0000,0.0000,0.0000,0.0000,;1,0,0,0,0,0,0,0,0,0,0,;0.0884;1;1;364000;1.00;
3GAR7VLBJNDRH4HH5ZWWCFRBGXZ4Y9.png;0.2162,0.1696,0.2280,0.1412,0.0000,0.2872,0.0000,0.0700,0.0613,0.0000,0.0000,0.0275,;3,2,3,0,0,0,0,0,0,0,0,;0.1501;4;4;1456000;4.00;
3GAR7VLBJNEKQVA3XEJQ66MZFEXY4T.png;0.1936,0.0424,0.0247,0.0376,0.0000,0.0000,0.0000,0.0000,0.0000,0.0000,0.0000,0.0000,;3,1,0,0,0,0,0,0,0,0,0,;0.0746;1;1;364000;1.00;
3GBCJUK5C2GRHG97MHYVG9NBQMOPK9.png;0.2113,0.2254,0.0573,0.1060,0.0000,0.0257,0.0000,0.0000,0.0000,0.0000,0.0000,0.0000,;3,0,2,0,0,0,0,0,0,0,0,;0.1251;2;2;728000;2.00;
3GBCJUK5C2NMDEDWS686X6QI2G8KP3.png;0.0000,0.0000,0.0000,0.0000,0.0000,0.0000,0.0000,0.0000,0.0000,0.0000,0.0000,0.0000,;0,0,0,0,0,0,0,0,0,0,0,;NaN;0;
3GC8IVJ10EOCB71QWZ4YFX98VOS9NN.png;0.1042,0.0850,0.3222,0.2405,0.0000,0.0931,0.0000,0.1409,0.0000,0.0000,0.0000,0.0916,;4,1,1,1,0,0,0,0,0,0,0,;0.1539;2;1;364000;2.00;
3GRRK9BQWRDBESRD36S5634M392PD9.png;0.0000,0.0000,0.0670,0.0870,0.0000,0.0193,0.0000,0.0000,0.0000,0.0000,0.0000,0.0000,;3,0,0,0,0,0,0,0,0,0,0,;0.0578;2;1;364000;2.00;
3GRRK9BQWRPD54OGKFA4YQ8537VPDJ.png;0.1684,0.0082,0.0091,0.0076,0.0000,0.0000,0.0000,0.0000,0.0092,0.0000,0.0000,0.0077,;0,1,0,0,0,0,0,0,0,0,0,;0.0350;1;1;364000;1.00;
3GZMSD8U5X9MRGKQIZ546O8UKB695Q.png;0.1262,0.2657,0.3294,0.1337,0.0000,0.0000,0.0000,0.0001,0.0000,0.0000,0.0000,0.0000,;0,2,1,1,0,0,0,0,0,0,0,;0.1710;2;2;728000;2.00;
3GZMSD8U5X9MRGKQIZ546O8UKC795T.png;0.1193,0.0901,0.0183,0.3242,0.0000,0.0338,0.0000,0.0107,0.0000,0.0000,0.0000,0.0000,;4,1,0,1,0,0,0,0,0,0,0,;0.0994;2;2;728000;2.00;
3GZMSD8U6Y8M82W4VRHXFG1G1IS95R.png;0.1633,0.1568,0.0754,0.0000,0.0000,0.0107,0.0000,0.0000,0.0000,0.0000,0.0000,0.0000,;2,2,0,0,0,0,0,0,0,0,0,;0.1016;2;2;728000;2.00;
3H41Q6XMRNJ731MM548PSMBGOYMG2I.png;0.2458,0.1179,0.0807,0.0912,0.0000,0.0000,0.0000,0.0000,0.0000,0.0000,0.0000,0.0000,;2,1,1,0,0,0,0,0,0,0,0,;0.1339;1;1;364000;1.00;
3H41Q6XMRNUCK2PCFPR6Y35LJFT2GW.png;0.0000,0.0707,0.0225,0.0000,0.0000,0.0191,0.0000,0.0000,0.0000,0.0000,0.0000,0.0000,;3,0,0,0,0,0,0,0,0,0,0,;0.0374;1;1;364000;1.00;
3H5CSD5832HNKRNN8SDJ6TWED17E80.png;0.1096,0.1874,0.1694,0.1018,0.0000,0.3209,0.0000,0.0302,0.0889,0.0000,0.0000,0.0345,;5,2,0,1,0,0,0,0,0,0,0,;0.1303;3;3;1092000;3.00;
3H5CSD5832HNKRNN8SDJ6TWL583E8G.png;0.0929,0.0168,0.0000,0.0000,0.0000,0.0122,0.0000,0.0000,0.0129,0.0000,0.0000,0.0000,;4,0,0,0,0,0,0,0,0,0,0,;0.0337;1;1;364000;1.00;
3HBZ8AD97D3GZ7VEBIN9M1728BDNN9.png;0.0862,0.0000,0.0329,0.0162,0.0000,0.1440,0.0000,0.1424,0.0334,0.0000,0.0000,0.0166,;5,2,0,0,0,0,0,0,0,0,0,;0.0674;3;2;728000;1.50;
3HBZ8AD97D3GZ7VEBIN9M18U9EHNN5.png;0.0924,0.1154,0.0812,0.0964,0.0000,0.0428,0.0000,0.0552,0.0074,0.0000,0.0000,0.0038,;5,1,0,0,0,0,0,0,0,0,0,;0.0618;4;4;1456000;4.00;
3HL3WX653BXN6QCFW6M6ATC7KPGPQT.png;0.3217,0.0000,0.0529,0.0897,0.0000,0.0473,0.0000,0.0709,0.0343,0.0000,0.0000,0.0669,;6,0,0,1,0,0,0,0,0,0,0,;0.0977;1;1;364000;1.00;
3HQI26VRPRS5H4RSBPY2KOCMRQ13R0.png;0.0619,0.0617,0.0773,0.0447,0.0000,0.0129,0.0000,0.0425,0.0000,0.0000,0.0000,0.0000,;6,0,0,0,0,0,0,0,0,0,0,;0.0502;3;3;1092000;3.00;
3HVLA9UQN4GKVQOHDHMDH1A7KETU66.png;0.2034,0.1891,0.1080,0.1175,0.0000,0.0204,0.0000,0.0539,0.0000,0.0000,0.0000,0.0151,;4,3,0,0,0,0,0,0,0,0,0,;0.1011;4;4;1456000;4.00;
3HYDIS22CWMMEZBE3G64NG7ZMZON5V.png;0.4202,0.0794,0.0166,0.0170,0.0000,0.0119,0.0000,0.0000,0.0000,0.0000,0.0000,0.0000,;4,0,0,0,1,0,0,0,0,0,0,;0.1090;1;1;364000;1.00;
3HYDIS22DXJRRCQBI3AE9ELUHK15NC.png;0.0665,0.0000,0.0000,0.0000,0.0000,0.0125,0.0000,0.0067,0.1215,0.0000,0.0000,0.0773,;3,1,0,0,0,0,0,0,0,0,0,;0.0569;3;2;728000;1.50;
3I21NMEA63DY0BA82BXKKSLPMBYSHT.png;0.2374,0.2370,0.1804,0.0668,0.0000,0.0144,0.0000,0.0125,0.0037,0.0000,0.0000,0.0656,;4,1,2,0,0,0,0,0,0,0,0,;0.1022;3;3;1092000;3.00;
3I21NMEA63DY0BA82BXKKSLPMBYSHT_1.png;0.3228,0.1629,0.3896,0.2320,0.0000,0.0938,0.0000,0.0387,0.0000,0.0000,0.0000,0.0498,;3,1,1,2,0,0,0,0,0,0,0,;0.1842;3;2;728000;1.50;
3I21NMEA63DY0BA82BXKKSLPMBYSHT_2.png;0.2866,0.1982,0.2104,0.1792,0.0000,0.0423,0.0000,0.0288,0.0000,0.0000,0.0000,0.0219,;3,2,2,0,0,0,0,0,0,0,0,;0.1382;4;4;1456000;4.00;
3I3RVCR3FK2XEB4GMX9G7IJ2RLH6XI.png;0.0849,0.0000,0.0000,0.0160,0.0000,0.0056,0.0000,0.0521,0.0000,0.0000,0.0000,0.0013,;3,0,0,0,0,0,0,0,0,0,0,;0.0267;2;1;364000;2.00;
3I5ZXD44IULX7AZS354F5V5W46GJCA.png;0.0906,0.0000,0.0153,0.0053,0.0000,0.0271,0.0000,0.0438,0.0044,0.0000,0.0000,0.0190,;5,0,0,0,0,0,0,0,0,0,0,;0.0294;2;1;364000;2.00;
3I5ZXD44JV69M8DWVE4I5ER80XVCJX.png;0.0878,0.0442,0.0444,0.0443,0.0000,0.0538,0.0000,0.0490,0.0017,0.0000,0.0000,0.0015,;6,0,0,0,0,0,0,0,0,0,0,;0.0408;6;6;2184000;6.00;
3I5ZXD44JV69M8DWVE4I5ER80XVCJX_1.png;0.1562,0.0366,0.0330,0.0439,0.0000,0.0414,0.0000,0.0734,0.0000,0.0000,0.0000,0.0016,;5,1,0,0,0,0,0,0,0,0,0,;0.0552;2;1;364000;2.00;
3I5ZXD44JV69M8DWVE4I5ER80XVCJX_2.png;0.1117,0.0406,0.0451,0.0474,0.0000,0.0500,0.0000,0.0585,0.0018,0.0000,0.0000,0.0018,;5,1,0,0,0,0,0,0,0,0,0,;0.0446;5;5;1820000;5.00;
3I5ZXD44JVHG9J4AOHWFS96B5XBJCP.png;0.1006,0.0200,0.0601,0.0632,0.0000,0.0606,0.0000,0.0537,0.0000,0.0000,0.0000,0.0000,;6,0,0,0,0,0,0,0,0,0,0,;0.0597;4;2;728000;4.00;
3ID43DSF5JBJ2SZGW2H8HR9RGRT5G5.png;0.0323,0.0518,0.0303,0.0000,0.0000,0.0368,0.0000,0.0000,0.0000,0.0000,0.0000,0.0000,;4,0,0,0,0,0,0,0,0,0,0,;0.0378;1;1;364000;1.00;
3IE95L92ROOBGIB0W5PPNWUUL5E7M3.png;0.0842,0.0000,0.0000,0.0000,0.0000,0.0000,0.0000,0.0000,0.0000,0.0000,0.0000,0.0000,;1,0,0,0,0,0,0,0,0,0,0,;0.0842;1;1;364000;1.00;
3IOQH27Z2E4FFLJVR8TNNB4HIMC1IN.png;0.2800,0.0000,0.0000,0.0000,0.0000,0.0266,0.0000,0.1192,0.0252,0.0000,0.0000,0.1655,;2,2,1,0,0,0,0,0,0,0,0,;0.1233;2;1;364000;2.00;
3IR329NZ7YGB0BGT612CO4BTUIW2K0.png;0.0000,0.0000,0.0000,0.0000,0.0000,0.0000,0.0000,0.0000,0.0000,0.0000,0.0000,0.0000,;0,0,0,0,0,0,0,0,0,0,0,;NaN;0;
3IRUE3ZCDH3J5468JOOGJ1Y2ZWZIC5.png;0.2346,0.2659,0.0690,0.0000,0.0000,0.0644,0.0000,0.1821,0.0153,0.0000,0.0000,0.1759,;3,2,2,0,0,0,0,0,0,0,0,;0.1439;4;2;728000;4.00;
3IXQCB6XI8S61DI53P5ICGI2I9BTIR.png;0.2420,0.2743,0.1330,0.1020,0.0000,0.1314,0.0000,0.1035,0.1185,0.0000,0.0000,0.0675,;3,3,2,0,0,0,0,0,0,0,0,;0.1465;2;2;728000;2.00;
3J06FGISLU272UJU8S9F5O38AK5K50.png;0.0695,0.0062,0.0021,0.0051,0.0000,0.1489,0.0000,0.2484,0.0000,0.0000,0.0000,0.0002,;1,1,1,0,0,0,0,0,0,0,0,;0.0686;3;2;728000;1.50;
3J06FGISMVRO4EVZMT2NFJ1KME95KI.png;0.1538,0.0265,0.0867,0.0000,0.0000,0.0487,0.0000,0.0000,0.0000,0.0000,0.0000,0.0000,;3,1,0,0,0,0,0,0,0,0,0,;0.0789;2;1;364000;2.00;
3J567DP9LLBDQUW0322ZJ0FWFWZFPB.png;0.1780,0.0268,0.1489,0.1569,0.0000,0.0183,0.0000,0.0235,0.0241,0.0000,0.0000,0.0903,;5,3,0,0,0,0,0,0,0,0,0,;0.0834;4;2;728000;2.00;
3J5HEGTZRLQ9SE8SW9LZS2A15OXGGI.png;0.0000,0.0000,0.0000,0.0000,0.0000,0.0000,0.0000,0.0000,0.0000,0.0000,0.0000,0.0000,;0,0,0,0,0,0,0,0,0,0,0,;NaN;0;
3JCELWMC4PY7J05E7LXQXNDWO6Y3V4.png;0.1357,0.0160,0.0157,0.0156,0.0000,0.0923,0.0000,0.0948,0.0012,0.0000,0.0000,0.0007,;5,1,0,0,0,0,0,0,0,0,0,;0.0465;3;2;728000;1.50;
3JG2O8WUZH7UTHWSYCP6CNBWVH79WZ.png;0.0849,0.0584,0.0202,0.0480,0.0000,0.0349,0.0000,0.0152,0.0070,0.0000,0.0000,0.0000,;6,0,0,0,0,0,0,0,0,0,0,;0.0384;3;3;1092000;3.00;
3JGBBKK855Q5HY1J6RVO56S97I9J0I.png;0.1696,0.0794,0.0132,0.0192,0.0000,0.0000,0.0000,0.0000,0.0000,0.0000,0.0000,0.0000,;3,1,0,0,0,0,0,0,0,0,0,;0.0704;2;2;728000;2.00;
3JGLGV9D6KL86TQHYYZCMI0V13JD5Y.png;0.0443,0.0712,0.0178,0.0246,0.0000,0.0490,0.0000,0.0188,0.0000,0.0000,0.0000,0.0000,;6,0,0,0,0,0,0,0,0,0,0,;0.0376;3;3;1092000;3.00;
3JT4BYK2Y4IL1Z22PAHP7P5PI0U2WH.png;0.0768,0.0000,0.0000,0.0000,0.0000,0.0000,0.0000,0.0000,0.0000,0.0000,0.0000,0.0000,;1,0,0,0,0,0,0,0,0,0,0,;0.0768;1;1;364000;1.00;
3K0G5SYN9K0M6D335K10A1FE8RM8MU.png;0.2648,0.4224,0.2082,0.2322,0.0000,0.0681,0.0000,0.1255,0.0278,0.0000,0.0000,0.0054,;2,2,2,0,1,0,0,0,0,0,0,;0.1693;4;4;1456000;4.00;
3K0G5SYNALYS7SB8UL3I5RQZNM3M85.png;0.0876,0.2340,0.2287,0.1640,0.0000,0.2443,0.0000,0.1761,0.0560,0.0000,0.0000,0.0466,;3,2,3,0,0,0,0,0,0,0,0,;0.1547;5;5;1820000;5.00;
3K0T7FOBIJOUXM7ZLBPJYBSGQYWM14.png;0.1328,0.0838,0.0958,0.0000,0.0000,0.1066,0.0000,0.0417,0.0001,0.0000,0.0000,0.0000,;4,1,0,0,0,0,0,0,0,0,0,;0.0768;4;4;1456000;4.00;
3K27O5FVBZ6Y1U1OKHZVRLOYVIWW5C.png;0.1325,0.0464,0.0350,0.0412,0.0000,0.0142,0.0000,0.0146,0.0114,0.0000,0.0000,0.0111,;7,1,0,0,0,0,0,0,0,0,0,;0.0383;3;3;1092000;3.00;
3K3X4GGOSLN6JKEE0NBXYD5PSA6MC7.png;0.3111,0.0000,0.1726,0.0833,0.0000,0.0584,0.0000,0.0269,0.0000,0.0000,0.0000,0.0040,;3,1,0,1,0,0,0,0,0,0,0,;0.1094;2;1;364000;2.00;
3K3X4GGOSLN6JKEE0NBXYD5PV12MCO.png;0.2775,0.1301,0.1185,0.0000,0.0000,0.0419,0.0000,0.0000,0.0000,0.0000,0.0000,0.0000,;1,2,1,0,0,0,0,0,0,0,0,;0.1420;1;1;364000;1.00;
3K3X4GGOSLN9WHITSDB41LMDI6SMCK.png;0.0000,0.0000,0.0000,0.0083,0.0000,0.0000,0.0000,0.2215,0.0000,0.0000,0.0000,0.0000,;0,0,1,0,0,0,0,0,0,0,0,;0.1149;1;1;364000;1.00;
3K9T2ON9ZE5ORLPELXZMHUO84LJMTT.png;0.1342,0.1244,0.0000,0.0000,0.0000,0.0000,0.0000,0.0917,0.0000,0.0000,0.0000,0.0000,;1,2,0,0,0,0,0,0,0,0,0,;0.1168;2;2;728000;2.00;
3KNJI1FZ8L912486RAFQQV3ZEP6NQU.png;0.2041,0.2327,0.3593,0.0583,0.0000,0.2384,0.0000,0.1147,0.1013,0.0000,0.0000,0.0095,;2,2,2,1,0,0,0,0,0,0,0,;0.1648;4;4;1456000;4.00;
3L4EWVFWCZFLPLXQZ7MWBK7MU2X9OK.png;0.1797,0.1696,0.0000,0.0000,0.0000,0.0000,0.0000,0.0000,0.0000,0.0000,0.0000,0.0000,;0,2,0,0,0,0,0,0,0,0,0,;0.1747;1;1;364000;1.00;
3L8V324VIV0JU2BOPG7PUH68F6NF91.png;0.0368,0.0156,0.0000,0.0000,0.0000,0.0000,0.0000,0.0000,0.0000,0.0000,0.0000,0.0000,;2,0,0,0,0,0,0,0,0,0,0,;0.0262;1;1;364000;1.00;
3L8V324VIVQEQ524CR2N49U2T8GF9N.png;0.0908,0.0630,0.0915,0.2520,0.0000,0.1123,0.0000,0.1507,0.0000,0.0000,0.0000,0.0553,;4,2,1,0,0,0,0,0,0,0,0,;0.1165;2;2;728000;2.00;
3LBF4GRVWQC3B97WPKKEJO5WDODDDG.png;0.0237,0.0000,0.0000,0.0000,0.0000,0.0417,0.0000,0.0000,0.0000,0.0000,0.0000,0.0000,;2,0,0,0,0,0,0,0,0,0,0,;0.0327;1;1;364000;1.00;
3LBF4GRVWQSB1V8AOKNI47EZJYMDDE.png;0.2085,0.1616,0.1493,0.1422,0.0000,0.3297,0.0000,0.3197,0.0852,0.0000,0.0000,0.0721,;2,4,0,2,0,0,0,0,0,0,0,;0.1835;3;2;728000;1.50;
3LCM1J6T1CTW3PUN949YD9G6A99CYC.png;0.0369,0.0000,0.1500,0.0000,0.0000,0.0648,0.0000,0.0000,0.0000,0.0000,0.0000,0.0000,;2,1,0,0,0,0,0,0,0,0,0,;0.0839;1;1;364000;1.00;
3LE9INWSFWFC7U06C7E8H83VJHH0ML.png;0.0000,0.0000,0.0485,0.0886,0.0000,0.0101,0.0000,0.0018,0.0000,0.0000,0.0000,0.0000,;3,0,0,0,0,0,0,0,0,0,0,;0.0373;2;1;364000;2.00;
3LJE53CC7VYWE1O3MIQ180XM33HESQ.png;0.0426,0.0000,0.0335,0.0828,0.0000,0.0343,0.0000,0.0270,0.0000,0.0000,0.0000,0.0000,;5,0,0,0,0,0,0,0,0,0,0,;0.0440;1;1;364000;1.00;
3LLXQSS3GH7EI0TIBFCZBVHJUIM2FF.png;0.0000,0.0000,0.0000,0.4326,0.0000,0.0616,0.0000,0.4784,0.0000,0.0000,0.0000,0.0262,;2,0,0,0,2,0,0,0,0,0,0,;0.2497;2;2;728000;2.00;
3LLXQSS3GH7EI0TIBFCZBVHJURL2FW.png;0.0000,0.0000,0.0004,0.4240,0.0000,0.0675,0.0000,0.4620,0.0007,0.0000,0.0000,0.0262,;2,0,0,0,2,0,0,0,0,0,0,;0.1635;2;2;728000;2.00;
3LV0310AAZ0POAIRABRDV0CJ4TWKD9.png;0.1918,0.1835,0.0894,0.0000,0.0000,0.0286,0.0000,0.0691,0.0000,0.0000,0.0000,0.0000,;3,2,0,0,0,0,0,0,0,0,0,;0.1125;2;2;728000;2.00;
3LV0310AAZ5BVL06B1AU1YGZUNKDKM.png;0.0000,0.0000,0.0000,0.0000,0.0000,0.0000,0.0000,0.0000,0.0000,0.0000,0.0000,0.0000,;0,0,0,0,0,0,0,0,0,0,0,;NaN;0;
3LV0310AAZ5BVL06B1AU1YGZUNKDKM_1.png;0.1194,0.0661,0.0999,0.1044,0.0000,0.0872,0.0000,0.0892,0.0000,0.0000,0.0000,0.0000,;5,1,0,0,0,0,0,0,0,0,0,;0.0944;3;2;728000;1.50;
3LV0310AAZ5BVL06B1AU1YGZUNKDKM_2.png;0.1006,0.0849,0.0930,0.0798,0.0000,0.0840,0.0000,0.0666,0.0000,0.0000,0.0000,0.0063,;6,0,0,0,0,0,0,0,0,0,0,;0.0736;5;5;1820000;5.00;
3LV0310AAZ7UO39UCWLZNYY1B3BDKS.png;0.2045,0.0545,0.0601,0.1012,0.0000,0.1289,0.0000,0.1082,0.0112,0.0000,0.0000,0.0000,;5,2,0,0,0,0,0,0,0,0,0,;0.0955;4;4;1456000;4.00;
3LV0310AB0FIJI1LDLADGNAZ3BMKDF.png;0.2216,0.1567,0.2383,0.1453,0.0000,0.2773,0.0000,0.2840,0.1299,0.0000,0.0000,0.0360,;1,3,4,0,0,0,0,0,0,0,0,;0.1861;4;3;1092000;2.00;
3LV0310AB0LE2KPSDVZ5QZ931M3DKU.png;0.1053,0.0809,0.0553,0.0012,0.0000,0.0437,0.0000,0.0081,0.0000,0.0000,0.0000,0.0000,;4,0,0,0,0,0,0,0,0,0,0,;0.0491;3;3;1092000;3.00;
3M35MA94IX9MX6PXAQCG5JTOJ1HNO3.png;0.1379,0.3415,0.2650,0.1850,0.0000,0.1991,0.0000,0.0690,0.0713,0.0000,0.0000,0.0000,;2,3,1,1,0,0,0,0,0,0,0,;0.1812;4;4;1456000;4.00;
3M6KHLIXGO95W4HFFOS373KMUDHIRT.png;0.1067,0.0364,0.0299,0.0559,0.0000,0.0000,0.0000,0.0538,0.0000,0.0000,0.0000,0.0252,;6,0,0,0,0,0,0,0,0,0,0,;0.0513;3;3;1092000;3.00;
3ME56J5KH09H8MTADW07EI1HZMYC6P.png;0.0580,0.0061,0.0043,0.0004,0.0000,0.0132,0.0000,0.0011,0.0000,0.0000,0.0000,0.0000,;2,0,0,0,0,0,0,0,0,0,0,;0.0139;1;1;364000;1.00;
3ME56J5KH0A6OHM7NB7LNJZ2KW86CO.png;0.1253,0.0000,0.0981,0.0311,0.0000,0.0192,0.0000,0.0045,0.0080,0.0000,0.0000,0.0416,;4,1,0,0,0,0,0,0,0,0,0,;0.0468;2;1;364000;2.00;
3MGKBFT74NRL5KAEINTLHYIV1ONSJ5.png;0.0878,0.0000,0.0000,0.0000,0.0000,0.0000,0.0000,0.0000,0.0000,0.0000,0.0000,0.0000,;1,0,0,0,0,0,0,0,0,0,0,;0.0878;1;1;364000;1.00;
3MHMBB6SGFYXPF5WOO57T0Y1YOLKW9.png;0.0877,0.0335,0.0000,0.0000,0.0000,0.0906,0.0000,0.0000,0.0000,0.0000,0.0000,0.0000,;3,0,0,0,0,0,0,0,0,0,0,;0.0706;2;1;364000;2.00;
3MK14RC5NS9WDGLCZVLGWCZQJ24T6G.png;0.0421,0.0429,0.0511,0.0481,0.0000,0.0260,0.0000,0.0292,0.0000,0.0000,0.0000,0.0000,;6,0,0,0,0,0,0,0,0,0,0,;0.0399;4;4;1456000;4.00;
3MK14RC5NS9WDGLCZVLGWCZQJ2BT6N.png;0.0900,0.0081,0.0095,0.0180,0.0000,0.0000,0.0000,0.0000,0.0000,0.0000,0.0000,0.0000,;2,0,0,0,0,0,0,0,0,0,0,;0.0314;1;1;364000;1.00;
3MKP0VNPL180YVBEBVOO0GDECBIJRU.png;0.1496,0.1316,0.0000,0.0000,0.0000,0.0000,0.0000,0.0917,0.0000,0.0000,0.0000,0.0000,;1,2,0,0,0,0,0,0,0,0,0,;0.1243;2;2;728000;2.00;
3MNPSGWWOQV9GBTQIUTZ7HIZXBCPUY.png;0.2272,0.1873,0.0066,0.0752,0.0000,0.0187,0.0000,0.0002,0.0029,0.0000,0.0000,0.0000,;2,1,1,0,0,0,0,0,0,0,0,;0.0740;3;3;1092000;3.00;
3MNYFQMXON9G1T2C2HOQSK4JSIPY01.png;0.1071,0.0335,0.0000,0.0000,0.0000,0.0000,0.0000,0.0000,0.0000,0.0000,0.0000,0.0000,;2,0,0,0,0,0,0,0,0,0,0,;0.0703;1;1;364000;1.00;
3MQJWSYXNGSYPF0J90X7JRB4GS9O5U.png;0.0835,0.0000,0.0000,0.0000,0.0000,0.0000,0.0000,0.0000,0.0000,0.0000,0.0000,0.0000,;1,0,0,0,0,0,0,0,0,0,0,;0.0835;1;1;364000;1.00;
3MQJWSYXOHGDXJ3GAF96UH2KF625OC.png;0.0000,0.0000,0.0000,0.0000,0.0000,0.0000,0.0000,0.0000,0.0000,0.0000,0.0000,0.0000,;0,0,0,0,0,0,0,0,0,0,0,;NaN;0;
3MXFP9RGE565H89AY0KXMF94YTQB2U.png;0.2016,0.0768,0.0455,0.0507,0.0000,0.1261,0.0000,0.2669,0.0184,0.0000,0.0000,0.0577,;5,2,1,0,0,0,0,0,0,0,0,;0.1055;3;2;728000;1.50;
3MXFP9RGE565SQ20JA2GC60T4U4B22.png;0.0473,0.0197,0.0000,0.0000,0.0000,0.0000,0.0000,0.0000,0.0000,0.0000,0.0000,0.0000,;2,0,0,0,0,0,0,0,0,0,0,;0.0335;1;1;364000;1.00;
3N9FD9XF48K5Z4R4YKZ4XC3B2YYEVL.png;0.0337,0.0028,0.0131,0.0000,0.0000,0.0591,0.0000,0.0000,0.0000,0.0000,0.0000,0.0000,;3,0,0,0,0,0,0,0,0,0,0,;0.0272;2;1;364000;2.00;
3NAD71TD8V1W7T0ET8V40F6WWDIL2U.png;0.0844,0.0560,0.3930,0.3216,0.0000,0.2106,0.0000,0.1399,0.0046,0.0000,0.0000,0.0402,;3,1,1,2,0,0,0,0,0,0,0,;0.1563;3;2;728000;1.50;
3NCF7G1XJIORLK6VK0UD85LOJVCNAC.png;0.0000,0.0000,0.1962,0.0275,0.0000,0.0048,0.0000,0.2264,0.0000,0.0000,0.0000,0.0000,;1,1,1,0,0,0,0,0,0,0,0,;0.1137;2;1;364000;2.00;
3NCF7G1XKJPJCCJPOHEQSUA1GNWANP.png;0.0027,0.0000,0.0000,0.0000,0.0000,0.0000,0.0000,0.0004,0.0000,0.0000,0.0000,0.0000,;0,0,0,0,0,0,0,0,0,0,0,;0.0016;1;1;364000;1.00;
3NCF7G1XKJPJCCJPOHEQSUA1GNWANP_1.png;0.1172,0.0481,0.0000,0.0000,0.0000,0.0207,0.0000,0.0342,0.0000,0.0000,0.0000,0.0001,;3,1,0,0,0,0,0,0,0,0,0,;0.0441;2;2;728000;2.00;
3NCF7G1XKJPJCCJPOHEQSUA1GNWANP_2.png;0.0591,0.0050,0.0000,0.0000,0.0000,0.0000,0.0000,0.0000,0.0000,0.0000,0.0000,0.0000,;1,0,0,0,0,0,0,0,0,0,0,;0.0321;1;1;364000;1.00;
3NE6EBGK47BU93BYGGU8IB2LO7NE35.png;0.0520,0.0000,0.0000,0.0000,0.0000,0.0000,0.0000,0.0000,0.0000,0.0000,0.0000,0.0000,;1,0,0,0,0,0,0,0,0,0,0,;0.0520;1;1;364000;1.00;
3NJ4SYXGOJ3OVMOHUVEMN5U7Y2PBNN.png;0.0000,0.0000,0.0000,0.0000,0.0000,0.0000,0.0000,0.1772,0.0000,0.0000,0.0000,0.0000,;0,1,0,0,0,0,0,0,0,0,0,;0.1772;1;1;364000;1.00;
3NJ4SYXGOJ3OVMOHUVEMN5U7YYPBNF.png;0.0022,0.0000,0.0000,0.0000,0.0000,0.0079,0.0000,0.0137,0.0031,0.0000,0.0000,0.0301,;2,0,0,0,0,0,0,0,0,0,0,;0.0114;2;2;728000;2.00;
3NJ4SYXGOJNVJBRMT3TGCL1CL9UBNQ.png;0.2002,0.2927,0.1374,0.0812,0.0000,0.1266,0.0000,0.0396,0.0433,0.0000,0.0000,0.0000,;3,3,1,0,0,0,0,0,0,0,0,;0.1316;3;3;1092000;3.00;
3NVVDJT9G6OIY2RUWWJCMM9P5JCPXO.png;0.2003,0.1078,0.1991,0.1182,0.0000,0.0393,0.0000,0.0021,0.0000,0.0000,0.0000,0.0000,;2,3,0,0,0,0,0,0,0,0,0,;0.1111;3;2;728000;1.50;
3NXBKB5598TPF5MRSRS8QPZELKSL9C.png;0.0437,0.0343,0.1706,0.0812,0.0000,0.2232,0.0000,0.0479,0.0366,0.0000,0.0000,0.0047,;5,1,1,0,0,0,0,0,0,0,0,;0.0803;3;2;728000;1.50;
3O5YJYPUSW7TWBM6KNWM44WLFH8KON.png;0.1319,0.1679,0.0000,0.0000,0.0000,0.0170,0.0000,0.0000,0.0000,0.0000,0.0000,0.0000,;1,2,0,0,0,0,0,0,0,0,0,;0.1056;2;2;728000;2.00;
3O73QR1UY8O4VXGQ4UMU1W2GKFC94M.png;0.1466,0.0000,0.0000,0.0000,0.0000,0.0148,0.0000,0.0045,0.0000,0.0000,0.0000,0.0000,;1,1,0,0,0,0,0,0,0,0,0,;0.0553;1;1;364000;1.00;
3O73QR1UY8O4VXGQ4UMU1W2GKGC94O.png;0.0846,0.0000,0.0000,0.0000,0.0000,0.0281,0.0000,0.0240,0.0000,0.0000,0.0000,0.0000,;3,0,0,0,0,0,0,0,0,0,0,;0.0456;1;1;364000;1.00;
3OBCKNXF1ZHFXL8XUNXW3AYWZX5J3K.png;0.0844,0.0560,0.3938,0.3216,0.0000,0.2132,0.0000,0.1399,0.0046,0.0000,0.0000,0.0402,;3,1,1,2,0,0,0,0,0,0,0,;0.1567;3;2;728000;1.50;
3OJGK8O6MRNHZCTYHMEFS503K2OL5K.png;0.1536,0.0230,0.0328,0.0374,0.0000,0.0224,0.0000,0.0224,0.0000,0.0000,0.0000,0.0000,;5,1,0,0,0,0,0,0,0,0,0,;0.0486;1;1;364000;1.00;
3OQEO5BIM1SME8SFQJ108NKG2ZKU9F.png;0.0712,0.0820,0.0621,0.0604,0.0000,0.0862,0.0000,0.0851,0.0083,0.0000,0.0000,0.0098,;6,0,0,0,0,0,0,0,0,0,0,;0.0581;6;6;2184000;6.00;
3OQEO5BIM1SME8SFQJ108NKG2ZKU9F_1.png;0.0962,0.0490,0.0930,0.0542,0.0000,0.1824,0.0000,0.0569,0.0290,0.0000,0.0000,0.0000,;6,1,0,0,0,0,0,0,0,0,0,;0.0801;3;2;728000;1.50;
3OQEO5BIM1SME8SFQJ108NKG2ZKU9F_2.png;0.0792,0.0814,0.0457,0.0795,0.0000,0.0595,0.0000,0.1172,0.0000,0.0000,0.0000,0.0164,;6,1,0,0,0,0,0,0,0,0,0,;0.0684;4;4;1456000;4.00;
3OQEO5BIN29PS6BYUHRH0ABF87P9UL.png;0.2508,0.1906,0.0285,0.0117,0.0000,0.0000,0.0000,0.0000,0.0000,0.0000,0.0000,0.0000,;2,1,1,0,0,0,0,0,0,0,0,;0.1204;2;2;728000;2.00;
3OR6S1RAC52TCC0V5OHKA3WQNHZAGY.png;0.1470,0.1803,0.1320,0.1370,0.0000,0.0572,0.0000,0.0000,0.0000,0.0000,0.0000,0.0000,;1,4,0,0,0,0,0,0,0,0,0,;0.1307;4;4;1456000;4.00;
3P15LLOAR9NU663LLUNNP8EDOYG9ZV.png;0.0760,0.0711,0.0510,0.0827,0.0000,0.1325,0.0000,0.1920,0.0226,0.0000,0.0000,0.0448,;6,2,0,0,0,0,0,0,0,0,0,;0.0841;2;2;728000;2.00;
3P6UG6V268Y9VTMB4YR44MFGIGC4NX.png;0.0682,0.0000,0.0000,0.0000,0.0000,0.0000,0.0000,0.0068,0.1240,0.0000,0.0000,0.0792,;2,1,0,0,0,0,0,0,0,0,0,;0.0695;2;2;728000;2.00;
3PBMWYW3D44FHQ3H0CBK078FM1J2XZ.png;0.0304,0.0000,0.1385,0.0000,0.0000,0.0646,0.0000,0.0000,0.1598,0.0000,0.0000,0.1661,;2,3,0,0,0,0,0,0,0,0,0,;0.1119;3;2;728000;1.50;
3PBMWYW3D4VOVNNOVMGLZF23LEGX22.png;0.2552,0.2485,0.1975,0.1590,0.0000,0.1228,0.0000,0.1373,0.0000,0.0000,0.0000,0.0294,;1,4,2,0,0,0,0,0,0,0,0,;0.1642;3;3;1092000;3.00;
3PBTVBPQ8T2RUQ4LSR4U2IGAMAGLG7.png;0.1996,0.0169,0.2590,0.4332,0.0000,0.0985,0.0000,0.2163,0.0000,0.0000,0.0000,0.0920,;3,1,2,0,1,0,0,0,0,0,0,;0.1879;4;3;1092000;2.00;
3PBTVBPQ9UHWF8TU0BNM18QB456LGV.png;0.2259,0.1895,0.2373,0.1951,0.0000,0.2650,0.0000,0.3866,0.1129,0.0000,0.0000,0.0067,;0,3,3,1,0,0,0,0,0,0,0,;0.2024;4;3;1092000;2.00;
3PBTVBPQ9UJW25OVYU5DFTVY5MMGLK.png;0.0175,0.0337,0.0325,0.0450,0.0000,0.0000,0.0000,0.0000,0.0000,0.0000,0.0000,0.0000,;4,0,0,0,0,0,0,0,0,0,0,;0.0322;3;3;1092000;3.00;
3PBTVBPQ9UJW25OVYU5DFTVY5MMGLK_1.png;0.2063,0.0666,0.0571,0.0780,0.0000,0.0000,0.0000,0.0000,0.0000,0.0000,0.0000,0.0000,;3,1,0,0,0,0,0,0,0,0,0,;0.1020;1;1;364000;1.00;
3PBTVBPQ9UJW25OVYU5DFTVY5MMGLK_2.png;0.1479,0.0690,0.1082,0.1203,0.0000,0.0000,0.0000,0.0000,0.0000,0.0000,0.0000,0.0000,;2,2,0,0,0,0,0,0,0,0,0,;0.1113;2;2;728000;2.00;
3PHLPV04IQDPW55WV8WBZJA231AP7O.png;0.1672,0.2827,0.3495,0.3276,0.0000,0.0953,0.0000,0.0374,0.0000,0.0000,0.0000,0.0000,;2,1,1,2,0,0,0,0,0,0,0,;0.2100;3;3;1092000;3.00;
3PLXPMD6WGC7AIQBYMRH2GBAFTWKBJ.png;0.0714,0.0763,0.0517,0.0410,0.0000,0.0642,0.0000,0.0512,0.0093,0.0000,0.0000,0.0100,;7,0,0,0,0,0,0,0,0,0,0,;0.0469;5;5;1820000;5.00;
3PN7FLVWM45PCCC3MA18W1ODE9IYSJ.png;0.2026,0.1771,0.3490,0.1391,0.0000,0.3900,0.0000,0.1785,0.2288,0.0000,0.0000,0.0643,;1,4,1,2,0,0,0,0,0,0,0,;0.2162;3;3;1092000;3.00;
3PN7FLVWM45XULC6NHQRXFJ9Z5WSYC.png;0.0509,0.0000,0.0000,0.0000,0.0000,0.0000,0.0000,0.0000,0.0000,0.0000,0.0000,0.0000,;1,0,0,0,0,0,0,0,0,0,0,;0.0509;1;1;364000;1.00;
3Q4WZ5V3MNIH1FT2QKH2OURKHS1UGI.png;0.0624,0.1207,0.0655,0.0000,0.0000,0.3706,0.0000,0.1690,0.0572,0.0000,0.0000,0.0000,;3,2,0,1,0,0,0,0,0,0,0,;0.1409;2;2;728000;2.00;
3Q9ARQ9ZAP4L7I0LVYTFN28MIJR3MM.png;0.0423,0.0421,0.0393,0.0414,0.0000,0.0505,0.0000,0.0625,0.0000,0.0000,0.0000,0.0000,;6,0,0,0,0,0,0,0,0,0,0,;0.0464;2;2;728000;2.00;
3Q9ARQ9ZAP4L7I0LVYTFN28MIJR3MM_1.png;0.0637,0.0583,0.0449,0.0602,0.0000,0.0620,0.0000,0.1173,0.0003,0.0000,0.0000,0.0108,;6,1,0,0,0,0,0,0,0,0,0,;0.0522;5;5;1820000;5.00;
3Q9ARQ9ZAP4L7I0LVYTFN28MIJR3MM_2.png;0.0601,0.0468,0.0533,0.0462,0.0000,0.0613,0.0000,0.0594,0.0039,0.0000,0.0000,0.0003,;6,0,0,0,0,0,0,0,0,0,0,;0.0414;6;6;2184000;6.00;
3QKP95RWR0AXY9I3VQ7SL2A7LGY5XG.png;0.0205,0.0277,0.0000,0.0107,0.0000,0.1511,0.0000,0.0369,0.1359,0.0000,0.0000,0.0148,;5,2,0,0,0,0,0,0,0,0,0,;0.0568;2;2;728000;2.00;
3QLL1RLFYUJL8BWXI76KVR6VTA8G40.png;0.1978,0.2270,0.0985,0.0112,0.0000,0.0081,0.0000,0.0004,0.0000,0.0000,0.0000,0.0000,;2,1,1,0,0,0,0,0,0,0,0,;0.0905;3;3;1092000;3.00;
3QNALI7B4S6VALH9K67QLF1VCK3Z5B.png;0.2218,0.1192,0.1213,0.0960,0.0000,0.0131,0.0000,0.0000,0.0000,0.0000,0.0000,0.0000,;2,2,1,0,0,0,0,0,0,0,0,;0.1143;3;3;1092000;3.00;
3QNALI7B4SD1ONKL4C5DCUTXSZAZ55.png;0.0747,0.0085,0.0334,0.0278,0.0000,0.0165,0.0000,0.0168,0.0000,0.0000,0.0000,0.0000,;5,0,0,0,0,0,0,0,0,0,0,;0.0296;2;1;364000;2.00;
3QPQKLUN2S87R374XHKKL49YI4M6SW.png;0.1591,0.0941,0.0862,0.1077,0.0000,0.1243,0.0000,0.1430,0.1029,0.0000,0.0000,0.1232,;4,4,0,0,0,0,0,0,0,0,0,;0.1176;4;3;1092000;2.00;
3QXBZN23LG7N3HYFNCCOI0H4ZPJXNQ.png;0.4830,0.0963,0.1954,0.2373,0.0000,0.0000,0.0000,0.0495,0.0000,0.0000,0.0000,0.0000,;2,1,1,0,1,0,0,0,0,0,0,;0.2123;2;2;728000;2.00;
3R0WG3C6FAYXA2OVFH1MKSVV7DKWL8.png;0.0000,0.0000,0.0000,0.0000,0.0000,0.0220,0.0000,0.1796,0.0000,0.0000,0.0000,0.0000,;1,1,0,0,0,0,0,0,0,0,0,;0.1008;1;1;364000;1.00;
3R35RPFD7J1GHLW8Y5PUB7E29XSP1C.png;0.0000,0.0000,0.1549,0.0000,0.0000,0.0899,0.0000,0.0000,0.0000,0.0000,0.0000,0.0000,;1,1,0,0,0,0,0,0,0,0,0,;0.1224;1;1;364000;1.00;
3R35RPFD8KSAWMKG8PKUBRZ71RYP19.png;0.1646,0.2035,0.1088,0.1171,0.0000,0.0566,0.0000,0.0341,0.0097,0.0000,0.0000,0.0000,;3,3,0,0,0,0,0,0,0,0,0,;0.0992;4;4;1456000;4.00;
3R35RPFD8KW5RVQQX9OYA2WSE711PN.png;0.2202,0.2565,0.5326,0.4451,0.0000,0.1525,0.0000,0.4062,0.1030,0.0000,0.0000,0.0918,;2,1,2,1,1,1,0,0,0,0,0,;0.2760;3;2;728000;1.50;
3R39EOJX7B7B0RBVIOI0YF8QUNBFFR.png;0.0967,0.0476,0.0000,0.0000,0.0000,0.0917,0.0000,0.0000,0.0000,0.0000,0.0000,0.0000,;3,0,0,0,0,0,0,0,0,0,0,;0.0786;2;1;364000;2.00;
3R39EOJX7BI6S1MO8YC8O4DE709FF7.png;0.1706,0.0897,0.0887,0.0554,0.0000,0.0075,0.0000,0.0310,0.0000,0.0000,0.0000,0.0000,;4,1,0,0,0,0,0,0,0,0,0,;0.0738;3;3;1092000;3.00;
3R7DCNC1NO24TFH8BGUHQFOR9KEUDP.png;0.1470,0.0931,0.0627,0.0567,0.0000,0.1209,0.0000,0.0977,0.0382,0.0000,0.0000,0.0173,;6,2,0,0,0,0,0,0,0,0,0,;0.0792;4;4;1456000;4.00;
3R7DCNC1NO24TFH8BGUHQFOR9KEUDP_1.png;0.0544,0.0624,0.0489,0.0098,0.0000,0.0466,0.0000,0.0168,0.0219,0.0000,0.0000,0.0022,;6,0,0,0,0,0,0,0,0,0,0,;0.0329;4;4;1456000;4.00;
3R7DCNC1NO24TFH8BGUHQFOR9KEUDP_2.png;0.0563,0.0809,0.0826,0.0351,0.0000,0.1862,0.0000,0.0572,0.0543,0.0000,0.0000,0.0000,;6,1,0,0,0,0,0,0,0,0,0,;0.0790;3;3;1092000;3.00;
3R7DCNC1NOV5HU26IA2C7R0658YUDF.png;0.1895,0.1669,0.0707,0.1393,0.0000,0.0505,0.0000,0.0551,0.0284,0.0000,0.0000,0.0265,;5,3,0,0,0,0,0,0,0,0,0,;0.0909;3;3;1092000;3.00;
3R8MKH13HFEBE45LFXZBD3ZAAT6QLU.png;0.1231,0.1428,0.0380,0.0162,0.0000,0.3053,0.0000,0.1298,0.0332,0.0000,0.0000,0.0166,;4,3,1,0,0,0,0,0,0,0,0,;0.1006;4;4;1456000;4.00;
3R8NDUBSE5C5KWKOVCROU8T8BNKK4W.png;0.0740,0.0467,0.0351,0.0429,0.0000,0.0648,0.0000,0.1115,0.0069,0.0000,0.0000,0.0246,;6,1,0,0,0,0,0,0,0,0,0,;0.0508;3;2;728000;1.50;
3R8NDUBSE5CIIDI6K37BBGYS2U64KU.png;0.0360,0.3237,0.1457,0.0000,0.0000,0.0624,0.0000,0.0127,0.0000,0.0000,0.0000,0.0064,;3,1,0,1,0,0,0,0,0,0,0,;0.0978;2;2;728000;2.00;
3R8NDUBSE5CRYRKXR6M9AB02Z7L4K5.png;0.2538,0.0755,0.0000,0.0000,0.0000,0.0000,0.0000,0.0000,0.0000,0.0000,0.0000,0.0000,;1,0,1,0,0,0,0,0,0,0,0,;0.1647;1;1;364000;1.00;
3R8NDUBSF67O3EBOSQ1IL6C0CLD4KT.png;0.2520,0.2631,0.2571,0.0000,0.0000,0.0000,0.0000,0.0000,0.0000,0.0000,0.0000,0.0000,;0,0,3,0,0,0,0,0,0,0,0,;0.2574;1;1;364000;1.00;
3RPY1MM09GJ0DPT9E5P5CCJTRTWMHE.png;0.0000,0.0000,0.0000,0.0000,0.0000,0.0000,0.0000,0.0071,0.0000,0.0000,0.0000,0.0000,;0,0,0,0,0,0,0,0,0,0,0,;0.0071;1;1;364000;1.00;
3RRYB8LG3ZH82HFOZGL7ANT68BKKUX.png;0.2747,0.1085,0.1785,0.0000,0.0000,0.0875,0.0000,0.0000,0.0819,0.0000,0.0000,0.0000,;3,1,1,0,0,0,0,0,0,0,0,;0.1462;2;1;364000;2.00;
3S1POB7GU8DKAHGA5W96UXZRMJ8QU4.png;0.2530,0.2996,0.0541,0.0024,0.0000,0.0000,0.0000,0.0000,0.0000,0.0000,0.0000,0.0000,;1,0,2,0,0,0,0,0,0,0,0,;0.1523;2;2;728000;2.00;
3S4LLGXSV3FZU47VRD0W7FI7RKKAOY.png;0.1568,0.0064,0.0010,0.0000,0.0000,0.0008,0.0000,0.0000,0.0000,0.0000,0.0000,0.0000,;0,1,0,0,0,0,0,0,0,0,0,;0.0413;1;1;364000;1.00;
3S8DC08I2JZOJ6XAR5ADV2RBM80EJJ.png;0.1298,0.0415,0.0424,0.0425,0.0000,0.0443,0.0000,0.0551,0.0010,0.0000,0.0000,0.0020,;5,1,0,0,0,0,0,0,0,0,0,;0.0448;2;1;364000;2.00;
3SBA6YTBY276L0SZ55XU5R7VV8FOBP.png;0.2299,0.0851,0.0174,0.0198,0.0000,0.0128,0.0000,0.0000,0.0000,0.0000,0.0000,0.0000,;4,0,1,0,0,0,0,0,0,0,0,;0.0730;2;2;728000;2.00;
3SFRD5IA5Z34MMJO249XJPJMVUHFBF.png;0.1624,0.1514,0.1081,0.1763,0.0000,0.0235,0.0000,0.2257,0.0148,0.0000,0.0000,0.1200,;3,4,1,0,0,0,0,0,0,0,0,;0.1228;4;4;1456000;4.00;
3SI493PTSWP5AHPBIVTI1I8D7X4ZDI.png;0.0696,0.0294,0.0837,0.0512,0.0000,0.0621,0.0000,0.0843,0.0478,0.0000,0.0000,0.0462,;8,0,0,0,0,0,0,0,0,0,0,;0.0593;4;3;1092000;2.00;
3SI493PTSWP6VJGGSL9VZHEJP2GDZ2.png;0.3344,0.0688,0.0000,0.0000,0.0000,0.0000,0.0000,0.0000,0.0000,0.0000,0.0000,0.0000,;1,0,0,1,0,0,0,0,0,0,0,;0.2016;1;1;364000;1.00;
3SIEQXXS6F7PLDK653FBMIWP0ADQ4C.png;0.2299,0.0851,0.0000,0.0280,0.0000,0.0128,0.0000,0.0049,0.0000,0.0000,0.0000,0.0000,;3,0,1,0,0,0,0,0,0,0,0,;0.0722;2;2;728000;2.00;
3SJ1BZ9YMZFJKL9JAYIH6SXUEFF7N6.png;0.0162,0.0013,0.0000,0.0000,0.0000,0.0917,0.0000,0.0000,0.0000,0.0000,0.0000,0.0000,;2,0,0,0,0,0,0,0,0,0,0,;0.0364;1;1;364000;1.00;
3T1550FWLKIS93DC7DPTY5M29UHWXP.png;0.2596,0.1888,0.0764,0.0000,0.0000,0.0098,0.0000,0.0000,0.0000,0.0000,0.0000,0.0000,;1,1,1,0,0,0,0,0,0,0,0,;0.1337;2;2;728000;2.00;
3T6HLR4BXW5RX3QYFIC2AVGBFN389Y.png;0.0907,0.0862,0.0819,0.1468,0.0000,0.0172,0.0000,0.0552,0.0000,0.0000,0.0000,0.0196,;6,1,0,0,0,0,0,0,0,0,0,;0.0711;4;4;1456000;4.00;
3T6HLR4BXW65EY3SGXC7I8IJLZ589G.png;0.0930,0.0000,0.0000,0.0000,0.0000,0.0611,0.0000,0.0543,0.0032,0.0000,0.0000,0.0000,;3,0,0,0,0,0,0,0,0,0,0,;0.0529;3;2;728000;1.50;
3T6HLR4BXW65EY3SGXC7I8ILF1889L.png;0.1127,0.0000,0.0266,0.0608,0.0000,0.0182,0.0000,0.0088,0.0000,0.0000,0.0000,0.0000,;3,1,0,0,0,0,0,0,0,0,0,;0.0454;2;2;728000;2.00;
3T6UNEUZ5USMH6KL5FCL3O350KM199.png;0.0000,0.0000,0.0000,0.0000,0.0000,0.0000,0.0000,0.0000,0.0000,0.0000,0.0000,0.0000,;0,0,0,0,0,0,0,0,0,0,0,;NaN;0;
3T6UNEUZ5USMH6KL5FCL3O350KM199_1.png;0.0892,0.0000,0.0000,0.0692,0.0000,0.0000,0.0000,0.2474,0.0000,0.0000,0.0000,0.0000,;2,0,1,0,0,0,0,0,0,0,0,;0.1353;1;1;364000;1.00;
3T6UNEUZ5USMH6KL5FCL3O350KM199_2.png;0.0386,0.0372,0.0000,0.0000,0.0000,0.0000,0.0000,0.0000,0.0000,0.0000,0.0000,0.0000,;2,0,0,0,0,0,0,0,0,0,0,;0.0379;1;1;364000;1.00;
3TCGLRK8ZGNA4CQP60QJDQBQH1MZQ6.png;0.1426,0.1377,0.1274,0.1356,0.0000,0.0016,0.0000,0.0027,0.0000,0.0000,0.0000,0.0000,;0,4,0,0,0,0,0,0,0,0,0,;0.0913;4;4;1456000;4.00;
3TFUINTXMP1P2TVK22ZNBIA74UYT95.png;0.2206,0.1111,0.0588,0.0118,0.0000,0.0382,0.0000,0.0000,0.0000,0.0000,0.0000,0.0000,;3,1,1,0,0,0,0,0,0,0,0,;0.0881;2;2;728000;2.00;
3TFUINTXNQRB8MQUNU8RNTUAF5A9TC.png;0.0718,0.0736,0.0000,0.1022,0.0000,0.0000,0.0000,0.0425,0.0000,0.0000,0.0000,0.0000,;4,0,0,0,0,0,0,0,0,0,0,;0.0725;2;2;728000;2.00;
3TJJ8HSJVIOUEEITVOXS8LA6BWX82U.png;0.1101,0.0000,0.0000,0.0000,0.0000,0.0000,0.0000,0.0000,0.0000,0.0000,0.0000,0.0000,;0,1,0,0,0,0,0,0,0,0,0,;0.1101;1;1;364000;1.00;
3TJJ8HSJWJ7V3WKXYD3KKOVHU4N28W.png;0.0766,0.1375,0.1203,0.0930,0.0000,0.0097,0.0000,0.0093,0.0475,0.0000,0.0000,0.0241,;4,2,0,0,0,0,0,0,0,0,0,;0.0648;4;4;1456000;4.00;
3TO8OQV8RRE8TSS50K77OY4BTUOOLO.png;0.1295,0.0945,0.0893,0.0986,0.0000,0.0308,0.0000,0.1094,0.0000,0.0000,0.0000,0.0191,;6,1,0,0,0,0,0,0,0,0,0,;0.0816;5;5;1820000;5.00;
3TR9CMHN3N8E2YCNTAQUMF33CUSBB8.png;0.1636,0.1803,0.2351,0.1223,0.0000,0.2414,0.0000,0.0991,0.1976,0.0000,0.0000,0.0352,;2,4,2,0,0,0,0,0,0,0,0,;0.1593;5;5;1820000;5.00;
3TYSWKZBELVFE846EGCGPUMG5XR7G5.png;0.3601,0.0000,0.0000,0.2312,0.0000,0.0000,0.0000,0.1675,0.0000,0.0000,0.0000,0.0439,;1,1,1,1,0,0,0,0,0,0,0,;0.2007;2;2;728000;2.00;
3TYSWKZBFMLN72JJOTFJJEIWD9HG7U.png;0.0416,0.1299,0.3622,0.2288,0.0000,0.0660,0.0000,0.1131,0.0000,0.0000,0.0000,0.0256,;3,2,1,1,0,0,0,0,0,0,0,;0.1382;2;1;364000;2.00;
3U2H1DGWOPTCKLUQYVRKVZHY3Q4F4G.png;0.2754,0.0011,0.0000,0.0000,0.0000,0.0325,0.0000,0.0000,0.0095,0.0000,0.0000,0.0000,;1,0,1,0,0,0,0,0,0,0,0,;0.0796;1;1;364000;1.00;
3U47UEJKWC6S8AEVXI8SUW72VHPLB6.png;0.0866,0.0218,0.0516,0.0909,0.0000,0.1282,0.0000,0.0000,0.0000,0.0000,0.0000,0.0000,;4,1,0,0,0,0,0,0,0,0,0,;0.0758;3;2;728000;1.50;
3U47UEJKWC7M32113CRLFBCBUKFBLV.png;0.1973,0.1191,0.0150,0.0000,0.0000,0.0000,0.0000,0.0000,0.0000,0.0000,0.0000,0.0000,;1,2,0,0,0,0,0,0,0,0,0,;0.1105;2;2;728000;2.00;
3U47UEJKWC8E1D3WG0VTNM1UKCYBLF.png;0.2398,0.0322,0.0000,0.0955,0.0000,0.1900,0.0000,0.0000,0.0408,0.0000,0.0000,0.0000,;3,1,1,0,0,0,0,0,0,0,0,;0.1197;2;1;364000;2.00;
3U47UEJKXD5R38RUXLMDWG1BUJXLBR.png;0.1482,0.0948,0.0000,0.0000,0.0000,0.0000,0.0000,0.0000,0.0236,0.0000,0.0000,0.0000,;2,1,0,0,0,0,0,0,0,0,0,;0.0889;2;2;728000;2.00;
3U6BJ3K2B9GQGJVT0E99IGFE7I2MEG.png;0.0433,0.0341,0.0465,0.0477,0.0000,0.1993,0.0000,0.0187,0.0127,0.0000,0.0000,0.0000,;6,1,0,0,0,0,0,0,0,0,0,;0.0575;1;1;364000;1.00;
3UEL82N5TO6EUK0Y8E9LV0DUVX2NTJ.png;0.2034,0.1159,0.0322,0.0176,0.0000,0.2253,0.0000,0.1907,0.0336,0.0000,0.0000,0.0173,;4,3,1,0,0,0,0,0,0,0,0,;0.1045;4;4;1456000;4.00;
3UEL82N5TOKN43E6MBDHCIJ23C3NTV.png;0.0404,0.0244,0.0050,0.0050,0.0000,0.0204,0.0000,0.0169,0.0000,0.0000,0.0000,0.0000,;4,0,0,0,0,0,0,0,0,0,0,;0.0187;3;3;1092000;3.00;
3UKAYM2G38LNW9YPLTZSPTC333T903.png;0.1770,0.0000,0.0000,0.0000,0.0000,0.0000,0.0000,0.0000,0.0000,0.0000,0.0000,0.0000,;0,1,0,0,0,0,0,0,0,0,0,;0.1770;1;1;364000;1.00;
3USMLONC9E5MDB1GD7ZQ6SDG14K85P.png;0.0819,0.0000,0.0000,0.0000,0.0000,0.0096,0.0000,0.0549,0.0000,0.0000,0.0000,0.0000,;2,0,0,0,0,0,0,0,0,0,0,;0.0488;2;1;364000;2.00;
3USZNBD0ID5Y2E7UC1NHCD5VH1M51A.png;0.0534,0.1036,0.0000,0.0000,0.0000,0.0000,0.0000,0.0231,0.0000,0.0000,0.0000,0.0000,;3,0,0,0,0,0,0,0,0,0,0,;0.0600;1;1;364000;1.00;
3UV3KC5DTGMOGZ30EI3U2F567A15CS.png;0.2236,0.2499,0.2701,0.0352,0.0000,0.0000,0.0000,0.0000,0.0000,0.0000,0.0000,0.0000,;1,0,3,0,0,0,0,0,0,0,0,;0.1947;3;3;1092000;3.00;
3UXCLCQO1UDWROO910PGOYLD3QJ20A.png;0.1772,0.0986,0.0706,0.0829,0.0000,0.0409,0.0000,0.0242,0.0656,0.0000,0.0000,0.0000,;6,1,0,0,0,0,0,0,0,0,0,;0.0800;3;3;1092000;3.00;
3UXCLCQO2V425H8F0OVWTKIEO3N20G.png;0.2154,0.2651,0.2087,0.2433,0.0000,0.1637,0.0000,0.2172,0.0000,0.0000,0.0000,0.0000,;0,2,4,0,0,0,0,0,0,0,0,;0.2189;2;2;728000;2.00;
3VHU2SWT3EI2EPQKMFU0IXHUUZKSPE.png;0.1749,0.0000,0.0000,0.0000,0.0000,0.0360,0.0000,0.0885,0.0000,0.0000,0.0000,0.0000,;2,1,0,0,0,0,0,0,0,0,0,;0.0998;1;1;364000;1.00;
3VKCYEEK5GTFPTFE2CSUAPH4AEKG1E.png;0.4993,0.5024,0.3845,0.4451,0.0000,0.2508,0.0000,0.2995,0.0515,0.0000,0.0000,0.1551,;1,1,2,1,3,0,0,0,0,0,0,;0.3235;4;4;1456000;4.00;
3VKCYEEK5GTFPTFE2CSUAPH4AEKG1E_1.png;0.3901,0.4449,0.4079,0.4139,0.0000,0.2558,0.0000,0.3069,0.0087,0.0000,0.0000,0.1198,;0,1,2,2,2,0,0,0,0,0,0,;0.2935;5;5;1820000;5.00;
3VKCYEEK5GTFPTFE2CSUAPH4AEKG1E_2.png;0.5064,0.4410,0.4085,0.3717,0.0000,0.3018,0.0000,0.2217,0.1125,0.0000,0.0000,0.0499,;1,1,2,2,2,0,0,0,0,0,0,;0.3017;5;5;1820000;5.00;
3VNGVF6XGJQ1QLT33BZ7QKAQGJTGC8.png;0.2028,0.1320,0.0000,0.0000,0.0000,0.0000,0.0000,0.0000,0.0000,0.0000,0.0000,0.0000,;0,2,0,0,0,0,0,0,0,0,0,;0.1674;1;1;364000;1.00;
3VNVHCMRM39PCV9YY08XQFC2ASTW7K.png;0.1208,0.0676,0.0000,0.0000,0.0000,0.0432,0.0000,0.0000,0.0000,0.0000,0.0000,0.0000,;2,1,0,0,0,0,0,0,0,0,0,;0.0772;1;1;364000;1.00;
3VPHDNYYW05RMXRPFB37FMZTE8FOX6.png;0.0836,0.0000,0.0000,0.0000,0.0000,0.0000,0.0000,0.0000,0.0000,0.0000,0.0000,0.0000,;1,0,0,0,0,0,0,0,0,0,0,;0.0836;1;1;364000;1.00;
3VS2P0ED9S8WCYR5XKUI3WE62NIZOD.png;0.2293,0.0000,0.2361,0.1582,0.0000,0.0482,0.0000,0.0064,0.0000,0.0000,0.0000,0.0000,;1,1,2,0,0,0,0,0,0,0,0,;0.1357;3;2;728000;1.50;
3VS2P0ED9S9HPWVU5TDRGGPE3WLOZL.png;0.0666,0.1045,0.0508,0.0418,0.0000,0.1587,0.0000,0.0686,0.0278,0.0000,0.0000,0.0104,;7,1,0,0,0,0,0,0,0,0,0,;0.0662;4;4;1456000;4.00;
3VTCTNDIMBI4MSZRCFZ5EXG7KAVTGQ.png;0.2194,0.2310,0.0665,0.0274,0.0000,0.0836,0.0000,0.1048,0.0000,0.0000,0.0000,0.0000,;4,0,2,0,0,0,0,0,0,0,0,;0.1221;2;2;728000;2.00;
3VXAY8PX9568FZGV4FQLLH1QFO0UBC.png;0.0926,0.1067,0.0000,0.0169,0.0000,0.0000,0.0000,0.1789,0.0000,0.0000,0.0000,0.0177,;4,1,0,0,0,0,0,0,0,0,0,;0.0826;3;2;728000;1.50;
3VXAY8PXA67ITFS0HYENNTH6AGPBUQ.png;0.0851,0.0472,0.0469,0.0469,0.0000,0.0426,0.0000,0.0432,0.0000,0.0000,0.0000,0.0000,;6,0,0,0,0,0,0,0,0,0,0,;0.0520;1;1;364000;1.00;
3W718UE9EUVUJGAIW7WCSAJ232S8KV.png;0.0333,0.0512,0.0468,0.0574,0.0000,0.0534,0.0000,0.0859,0.0070,0.0000,0.0000,0.0148,;7,0,0,0,0,0,0,0,0,0,0,;0.0437;5;5;1820000;5.00;
3W7EAH4XLRRHWHV8PSJNN5I48Z5K1Z.png;0.0369,0.0000,0.1517,0.0000,0.0000,0.1973,0.0000,0.0000,0.0183,0.0000,0.0000,0.0000,;2,2,0,0,0,0,0,0,0,0,0,;0.1010;2;2;728000;2.00;
3WAI7IWAXVDPIQMZBUA6WKWKGBTKCH.png;0.2407,0.2275,0.0000,0.1357,0.0000,0.0000,0.0000,0.0895,0.0000,0.0000,0.0000,0.0411,;2,1,2,0,0,0,0,0,0,0,0,;0.1469;2;2;728000;2.00;
3WNTBWVI6HTKT402X941XY1LBXF1DP.png;0.1611,0.1776,0.0000,0.0827,0.0000,0.0544,0.0000,0.1648,0.2069,0.0000,0.0000,0.3895,;2,4,0,1,0,0,0,0,0,0,0,;0.1767;3;2;728000;1.50;
3WNTBWVI7IICS3U5SPMYXHW39RR1DW.png;0.2040,0.2411,0.0777,0.0000,0.0000,0.0455,0.0000,0.0927,0.0000,0.0000,0.0000,0.0000,;3,1,1,0,0,0,0,0,0,0,0,;0.1322;2;2;728000;2.00;
3X3BKUX7FNI4TQBH6Z6BCBN743AUUW.png;0.0835,0.0895,0.0689,0.0204,0.0000,0.1135,0.0000,0.0477,0.0000,0.0000,0.0000,0.0000,;5,1,0,0,0,0,0,0,0,0,0,;0.0706;3;3;1092000;3.00;
3XCMB0010Q8CROANL93DZ0TZ7HDP3B.png;0.0000,0.0000,0.1549,0.0000,0.0000,0.0899,0.0000,0.0000,0.0000,0.0000,0.0000,0.0000,;1,1,0,0,0,0,0,0,0,0,0,;0.1224;1;1;364000;1.00;
3XFOW6US4G39LHGXH58DQK2U59EF7W.png;0.1145,0.0752,0.0744,0.0000,0.0000,0.0794,0.0000,0.0000,0.0000,0.0000,0.0000,0.0000,;3,1,0,0,0,0,0,0,0,0,0,;0.0859;1;1;364000;1.00;
3XH5NKQXD1CEK1G2OFNXP2YO5CGQ1D.png;0.0481,0.0412,0.0483,0.0482,0.0000,0.0924,0.0000,0.0942,0.0142,0.0000,0.0000,0.0131,;8,0,0,0,0,0,0,0,0,0,0,;0.0500;2;2;728000;2.00;
3XKJYHBF1PGIGZAV82J26HU67K1S94.png;0.0659,0.0588,0.0388,0.0768,0.0000,0.0682,0.0000,0.0790,0.0113,0.0000,0.0000,0.0659,;8,0,0,0,0,0,0,0,0,0,0,;0.0581;6;6;2184000;6.00;
3XKJYHBF2QXEJ36G795O9QJC5X59SV.png;0.0167,0.0000,0.0000,0.0000,0.0000,0.0000,0.0000,0.0000,0.0000,0.0000,0.0000,0.0000,;1,0,0,0,0,0,0,0,0,0,0,;0.0167;1;1;364000;1.00;
3XLULPCEJ5A20HTSPHJ11BGOHJ2K00.png;0.1725,0.1243,0.1735,0.1812,0.0000,0.1571,0.0000,0.0863,0.0197,0.0000,0.0000,0.0268,;3,5,0,0,0,0,0,0,0,0,0,;0.1177;5;5;1820000;5.00;
3XLULPCEK6XSKDKZU2VPQEQSWADK07.png;0.1303,0.1947,0.1971,0.0697,0.0000,0.0565,0.0000,0.0000,0.0140,0.0000,0.0000,0.0000,;3,3,0,0,0,0,0,0,0,0,0,;0.1104;3;3;1092000;3.00;
3XOONX5XJ4G5CUJT3GITEEBP8TAR9P.png;0.2770,0.0173,0.0000,0.0000,0.0000,0.0000,0.0000,0.0000,0.0000,0.0000,0.0000,0.0000,;1,0,1,0,0,0,0,0,0,0,0,;0.1471;1;1;364000;1.00;
3XQ5ITPVUWC5A41L5RJWP1DP30VQTX.png;0.2616,0.3395,0.0732,0.0000,0.0000,0.0000,0.0000,0.0000,0.0000,0.0000,0.0000,0.0000,;1,0,1,1,0,0,0,0,0,0,0,;0.2248;2;2;728000;2.00;
3XQ5ITPVUWCZXHDQO612ZU9R46PQTU.png;0.1462,0.1571,0.0395,0.0162,0.0000,0.3293,0.0000,0.1327,0.0354,0.0000,0.0000,0.0165,;4,3,0,1,0,0,0,0,0,0,0,;0.1091;4;4;1456000;4.00;
3XQ5ITPVVXEK5RIJJ0S4JMU41HATQO.png;0.0967,0.0563,0.0191,0.0000,0.0000,0.0906,0.0000,0.0000,0.0000,0.0000,0.0000,0.0000,;4,0,0,0,0,0,0,0,0,0,0,;0.0657;2;1;364000;2.00;
3XXLL7ZNZBX2S1C8S0AVX01M47X2SM.png;0.0629,0.0972,0.1068,0.1140,0.0000,0.0208,0.0000,0.0512,0.0000,0.0000,0.0000,0.0000,;5,1,0,0,0,0,0,0,0,0,0,;0.0755;3;3;1092000;3.00;
3Y6OYEUGD7DBA3Z0UX7LVDP3LCIS5W.png;0.1781,0.1461,0.2492,0.0886,0.0000,0.0599,0.0000,0.0000,0.0000,0.0000,0.0000,0.0000,;2,2,1,0,0,0,0,0,0,0,0,;0.1444;3;3;1092000;3.00;
3YATNUOYWN28VJEWP8MVZLA65TU5R8.png;0.0304,0.0285,0.0000,0.0000,0.0000,0.0425,0.0000,0.0000,0.0000,0.0000,0.0000,0.0000,;3,0,0,0,0,0,0,0,0,0,0,;0.0338;1;1;364000;1.00;
3YE2HAAZLWT35EOEU3RFNMQ5RC4ZU3.png;0.0530,0.0102,0.0050,0.0107,0.0000,0.0275,0.0000,0.0519,0.0069,0.0000,0.0000,0.0137,;6,0,0,0,0,0,0,0,0,0,0,;0.0224;3;2;728000;1.50;
3YJAOW5N8OU26Z949MJ65YS6Q7GNS0.png;0.0666,0.1038,0.0506,0.0421,0.0000,0.1493,0.0000,0.0681,0.0277,0.0000,0.0000,0.0104,;7,1,0,0,0,0,0,0,0,0,0,;0.0648;4;4;1456000;4.00;
3YJAOW5N8OUDFKNJJE4VLVI018MNS9.png;0.1232,0.2155,0.0369,0.0162,0.0000,0.2705,0.0000,0.1298,0.0350,0.0000,0.0000,0.0166,;4,2,2,0,0,0,0,0,0,0,0,;0.1055;4;4;1456000;4.00;
3YJAOW5N8OUDFKNJJE4VLVI0YDQNSK.png;0.1087,0.0752,0.0326,0.0162,0.0000,0.0963,0.0000,0.1327,0.0332,0.0000,0.0000,0.0165,;7,1,0,0,0,0,0,0,0,0,0,;0.0639;4;4;1456000;4.00;
3YJAOW5N9PI929Z2OH5BG1NQ7AGNSB.png;0.1321,0.1679,0.0000,0.0000,0.0000,0.0029,0.0000,0.0000,0.0037,0.0000,0.0000,0.0000,;0,2,0,0,0,0,0,0,0,0,0,;0.0766;2;2;728000;2.00;
3YKHA5XMY4LNHWQDYI2RHLTBGR3A75.png;0.0687,0.0581,0.0000,0.0000,0.0000,0.0417,0.0000,0.0000,0.0000,0.0000,0.0000,0.0000,;3,0,0,0,0,0,0,0,0,0,0,;0.0562;2;2;728000;2.00;
3YNFDCZ5Q3U1E5N64P4QVLD4C30NR9.png;0.1012,0.0242,0.0322,0.0162,0.0000,0.0919,0.0000,0.2079,0.0263,0.0000,0.0000,0.0166,;7,1,0,0,0,0,0,0,0,0,0,;0.0646;3;2;728000;1.50;
3YNFDCZ5R4IX1UZP9S56QRIUL8YNRO.png;0.1331,0.1749,0.0030,0.0000,0.0000,0.1109,0.0000,0.0788,0.0685,0.0000,0.0000,0.0612,;3,3,0,0,0,0,0,0,0,0,0,;0.0901;3;3;1092000;3.00;
3YR6VNT52416IC86SLGIIDTF4TWB78.png;0.0624,0.0000,0.0000,0.0000,0.0000,0.0000,0.0000,0.0000,0.0000,0.0000,0.0000,0.0000,;1,0,0,0,0,0,0,0,0,0,0,;0.0624;1;1;364000;1.00;
3YR6VNT5352GKULNOMVIY5386U67BS.png;0.3071,0.1887,0.1256,0.1044,0.0000,0.0065,0.0000,0.0036,0.0000,0.0000,0.0000,0.0000,;1,2,1,0,0,0,0,0,0,0,0,;0.1227;3;3;1092000;3.00;
3YS67JKWKBRVDSIQ9F8UVFJ1JQRX40.png;0.0927,0.0277,0.1017,0.1155,0.0000,0.0190,0.0000,0.0000,0.0000,0.0000,0.0000,0.0000,;4,1,0,0,0,0,0,0,0,0,0,;0.0713;3;2;728000;1.50;
3YS67JKWKBTMNDQ3LRFOMM61VUK4X5.png;0.4181,0.0851,0.0575,0.0000,0.0000,0.0000,0.0000,0.0000,0.0000,0.0000,0.0000,0.0000,;2,0,0,0,1,0,0,0,0,0,0,;0.1869;1;1;364000;1.00;
3YVLYSYEBF5NUSY0E746VZKOKNG0QY.png;0.2171,0.0846,0.0000,0.0000,0.0000,0.0000,0.0000,0.0000,0.0000,0.0000,0.0000,0.0000,;1,0,1,0,0,0,0,0,0,0,0,;0.1509;1;1;364000;1.00;
3Z1VWDJDMCSL9FEEWY1JWQIRHY8F8V.png;0.3933,0.1821,0.0376,0.0000,0.0000,0.0000,0.0000,0.0000,0.0000,0.0000,0.0000,0.0000,;1,1,0,1,0,0,0,0,0,0,0,;0.2043;1;1;364000;1.00;
3Z1VWDJDMCXXDMC10K62ECWQF20F8X.png;0.1005,0.1190,0.0009,0.1034,0.0000,0.0000,0.0000,0.0072,0.0000,0.0000,0.0000,0.0000,;2,1,0,0,0,0,0,0,0,0,0,;0.0662;3;3;1092000;3.00;
3Z1VWDJDNDED63DNWYEYK1BZJ9X8FQ.png;0.0461,0.0000,0.0000,0.0000,0.0000,0.0000,0.0000,0.0000,0.0000,0.0000,0.0000,0.0000,;1,0,0,0,0,0,0,0,0,0,0,;0.0461;1;1;364000;1.00;
3ZAK6NWIZ37QLEUJSP86OBIVCQQ9VS.png;0.0588,0.0784,0.0725,0.0000,0.0000,0.0984,0.0000,0.0000,0.0000,0.0000,0.0000,0.0000,;4,0,0,0,0,0,0,0,0,0,0,;0.0770;2;2;728000;2.00;
3ZFB7PFNY1ZJD1XM4GHBRRAA6FG931.png;0.1573,0.0000,0.0000,0.0000,0.0000,0.0294,0.0000,0.0221,0.0000,0.0000,0.0000,0.0000,;2,1,0,0,0,0,0,0,0,0,0,;0.0696;1;1;364000;1.00;
3ZFB7PFNY1ZJD1XM4GHBRRAA6GF932.png;0.1462,0.0351,0.3680,0.0000,0.0000,0.0550,0.0000,0.0000,0.0000,0.0000,0.0000,0.0000,;2,1,0,1,0,0,0,0,0,0,0,;0.1511;1;1;364000;1.00;
3ZNMTDKQXPRIYI9V3LJLED84I1Z2VB.png;0.2165,0.2101,0.2352,0.2375,0.0000,0.1952,0.0000,0.1575,0.0000,0.0000,0.0000,0.0000,;0,2,4,0,0,0,0,0,0,0,0,;0.2087;4;4;1456000;4.00;
3ZSDUF3VXOXZ44ZW3SE86JT3CR623Z.png;0.1147,0.0260,0.0344,0.0000,0.0000,0.0000,0.0000,0.0425,0.0000,0.0000,0.0000,0.0000,;3,1,0,0,0,0,0,0,0,0,0,;0.0544;1;1;364000;1.00;
3ZXEP6UEFFQUF1V5KFZ2RFEFLM08OQ.png;0.0128,0.0538,0.1162,0.0604,0.0000,0.0705,0.0000,0.0358,0.0019,0.0000,0.0000,0.0026,;5,1,0,0,0,0,0,0,0,0,0,;0.0443;4;4;1456000;4.00;
